Section:9
	Ｆｌａｇ：：００００
	「多くの企業が中高年の活用を始めており、採用の難易度も改善されてきています。資格はあるのに雇ってくれる会社がない状況だった施工管理技士など、現場に欠かせない人材を順調に採用できるようになった企業も増えてきました」
	こうした流れが循環していけば、「金はいいから休みが欲しい」という現場の声にも応えていけるようになる。
	「飲食店でパート・アルバイトのシフトを回すように、大人数を抱えて適正な業務量で現場を動かしていくことが可能になれば離職防止にもなります」
	ここ数年来、賃金上昇によって人材募集を続けてきた状況は早期に落ち着くのではないか、と香月氏は予測している。
	「円安による資材高騰も影響もあるので一概には言えませんが、建築費高騰の主要因である人件費については高止まりの気配が見えてきていますね」
	かつての高待遇による一様な採用戦略ではなく、時限的に活用できる中高年の採用で光が見えてきた建設業界の人材難。
	建築費高騰が抑制され、新規物件の着工が検討しやすくなるようになる潮目の時期は意外と近いのかもしれない。
	新築を検討している場合、増税前（建築費は高騰）に動く方が賢いのか、増税後（建築費は抑制）の方が賢いのか．．．．．．しっかり検証し、投資戦略を立てる必要がありそうだ。
Score:0.000588406998958
EACH_TAG_SCORE:
	image:4.71885148568e-05
	table:0.000166704262818
	graph:0.000133649117062
	flow:0.000240865104222
PARA:
Clueword:
	着工:[0.0000,0.0000,0.0000,0.0000]
	欲しい:[0.0002,0.0000,0.0000,0.0000]
	必要だ:[0.0027,0.0051,0.0008,0.0016]
	現場:[0.0000,0.0006,0.0000,0.0000]
	落ち着く:[0.0006,0.0006,0.0000,0.0000]
	検討:[0.0000,0.0000,0.0000,0.0000]
	賃金:[0.0000,0.0000,0.0000,0.0000]
	高騰:[0.0000,0.0000,0.0000,0.0000]
	的だ:[0.0000,0.0022,0.0000,0.0000]
	多く:[0.0000,0.0044,0.0049,0.0000]
	続ける:[0.0000,0.0000,0.0000,0.0000]
	要因:[0.0000,0.0000,0.0000,0.0000]
	状況:[0.0000,0.0002,0.0000,0.0000]
	資格:[0.0000,0.0000,0.0000,0.0000]
	企業:[0.0007,0.0002,0.0000,0.0000]
	増える:[0.0000,0.0003,0.0000,0.0000]
	可能だ:[0.0011,0.0015,0.0014,0.0000]
	業務:[0.0000,0.0018,0.0000,0.0000]
	始める:[0.0004,0.0008,0.0000,0.0000]
	影響:[0.0007,0.0007,0.0000,0.0000]
	止まる:[0.0005,0.0002,0.0000,0.0000]
	動かす:[0.0000,0.0000,0.0000,0.0000]
	物件:[0.0000,0.0000,0.0000,0.0000]
	抱える:[0.0000,0.0000,0.0000,0.0000]
	活用:[0.0000,0.0004,0.0000,0.0000]
	回す:[0.0000,0.0000,0.0000,0.0000]
	業界:[0.0002,0.0002,0.0000,0.0000]
	意外だ:[0.0000,0.0000,0.0000,0.0000]
	人件:[0.0000,0.0000,0.0000,0.0000]
	時期:[0.0015,0.0000,0.0337,0.0000]
	流れる:[0.0002,0.0002,0.0000,0.1286]
	来る:[0.0000,0.0000,0.0000,0.0000]
	休む:[0.0001,0.0001,0.0006,0.0000]
	動く:[0.0010,0.0009,0.0013,0.0000]
	近い:[0.0004,0.0003,0.0000,0.0000]
	防止:[0.0000,0.0000,0.0000,0.0000]
	管理:[0.0000,0.0002,0.0000,0.0000]
	建設:[0.0002,0.0000,0.0000,0.0000]
	採用:[0.0000,0.0000,0.0000,0.0000]
	場合:[0.0084,0.0623,0.0065,0.0017]
	上昇:[0.0003,0.0027,0.0215,0.0000]
	立てる:[0.0000,0.0002,0.0009,0.0000]
	建築:[0.0000,0.0000,0.0000,0.0000]
	投資:[0.0022,0.0002,0.0008,0.0000]
	適正だ:[0.0000,0.0000,0.0000,0.0000]
	見える:[0.0034,0.0019,0.0000,0.0000]
	予測:[0.0000,0.0000,0.0000,0.0000]
	難易:[0.0000,0.0000,0.0000,0.0000]
	言える:[0.0005,0.0002,0.0007,0.0000]
	中高年:[0.0004,0.0004,0.0000,0.0000]
	改善:[0.0002,0.0017,0.0000,0.0000]
	会社:[0.0000,0.0009,0.0000,0.0000]
	新規だ:[0.0000,0.0000,0.0000,0.0000]
False-Positive

Section:7
	Ｆｌａｇ：：００００
	若年層ではなく中高年層が働き手として求められている
	人材難の大きな要因は、これまで現場の中心であった２０〜３０代の若年層が建設業界の仕事に足を踏み入れることをためらっているからだという。
	「現状の忙しさは皆分かっているし、その要因がオリンピックに向けた大きな流れの中であることも分かっているので、“待遇が安定しているのは今だけ”と考える人が多いようです。確かに資格取得や技能経験を積んでも、５年後に仕事がなくなる可能性があるようでは躊躇してしまいますよね」
	そのため、香月さんが担当するクライアントの中では４０代〜５０代をターゲットに採用活動の方針転換を進めている企業も多いという。
	「２０２０年以降も安定した受注が見込める理由をアピールして、定年まで働きたいと考える中高年を狙っている求人が増えています。また大手ゼネコンでは定年した従業員を再雇用する動きも進んでいます。自社の業務への理解が深く、年齢的に働ける期間は需要がピークとなる向こう数年間だけ。企業と働く人双方にとってメリットがあるやり方だと思いますね」
	新規着工を検討できる潮目の時期は近い？
Score:0.000514573980153
EACH_TAG_SCORE:
	image:4.18911340663e-05
	table:5.41376866107e-05
	graph:0.000140803854921
	flow:0.000277741304555
PARA:
Clueword:
	狙う:[0.0000,0.0000,0.0000,0.0000]
	忙しい:[0.0000,0.0002,0.0000,0.0000]
	以降:[0.0001,0.0002,0.0000,0.0000]
	積む:[0.0003,0.0000,0.0000,0.0000]
	活動:[0.0000,0.0000,0.0000,0.0000]
	流れる:[0.0002,0.0002,0.0000,0.1286]
	新規だ:[0.0000,0.0000,0.0000,0.0000]
	年間:[0.0000,0.0000,0.0000,0.0000]
	多い:[0.0037,0.0038,0.0190,0.0000]
	近い:[0.0004,0.0003,0.0000,0.0000]
	採用:[0.0000,0.0000,0.0000,0.0000]
	方針:[0.0000,0.0000,0.0000,0.0000]
	年齢:[0.0000,0.0003,0.0000,0.0000]
	ターゲット:[0.0008,0.0002,0.0000,0.0000]
	建設:[0.0002,0.0000,0.0000,0.0000]
	業界:[0.0002,0.0002,0.0000,0.0000]
	現場:[0.0000,0.0006,0.0000,0.0000]
	進める:[0.0000,0.0000,0.0000,0.0000]
	着工:[0.0000,0.0000,0.0000,0.0000]
	検討:[0.0000,0.0000,0.0000,0.0000]
	時期:[0.0015,0.0000,0.0337,0.0000]
	担当:[0.0000,0.0009,0.0000,0.0000]
	的だ:[0.0000,0.0022,0.0000,0.0000]
	働く:[0.0007,0.0002,0.0000,0.0000]
	理由:[0.0007,0.0007,0.0000,0.0000]
	動く:[0.0010,0.0009,0.0013,0.0000]
	技能:[0.0000,0.0000,0.0000,0.0000]
	大きな:[0.0035,0.0014,0.0010,0.0000]
	メリット:[0.0006,0.0077,0.0000,0.0000]
	中心:[0.0003,0.0003,0.0000,0.0000]
	確かだ:[0.0000,0.0000,0.0000,0.0000]
	向ける:[0.0000,0.0000,0.0000,0.0000]
	従業:[0.0000,0.0000,0.0000,0.0000]
	取得:[0.0007,0.0000,0.0000,0.0000]
	求める:[0.0000,0.0000,0.0000,0.0000]
	期間:[0.0000,0.0002,0.0074,0.0000]
	要因:[0.0000,0.0000,0.0000,0.0000]
	資格:[0.0000,0.0000,0.0000,0.0000]
	分かつ:[0.0000,0.0001,0.0000,0.0000]
	増える:[0.0000,0.0003,0.0000,0.0000]
	可能だ:[0.0011,0.0015,0.0014,0.0000]
	進む:[0.0002,0.0000,0.0009,0.0019]
	企業:[0.0007,0.0002,0.0000,0.0000]
	仕事:[0.0008,0.0005,0.0010,0.0000]
	安定:[0.0000,0.0000,0.0000,0.0000]
	需要:[0.0000,0.0000,0.0000,0.0000]
	考える:[0.0006,0.0010,0.0019,0.0000]
	現状:[0.0000,0.0000,0.0000,0.0000]
	深い:[0.0000,0.0000,0.0000,0.0000]
	業務:[0.0000,0.0018,0.0000,0.0000]
	アピール:[0.0000,0.0000,0.0000,0.0000]
	大手:[0.0003,0.0000,0.0000,0.0000]
	中高年:[0.0004,0.0004,0.0000,0.0000]
	理解:[0.0005,0.0002,0.0000,0.0000]
	思う:[0.0005,0.0001,0.0010,0.0000]
	経験:[0.0006,0.0000,0.0000,0.0049]
False-Positive

Section:8
	Ｆｌａｇ：：００１０
	香月さんの所属する会社では、建設業界全体の繁忙は２０１８年には一段落するのではないかと予測している。
	２０２０年に向けた工事需要が落ち着く時期として、業界関係者も同じような予測を立てているという。
	だからこそ、時限的に優秀な人材を確保する工夫が欠かせないのだ。
Score:0.000366110839216
EACH_TAG_SCORE:
	image:5.2556723987e-05
	table:5.17195650106e-05
	graph:0.000249294975479
	flow:1.25395747394e-05
PARA:
Clueword:
	需要:[0.0000,0.0000,0.0000,0.0000]
	向ける:[0.0000,0.0000,0.0000,0.0000]
	同じだ:[0.0035,0.0013,0.0000,0.0017]
	所属:[0.0000,0.0000,0.0000,0.0000]
	立てる:[0.0000,0.0002,0.0009,0.0000]
	関係:[0.0000,0.0008,0.0000,0.0000]
	予測:[0.0000,0.0000,0.0000,0.0000]
	建設:[0.0002,0.0000,0.0000,0.0000]
	工夫:[0.0007,0.0007,0.0000,0.0000]
	業界:[0.0002,0.0002,0.0000,0.0000]
	落ち着く:[0.0006,0.0006,0.0000,0.0000]
	優秀だ:[0.0000,0.0000,0.0000,0.0000]
	時期:[0.0015,0.0000,0.0337,0.0000]
	段落:[0.0000,0.0000,0.0000,0.0000]
	工事:[0.0000,0.0000,0.0000,0.0000]
	的だ:[0.0000,0.0022,0.0000,0.0000]
	確保:[0.0000,0.0000,0.0000,0.0000]
	会社:[0.0000,0.0009,0.0000,0.0000]
	全体:[0.0007,0.0002,0.0000,0.0000]
True-Positive

Section:4
	Ｆｌａｇ：：１０００
	「オリンピックに向けた工事は、通常１０年かかるような工程を５年で仕上げようとしています。ほかにも、バブル期に建設されたビルが一斉に大規模修繕の時期を迎えていることもあり、業界では仕事を抱えきれなくなっている現状がありますね」
	それでも人がいなければ動けないのが建設業界の現場。
	賃金引き上げによって待遇改善を図ってきたが、もはや人材は金では動かなくなってきているという。
Score:0.000362213309987
EACH_TAG_SCORE:
	image:2.10687212501e-05
	table:2.54380547658e-05
	graph:0.000184937480398
	flow:0.000130769053573
PARA:
Clueword:
	迎える:[0.0000,0.0008,0.0000,0.0000]
	抱える:[0.0000,0.0000,0.0000,0.0000]
	引き上げる:[0.0000,0.0000,0.0000,0.0000]
	工程:[0.0000,0.0000,0.0000,0.0254]
	建設:[0.0002,0.0000,0.0000,0.0000]
	仕事:[0.0008,0.0005,0.0010,0.0000]
	業界:[0.0002,0.0002,0.0000,0.0000]
	現場:[0.0000,0.0006,0.0000,0.0000]
	規模:[0.0000,0.0000,0.0000,0.0000]
	現状:[0.0000,0.0000,0.0000,0.0000]
	賃金:[0.0000,0.0000,0.0000,0.0000]
	時期:[0.0015,0.0000,0.0337,0.0000]
	工事:[0.0000,0.0000,0.0000,0.0000]
	仕上げる:[0.0000,0.0000,0.0000,0.0000]
	改善:[0.0002,0.0017,0.0000,0.0000]
	向ける:[0.0000,0.0000,0.0000,0.0000]
	通常:[0.0003,0.0003,0.0000,0.0000]
	動く:[0.0010,0.0009,0.0013,0.0000]
True-Positive

Section:3
	Ｆｌａｇ：：００００
	もはや金では動かない人材．．．．．．建設業界の悲鳴
	「建設業界のクライアントからは、人材不足によってここ２、３年ずっと悲鳴に近い声が聞こえてきています。特に採用難易度の高い施工管理技師などの有資格者は、給料を上げてもなかなか集まりません」
	そう話すのは、大手人材サービス会社で都内の建設業関連企業を中心に担当する営業マンの香月友和さん（仮名）。
	公共工事を直請けする大手・中堅のゼネコンから、下請けで専門工事を行う地場の会社まで４０社程度のクライアントを抱え、求人媒体を利用した採用活動の提案を行っている。
Score:0.000263123306718
EACH_TAG_SCORE:
	image:3.79272371823e-05
	table:6.17397257979e-05
	graph:0.000138938203688
	flow:2.45181400496e-05
PARA:
Clueword:
	専門:[0.0013,0.0014,0.0000,0.0000]
	活動:[0.0000,0.0000,0.0000,0.0000]
	給料:[0.0000,0.0000,0.0000,0.0000]
	公共:[0.0000,0.0000,0.0000,0.0000]
	提案:[0.0000,0.0002,0.0000,0.0000]
	中堅:[0.0000,0.0000,0.0000,0.0000]
	建設:[0.0002,0.0000,0.0000,0.0000]
	特に:[0.0000,0.0006,0.0000,0.0000]
	関連:[0.0000,0.0001,0.0000,0.0000]
	話す:[0.0000,0.0002,0.0006,0.0000]
	集まる:[0.0000,0.0029,0.0000,0.0000]
	不足:[0.0001,0.0001,0.0006,0.0000]
	担当:[0.0000,0.0009,0.0000,0.0000]
	工事:[0.0000,0.0000,0.0000,0.0000]
	利用:[0.0008,0.0017,0.0000,0.0000]
	動く:[0.0010,0.0009,0.0013,0.0000]
	中心:[0.0003,0.0003,0.0000,0.0000]
	採用:[0.0000,0.0000,0.0000,0.0000]
	抱える:[0.0000,0.0000,0.0000,0.0000]
	行う:[0.0008,0.0010,0.0007,0.0016]
	資格:[0.0000,0.0000,0.0000,0.0000]
	企業:[0.0007,0.0002,0.0000,0.0000]
	会社:[0.0000,0.0009,0.0000,0.0000]
	業界:[0.0002,0.0002,0.0000,0.0000]
	近い:[0.0004,0.0003,0.0000,0.0000]
	程度:[0.0006,0.0013,0.0008,0.0000]
	上げる:[0.0002,0.0000,0.0000,0.0000]
	営業:[0.0000,0.0006,0.0000,0.0000]
	高い:[0.0015,0.0015,0.0325,0.0000]
	サービス:[0.0017,0.0009,0.0000,0.0048]
	管理:[0.0000,0.0002,0.0000,0.0000]
	行く:[0.0000,0.0000,0.0000,0.0000]
	難易:[0.0000,0.0000,0.0000,0.0000]
	大手:[0.0003,0.0000,0.0000,0.0000]
False-Positive

Section:5
	Ｆｌａｇ：：００００
	「何しろ稼働させなければならない現場が山積みですからね。あまりの忙しさからか、私がインタビューする現場の方々は一様に“金よりも休みがほしい”と話しています」
	特に公共工事は申請書類の事務処理にかかる時間も膨大で、現場を統括する施工管理技士が現場に出られず、事務所に縛り付けられるような事態も発生しているそうだ。
	こうした状況から、建設業の申請業務代行を専門に行う業者も登場し、業績を伸ばしているという。
Score:0.000234972327464
EACH_TAG_SCORE:
	image:2.81379371755e-05
	table:4.51528427009e-05
	graph:7.24567291019e-05
	flow:8.92248184855e-05
PARA:
Clueword:
	業者:[0.0000,0.0000,0.0000,0.0000]
	専門:[0.0013,0.0014,0.0000,0.0000]
	申請:[0.0000,0.0000,0.0000,0.0000]
	忙しい:[0.0000,0.0002,0.0000,0.0000]
	業績:[0.0000,0.0000,0.0000,0.0000]
	膨大だ:[0.0000,0.0000,0.0000,0.0000]
	特に:[0.0000,0.0006,0.0000,0.0000]
	付ける:[0.0014,0.0002,0.0008,0.0000]
	話す:[0.0000,0.0002,0.0006,0.0000]
	公共:[0.0000,0.0000,0.0000,0.0000]
	現場:[0.0000,0.0006,0.0000,0.0000]
	休む:[0.0001,0.0001,0.0006,0.0000]
	建設:[0.0002,0.0000,0.0000,0.0000]
	登場:[0.0000,0.0000,0.0000,0.0000]
	行う:[0.0008,0.0010,0.0007,0.0016]
	管理:[0.0000,0.0002,0.0000,0.0000]
	状況:[0.0000,0.0002,0.0000,0.0000]
	書類:[0.0000,0.0000,0.0000,0.0000]
	伸ばす:[0.0000,0.0000,0.0000,0.0000]
	時間:[0.0000,0.0007,0.0037,0.0000]
	業務:[0.0000,0.0018,0.0000,0.0000]
	工事:[0.0000,0.0000,0.0000,0.0000]
	出る:[0.0011,0.0012,0.0015,0.0000]
	発生:[0.0010,0.0011,0.0074,0.0021]
	処理:[0.0000,0.0002,0.0000,0.0151]
False-Positive

Section:2
	Ｆｌａｇ：：００１０
	建築費の高騰が続いている。
	２０１１年以降、東日本大震災後の復興関連工事需要、安倍政権の国土強靭化計画による公共工事の増加によって建設業界の人件費が上がり続けてきたことが大きな要因だと言われている。
	さらに２０２０年の東京オリンピックに向け、競技会場の建設や道路改修（東名高速道のリニューアル工事など）、電線地中化工事などのインフラ整備が急ピッチで進められ、建築費の高止まりの気配は見えない。
	国土交通省の統計による新築住宅一戸あたりの工事費予定額を見ると、平成２６年計で全国平均１５３９万円（東京都平均は１５１０万円）だったものが、平成２７年５月には全国平均１６１２万円（東京都平均は１８８０万円）に上昇している。
	（出典：国土交通省「住宅着工統計」）
	一方で厚生労働省の統計による建設業の賃金年額平均は、平成２５年度の３１７万円から２６年度は３１９万７０００円に上昇している。
	（出典：厚生労働省「賃金構造基本統計調査」）
	新規の物件着工に不利な今の状況はどこまで続くのだろうか。
	その大きな要因となっている、建設業界の人材難について考えてみたい。
Score:0.000166331588229
EACH_TAG_SCORE:
	image:4.98374847034e-05
	table:5.47654076571e-05
	graph:6.14461126302e-05
	flow:2.82583238571e-07
PARA:
Clueword:
	止まる:[0.0005,0.0002,0.0000,0.0000]
	続く:[0.0007,0.0015,0.0038,0.0000]
	調査:[0.0003,0.0003,0.0000,0.0000]
	進める:[0.0000,0.0000,0.0000,0.0000]
	物件:[0.0000,0.0000,0.0000,0.0000]
	出典:[0.0000,0.0000,0.0000,0.0000]
	予定:[0.0005,0.0002,0.0000,0.0000]
	統計:[0.0000,0.0000,0.0000,0.0000]
	賃金:[0.0000,0.0000,0.0000,0.0000]
	以降:[0.0001,0.0002,0.0000,0.0000]
	計画:[0.0006,0.0000,0.0000,0.0001]
	着工:[0.0000,0.0000,0.0000,0.0000]
	公共:[0.0000,0.0000,0.0000,0.0000]
	年度:[0.0000,0.0000,0.0000,0.0000]
	基本:[0.0030,0.0037,0.0000,0.0000]
	日本:[0.0008,0.0007,0.0000,0.0000]
	言う:[0.0011,0.0013,0.0000,0.0000]
	関連:[0.0000,0.0001,0.0000,0.0000]
	業界:[0.0002,0.0002,0.0000,0.0000]
	安倍:[0.0000,0.0000,0.0000,0.0000]
	人件:[0.0000,0.0000,0.0000,0.0000]
	見る:[0.0022,0.0015,0.0014,0.0000]
	建設:[0.0002,0.0000,0.0000,0.0000]
	上がる:[0.0007,0.0003,0.0000,0.0000]
	大きな:[0.0035,0.0014,0.0010,0.0000]
	需要:[0.0000,0.0000,0.0000,0.0000]
	構造:[0.0048,0.0003,0.0000,0.0000]
	不利だ:[0.0000,0.0000,0.0000,0.0000]
	平成:[0.0000,0.0000,0.0000,0.0000]
	続ける:[0.0000,0.0000,0.0000,0.0000]
	上昇:[0.0003,0.0027,0.0215,0.0000]
	要因:[0.0000,0.0000,0.0000,0.0000]
	建築:[0.0000,0.0000,0.0000,0.0000]
	増加:[0.0000,0.0000,0.0000,0.0000]
	国土:[0.0000,0.0000,0.0000,0.0000]
	全国:[0.0000,0.0000,0.0000,0.0000]
	状況:[0.0000,0.0002,0.0000,0.0000]
	見える:[0.0034,0.0019,0.0000,0.0000]
	高騰:[0.0000,0.0000,0.0000,0.0000]
	一方:[0.0003,0.0082,0.0000,0.0000]
	東京:[0.0002,0.0000,0.0000,0.0000]
	考える:[0.0006,0.0010,0.0019,0.0000]
	向ける:[0.0000,0.0000,0.0000,0.0000]
	労働:[0.0000,0.0002,0.0000,0.0000]
	道路:[0.0000,0.0000,0.0000,0.0000]
	平均:[0.0000,0.0004,0.0000,0.0000]
	工事:[0.0000,0.0000,0.0000,0.0000]
	厚生:[0.0000,0.0000,0.0000,0.0000]
	交通:[0.0000,0.0000,0.0000,0.0000]
	住宅:[0.0000,0.0000,0.0000,0.0000]
	新規だ:[0.0000,0.0000,0.0000,0.0000]
True-Positive

Section:1
	Ｆｌａｇ：：００００
	高騰が続くのはいつまで？新築物件が建築しやすくなるのは、ズバリ◯年後！
CUTOFF SECTION:Too Short

Section:6
	Ｆｌａｇ：：００１０
	「担当するクライアントの社長からは、忙しいのに利益率が下がっているという愚痴も聞きます。現場工事から申請業務まで、外注をフル活用しながら分業体制を作っていくしか道はないのですが、専門領域に特化した会社が多数間に入るため、外注費用も上がる一方だそうです」
CUTOFF SECTION:Too Short

True-Negative:0
False-Positive:4
Too Short:2
True-Positive:3
False-Negative:0
precision = 0.428571
recall = 1.000000
fvalue = 0.600000