Section:2
	Ｆｌａｇ：：００１０
	１月３１日に発表された２０１６年４〜１２月期決算は、売上高が前年同期比２６％減の３１１１億円、営業利益は同３８％減の２６３億円と減収減益だった。
	昨年に発売した『ポケットモンスターサン・ムーン』が牽引して携帯ゲーム機関連は伸びたが、据え置き型ゲーム機「ＷｉｉＵ」の販売減少が響いた。
	また、好採算のゲームソフトのダウンロード販売比率の低下や期末にかけ広告費を積み増すことを加味し、通期の営業益予想を３００億円から２００億円へ下方修正した。
Score:0.000209633626288
EACH_TAG_SCORE:
	image:2.79107507333e-05
	table:1.398470236e-05
	graph:0.000162186928418
	flow:5.55124477664e-06
PARA:
Clueword:
	昨年:[0.0000,0.0000,0.0000,0.0000]
	携帯:[0.0005,0.0005,0.0000,0.0013]
	低下:[0.0003,0.0008,0.0106,0.0000]
	積む:[0.0003,0.0000,0.0000,0.0000]
	減収:[0.0000,0.0000,0.0000,0.0000]
	採算:[0.0000,0.0000,0.0000,0.0000]
	同期:[0.0000,0.0000,0.0000,0.0000]
	販売:[0.0002,0.0000,0.0000,0.0000]
	減益:[0.0000,0.0000,0.0000,0.0000]
	ゲーム:[0.0000,0.0000,0.0000,0.0000]
	増す:[0.0008,0.0008,0.0000,0.0000]
	予想:[0.0002,0.0000,0.0000,0.0000]
	決算:[0.0000,0.0000,0.0000,0.0000]
	広告:[0.0000,0.0003,0.0000,0.0000]
	減少:[0.0000,0.0000,0.0000,0.0000]
	発表:[0.0000,0.0000,0.0000,0.0000]
	加味:[0.0000,0.0000,0.0000,0.0000]
	ソフト:[0.0004,0.0001,0.0000,0.0000]
	修正:[0.0000,0.0000,0.0000,0.0000]
	通だ:[0.0000,0.0000,0.0000,0.0000]
	期末:[0.0000,0.0000,0.0000,0.0000]
	営業:[0.0000,0.0006,0.0000,0.0000]
	前年:[0.0000,0.0000,0.0000,0.0000]
	伸びる:[0.0001,0.0001,0.0000,0.0000]
	下方:[0.0038,0.0000,0.0000,0.0000]
	売上高:[0.0000,0.0000,0.0148,0.0000]
	ダウンロード:[0.0000,0.0000,0.0000,0.0000]
	利益:[0.0000,0.0000,0.0007,0.0000]
	比率:[0.0000,0.0000,0.0111,0.0000]
	機関:[0.0000,0.0000,0.0000,0.0000]
True-Positive

Section:5
	Ｆｌａｇ：：００００
	スマホ向けタイトルでどう稼ぐ？
	君島達己社長は２月１日に開いた経営方針説明会で、マリオランに言及。
	それまで任天堂のゲームを販売していなかった地域でもプレーされていることに触れ、「全世界の幅広い皆様にお届けすることができた」とＩＰの広がりを強調した。
	収益面はどうか。
	スマホゲームの主流は、基本プレーを無料にしてアイテム課金で収益を稼ぐモデルだ。
	一方、マリオランは一部無料で１２００円を支払えば全編遊べる「買い切り方式」を採用し、注目されていた。
Score:0.000173065916105
EACH_TAG_SCORE:
	image:4.3272784367e-05
	table:6.19962348971e-05
	graph:3.40711629279e-05
	flow:3.37257339127e-05
PARA:
Clueword:
	スマホ:[0.0001,0.0000,0.0000,0.0000]
	説明:[0.0004,0.0004,0.0000,0.0000]
	買う:[0.0000,0.0000,0.0000,0.0000]
	収益:[0.0000,0.0001,0.0079,0.0000]
	タイトル:[0.0001,0.0000,0.0000,0.0000]
	触れる:[0.0000,0.0000,0.0000,0.0000]
	方針:[0.0000,0.0000,0.0000,0.0000]
	基本:[0.0030,0.0037,0.0000,0.0000]
	プレー:[0.0000,0.0000,0.0000,0.0000]
	課金:[0.0000,0.0000,0.0000,0.0000]
	広がる:[0.0000,0.0000,0.0000,0.0000]
	世界:[0.0002,0.0000,0.0000,0.0000]
	販売:[0.0002,0.0000,0.0000,0.0000]
	地域:[0.0000,0.0000,0.0000,0.0000]
	社長:[0.0000,0.0000,0.0000,0.0000]
	経営:[0.0000,0.0001,0.0000,0.0000]
	注目:[0.0000,0.0006,0.0000,0.0000]
	強調:[0.0000,0.0000,0.0000,0.0000]
	ゲーム:[0.0000,0.0000,0.0000,0.0000]
	届ける:[0.0000,0.0000,0.0000,0.0000]
	稼ぐ:[0.0000,0.0000,0.0000,0.0000]
	幅広い:[0.0038,0.0002,0.0000,0.0000]
	マリオ:[0.0000,0.0000,0.0000,0.0000]
	一部:[0.0000,0.0006,0.0000,0.0000]
	採用:[0.0000,0.0000,0.0000,0.0000]
	ラン:[0.0000,0.0000,0.0000,0.0000]
	開く:[0.0009,0.0000,0.0000,0.0079]
	言及:[0.0000,0.0000,0.0000,0.0000]
	主流:[0.0000,0.0000,0.0000,0.0000]
	任天堂:[0.0000,0.0000,0.0000,0.0000]
	無料:[0.0010,0.0003,0.0000,0.0000]
	一方:[0.0003,0.0082,0.0000,0.0000]
	支払う:[0.0000,0.0000,0.0000,0.0000]
	切る:[0.0002,0.0002,0.0000,0.0000]
	アイテム:[0.0000,0.0000,0.0000,0.0000]
False-Positive

Section:7
	Ｆｌａｇ：：００００
	今後配信するタイトルはアイテム課金のモデルを採用しており、ファイアーエムブレムは一般的に「ガチャシステム」と呼ばれる、ランダム型アイテム供給方式を導入した。
	発表済みのタイトル以外にも年間２〜３本ペースでの配信を予定しており、どれだけ収益を拡大できるか注目だ。
	■ついに社運を懸けたスイッチが登場！
	そして３月３日には、新型ゲーム機「ＮｉｎｔｅｎｄｏＳｗｉｔｃｈ」（スイッチ）を発売する。
	スイッチは液晶画面のついた本体と左右に分割されたコントローラーで構成される。
	コントローラーには各種センサーが内蔵され、さまざまな操作に対応。
	微細な振動で手で触った感触を再現する機能も採用した。
	テレビに接続したり、携帯機としてプレーしたりすることも可能だ。
	希望小売価格は２万９９８０円。
	ゲーム機単体でも利益を出せる。
	任天堂の戦略の根幹は、ゲーム機とともにソフトも自社で積極的に展開し、収益を拡大することだ。
	そのため、ゲーム機のヒット次第でその後の業績が大きく左右される。
Score:0.000162364683401
EACH_TAG_SCORE:
	image:6.31895568679e-05
	table:3.56347161023e-05
	graph:4.11722154969e-05
	flow:2.23681949337e-05
PARA:
Clueword:
	呼ぶ:[0.0019,0.0011,0.0000,0.0023]
	予定:[0.0005,0.0002,0.0000,0.0000]
	ヒット:[0.0000,0.0000,0.0000,0.0000]
	出せる:[0.0005,0.0000,0.0000,0.0000]
	振動:[0.0000,0.0000,0.0000,0.0000]
	収益:[0.0000,0.0001,0.0079,0.0000]
	利益:[0.0000,0.0000,0.0007,0.0000]
	タイトル:[0.0001,0.0000,0.0000,0.0000]
	一般:[0.0007,0.0015,0.0000,0.0040]
	構成:[0.0048,0.0008,0.0000,0.0000]
	展開:[0.0001,0.0000,0.0000,0.0000]
	業績:[0.0000,0.0000,0.0000,0.0000]
	希望:[0.0000,0.0000,0.0000,0.0000]
	課金:[0.0000,0.0000,0.0000,0.0000]
	拡大:[0.0000,0.0000,0.0000,0.0000]
	任天堂:[0.0000,0.0000,0.0000,0.0000]
	接続:[0.0001,0.0001,0.0000,0.0006]
	プレー:[0.0000,0.0000,0.0000,0.0000]
	注目:[0.0000,0.0006,0.0000,0.0000]
	携帯:[0.0005,0.0005,0.0000,0.0013]
	単体:[0.0000,0.0000,0.0000,0.0000]
	ゲーム:[0.0000,0.0000,0.0000,0.0000]
	操作:[0.0002,0.0002,0.0000,0.0000]
	ソフト:[0.0004,0.0001,0.0000,0.0000]
	ペース:[0.0000,0.0000,0.0000,0.0000]
	左右する:[0.0000,0.0000,0.0000,0.0000]
	発表:[0.0000,0.0000,0.0000,0.0000]
	登場:[0.0000,0.0000,0.0000,0.0000]
	採用:[0.0000,0.0000,0.0000,0.0000]
	画面:[0.0131,0.0019,0.0000,0.0000]
	システム:[0.0000,0.0006,0.0000,0.0000]
	次第:[0.0000,0.0000,0.0000,0.0000]
	新型:[0.0000,0.0004,0.0000,0.0000]
	済む:[0.0000,0.0001,0.0000,0.0000]
	機能:[0.0002,0.0006,0.0000,0.0000]
	再現:[0.0000,0.0000,0.0000,0.0000]
	対応:[0.0000,0.0001,0.0000,0.0000]
	大きい:[0.0021,0.0024,0.0080,0.0000]
	価格:[0.0005,0.0000,0.0000,0.0000]
	供給:[0.0000,0.0000,0.0000,0.0000]
	左右:[0.0000,0.0000,0.0000,0.0000]
	テレビ:[0.0000,0.0000,0.0000,0.0000]
	年間:[0.0000,0.0000,0.0000,0.0000]
	積極:[0.0000,0.0000,0.0000,0.0000]
	本体:[0.0005,0.0002,0.0000,0.0000]
	可能だ:[0.0011,0.0015,0.0014,0.0000]
	今後:[0.0005,0.0006,0.0000,0.0016]
	液晶:[0.0000,0.0000,0.0000,0.0000]
	アイテム:[0.0000,0.0000,0.0000,0.0000]
	分割:[0.0000,0.0000,0.0000,0.0000]
	的だ:[0.0000,0.0022,0.0000,0.0000]
False-Positive

Section:6
	Ｆｌａｇ：：００１０
	昨年１０〜１２月期のスマートデバイス・ＩＰ関連収入は、マリオランの貢献で前年同期比４．３倍の７２億円に拡大した。
	ただ、全体の売上高に占める割合は４％程度。
	君島社長は「マリオランのダウンロードに占める課金率は１ケタ半ば。１０％台に伸ばしていきたい」と説明した。
Score:0.000141817504054
EACH_TAG_SCORE:
	image:1.48619072468e-05
	table:1.49741552121e-05
	graph:0.000111939315042
	flow:4.21265529286e-08
PARA:
Clueword:
	説明:[0.0004,0.0004,0.0000,0.0000]
	ラン:[0.0000,0.0000,0.0000,0.0000]
	収入:[0.0000,0.0000,0.0000,0.0000]
	昨年:[0.0000,0.0000,0.0000,0.0000]
	課金:[0.0000,0.0000,0.0000,0.0000]
	半ば:[0.0000,0.0000,0.0000,0.0000]
	ケタ:[0.0004,0.0000,0.0000,0.0000]
	同期:[0.0000,0.0000,0.0000,0.0000]
	程度:[0.0006,0.0013,0.0008,0.0000]
	拡大:[0.0000,0.0000,0.0000,0.0000]
	関連:[0.0000,0.0001,0.0000,0.0000]
	貢献:[0.0000,0.0000,0.0000,0.0000]
	売上高:[0.0000,0.0000,0.0148,0.0000]
	前年:[0.0000,0.0000,0.0000,0.0000]
	伸ばす:[0.0000,0.0000,0.0000,0.0000]
	社長:[0.0000,0.0000,0.0000,0.0000]
	割合:[0.0000,0.0000,0.0000,0.0000]
	全体:[0.0007,0.0002,0.0000,0.0000]
	ダウンロード:[0.0000,0.0000,0.0000,0.0000]
	マリオ:[0.0000,0.0000,0.0000,0.0000]
	デバイス:[0.0000,0.0000,0.0000,0.0000]
	占める:[0.0000,0.0000,0.0000,0.0000]
True-Positive

Section:3
	Ｆｌａｇ：：００００
	■スマホは人気タイトルを次々に投入
	ただし、重要なのは足元の業績ではなく今後の動向だ。
	２月から３月末にかけて、任天堂の将来を左右する製品が続々と投入される。
	大きな柱の一つがスマホ向けゲームだ。
	２月２日にシミュレーションＲＰＧ『ファイアーエムブレムヒーローズ』を配信。
	昨年１２月に米アップル製品向けに配信し、７８００万ダウンロードを突破した『スーパーマリオラン』（マリオラン）も３月にアンドロイド端末向けに配信する。
	３月までの発売を予定していた『どうぶつの森』は、前述の２タイトルを配信したことと、その運営対応を優先するため延期となり、２０１７年度中にリリースされる見込みだ。
Score:8.12459847223e-05
EACH_TAG_SCORE:
	image:2.14649689743e-05
	table:1.50973633892e-05
	graph:3.92362436591e-05
	flow:5.44740869967e-06
PARA:
Clueword:
	予定:[0.0005,0.0002,0.0000,0.0000]
	スマホ:[0.0001,0.0000,0.0000,0.0000]
	昨年:[0.0000,0.0000,0.0000,0.0000]
	重要だ:[0.0008,0.0012,0.0015,0.0000]
	投入:[0.0000,0.0000,0.0000,0.0000]
	タイトル:[0.0001,0.0000,0.0000,0.0000]
	動向:[0.0002,0.0007,0.0082,0.0000]
	業績:[0.0000,0.0000,0.0000,0.0000]
	任天堂:[0.0000,0.0000,0.0000,0.0000]
	今後:[0.0005,0.0006,0.0000,0.0016]
	ゲーム:[0.0000,0.0000,0.0000,0.0000]
	製品:[0.0000,0.0000,0.0000,0.0000]
	マリオ:[0.0000,0.0000,0.0000,0.0000]
	左右する:[0.0000,0.0000,0.0000,0.0000]
	スーパー:[0.0000,0.0004,0.0000,0.0000]
	ラン:[0.0000,0.0000,0.0000,0.0000]
	足元:[0.0000,0.0000,0.0000,0.0000]
	対応:[0.0000,0.0001,0.0000,0.0000]
	優先:[0.0000,0.0000,0.0000,0.0000]
	人気:[0.0003,0.0000,0.0010,0.0000]
	年度:[0.0000,0.0000,0.0000,0.0000]
	見込む:[0.0000,0.0000,0.0000,0.0000]
	大きな:[0.0035,0.0014,0.0010,0.0000]
	端末:[0.0004,0.0000,0.0000,0.0000]
	ダウンロード:[0.0000,0.0000,0.0000,0.0000]
	将来:[0.0001,0.0000,0.0000,0.0000]
True-Negative

Section:1
	Ｆｌａｇ：：００００
	業績低迷に苦しむゲーム業界の雄、任天堂が今後の収益を左右する局面に突入している。
	【写真】１台で３種類の遊び方ができるスイッチ
CUTOFF SECTION:Too Short

Section:4
	Ｆｌａｇ：：１０００
	任天堂はスマホ事業について、「ＩＰ（タイトルやキャラクターなどの知的財産）に触れる人口の最大化」「事業単体の収益化」「ゲーム専用機事業との相乗効果」という、三つの方針を掲げている。
CUTOFF SECTION:Too Short

True-Negative:1
False-Positive:2
Too Short:2
True-Positive:2
False-Negative:0
precision = 0.500000
recall = 1.000000
fvalue = 0.666667