Section:1
	Ｆｌａｇ：：００００
	田んぼ・畑を売却したい！
	一般的に不動産の売買は不動産の引渡しと登記によって完了しますが、農地の場合は購入や売却に際して農業委員会や都道府県知事の許可が必要です。
	売主が農地の購入や売却申請手続きを行い、農業委員会や都道府県知事の許可を得て、始めて売買できることになるのです。
	※許可なしに売買をした場合には契約は無効になります。
Score:0.0008148528038
EACH_TAG_SCORE:
	image:0.000131035939058
	table:0.000410575169348
	graph:6.01496767548e-05
	flow:0.000213092018639
PARA:
Clueword:
	行う:[0.0010,0.0008,0.0035,0.0002]
	得る:[0.0004,0.0003,0.0003,0.0002]
	申請:[0.0003,0.0004,0.0006,0.0002]
	場合:[0.0488,0.0062,0.0034,0.0053]
	都道府県:[0.0002,0.0000,0.0000,0.0000]
	委員:[0.0001,0.0003,0.0008,0.0000]
	売却:[0.0014,0.0007,0.0021,0.0000]
	農地:[0.0026,0.0011,0.0017,0.0008]
	登記:[0.0001,0.0005,0.0013,0.0000]
	無効だ:[0.0000,0.0002,0.0000,0.0000]
	一般:[0.0012,0.0008,0.0010,0.0000]
	契約:[0.0012,0.0013,0.0042,0.0000]
	許可:[0.0013,0.0010,0.0028,0.0000]
	手続き:[0.0001,0.0000,0.0019,0.0000]
	完了:[0.0005,0.0003,0.0007,0.0000]
	不動産:[0.0007,0.0008,0.0021,0.0000]
	必要だ:[0.0032,0.0019,0.0029,0.0007]
	際する:[0.0001,0.0000,0.0000,0.0000]
	売買:[0.0008,0.0014,0.0027,0.0005]
	売主:[0.0001,0.0001,0.0002,0.0000]
	知事:[0.0001,0.0000,0.0000,0.0000]
	始める:[0.0005,0.0004,0.0002,0.0005]
	的だ:[0.0068,0.0040,0.0029,0.0016]
	購入:[0.0001,0.0003,0.0016,0.0000]
	農業:[0.0007,0.0003,0.0008,0.0006]
False-Positive

Section:3
	Ｆｌａｇ：：１１０１
	～売却の手順～
	許可が出て売却可能となった場合は、不動産会社に査定を依頼し契約します。
	【契約】
	売却の方法には売却には仲介と、買取り二種類の方法がありますので、どちらにするか決定して契約をします。
	仲介
	不動産会社が売主から依頼された売却物件の買主を探してくる方法です。
	市場価格の相場で売却することができますが、３カ月前後の期間が必要です。
	仲介で売却をする媒介契約をする場合、ひとつの不動産会社とだけ媒介契約をする専属専任媒介契約と専任媒介契約、複数の不動産会社と不動産売却媒介契約ができる一般媒介契約があります。
	どの媒介契約も、法律で決められた媒介の報酬額は同じで、有効期間は３か月です。
	※注意点専属専任媒介、または専任媒介契約をしているにもかかわらず、他の不動産会社を通して売買契約を締結したり、専属専任媒介しているにもかかわらず、自分で見つけた買主と売買契約を締結したりすると、違約金が発生します。
	買取り
	不動産会社が直接売却物件を買い取り、転売する方法です。
	売却はすぐに済むので便利ですが、売却金額はかなり低くなります。
	農地の場合は、不動産会社が買い取り、区分して宅地として売り出すことがほとんどですので、この方法になることが多いです。
	不動産会社が買い取り、良質な土を業者に売り渡した後、宅地造成を始めるようです。
	【売買契約】
	買い手が見つかったら、いよいよ売買契約をします。
	不動産売買契約書を取りかわし、契約を締結します。
	権利証、実印、３ヶ月以内に発行された印鑑証明書、管理規約書、建築確認通知書、固定資産税納付書、運転免許証、パスポートなど本人確認ができるものなどの書類が必要です。
	また、仲介手数料、印紙税、抵当権の抹消費用、測量費などの経費が必要です。
Score:0.00041624665729
EACH_TAG_SCORE:
	image:6.61316905663e-05
	table:0.000165242765537
	graph:5.80466714313e-05
	flow:0.000126825529756
PARA:
Clueword:
	業者:[0.0001,0.0001,0.0002,0.0000]
	締結:[0.0002,0.0004,0.0011,0.0000]
	期間:[0.0005,0.0002,0.0007,0.0048]
	固定:[0.0001,0.0002,0.0003,0.0007]
	物件:[0.0001,0.0001,0.0004,0.0002]
	買い取る:[0.0002,0.0002,0.0006,0.0000]
	見つかる:[0.0001,0.0001,0.0002,0.0000]
	同じだ:[0.0018,0.0014,0.0008,0.0010]
	売却:[0.0014,0.0007,0.0021,0.0000]
	確認:[0.0006,0.0011,0.0015,0.0000]
	費用:[0.0005,0.0003,0.0004,0.0011]
	手順:[0.0001,0.0004,0.0125,0.0000]
	複数:[0.0002,0.0002,0.0006,0.0000]
	前後:[0.0009,0.0016,0.0037,0.0056]
	区分:[0.0015,0.0001,0.0002,0.0000]
	低い:[0.0009,0.0019,0.0005,0.0071]
	一般:[0.0012,0.0008,0.0010,0.0000]
	経費:[0.0001,0.0001,0.0002,0.0000]
	印鑑:[0.0001,0.0001,0.0002,0.0000]
	出す:[0.0010,0.0010,0.0009,0.0004]
	不動産:[0.0007,0.0008,0.0021,0.0000]
	書類:[0.0001,0.0001,0.0002,0.0000]
	自分:[0.0017,0.0012,0.0020,0.0009]
	方法:[0.0052,0.0026,0.0194,0.0002]
	探す:[0.0003,0.0002,0.0002,0.0000]
	注意:[0.0005,0.0012,0.0010,0.0006]
	抹消:[0.0001,0.0001,0.0002,0.0000]
	必要だ:[0.0032,0.0019,0.0029,0.0007]
	カ月:[0.0001,0.0001,0.0002,0.0000]
	種類:[0.0230,0.0032,0.0002,0.0005]
	買主:[0.0002,0.0004,0.0008,0.0000]
	納付:[0.0001,0.0001,0.0002,0.0000]
	ヶ月:[0.0001,0.0001,0.0002,0.0000]
	出る:[0.0013,0.0011,0.0005,0.0007]
	印紙:[0.0001,0.0001,0.0002,0.0000]
	他の:[0.0004,0.0004,0.0003,0.0004]
	売主:[0.0001,0.0001,0.0002,0.0000]
	良質だ:[0.0001,0.0001,0.0002,0.0002]
	以内:[0.0002,0.0001,0.0002,0.0000]
	造成:[0.0001,0.0001,0.0002,0.0000]
	決定:[0.0003,0.0004,0.0003,0.0000]
	渡す:[0.0001,0.0001,0.0002,0.0000]
	金額:[0.0004,0.0002,0.0002,0.0004]
	宅地:[0.0003,0.0002,0.0004,0.0000]
	専任:[0.0003,0.0003,0.0009,0.0000]
	決める:[0.0006,0.0002,0.0006,0.0001]
	運転:[0.0002,0.0001,0.0002,0.0001]
	多い:[0.0042,0.0032,0.0009,0.0037]
	抵当:[0.0001,0.0001,0.0002,0.0000]
	免許:[0.0002,0.0001,0.0002,0.0000]
	通す:[0.0001,0.0001,0.0002,0.0000]
	場合:[0.0488,0.0062,0.0034,0.0053]
	済む:[0.0002,0.0001,0.0002,0.0000]
	価格:[0.0007,0.0004,0.0007,0.0007]
	仲介:[0.0004,0.0004,0.0008,0.0000]
	発行:[0.0004,0.0001,0.0002,0.0000]
	建築:[0.0001,0.0001,0.0002,0.0003]
	管理:[0.0003,0.0001,0.0002,0.0000]
	依頼:[0.0003,0.0002,0.0004,0.0000]
	会社:[0.0018,0.0012,0.0019,0.0010]
	規約:[0.0005,0.0001,0.0002,0.0000]
	市場:[0.0002,0.0002,0.0010,0.0000]
	可能だ:[0.0013,0.0008,0.0011,0.0011]
	資産:[0.0003,0.0001,0.0004,0.0003]
	契約:[0.0012,0.0013,0.0042,0.0000]
	法律:[0.0005,0.0004,0.0002,0.0000]
	測量:[0.0001,0.0001,0.0002,0.0000]
	証明:[0.0007,0.0007,0.0004,0.0002]
	違約:[0.0001,0.0001,0.0002,0.0000]
	便利だ:[0.0004,0.0002,0.0002,0.0000]
	報酬:[0.0002,0.0001,0.0002,0.0000]
	許可:[0.0013,0.0010,0.0028,0.0000]
	権利:[0.0001,0.0002,0.0002,0.0000]
	有効だ:[0.0004,0.0001,0.0002,0.0000]
	直接だ:[0.0002,0.0001,0.0002,0.0000]
	パスポート:[0.0001,0.0001,0.0002,0.0002]
	見つける:[0.0002,0.0001,0.0002,0.0000]
	転売:[0.0001,0.0001,0.0002,0.0000]
	農地:[0.0026,0.0011,0.0017,0.0008]
	専属:[0.0002,0.0002,0.0006,0.0000]
	実印:[0.0001,0.0001,0.0002,0.0000]
	相場:[0.0015,0.0004,0.0004,0.0018]
	売る:[0.0001,0.0005,0.0014,0.0008]
	手数:[0.0003,0.0003,0.0005,0.0000]
	売買:[0.0008,0.0014,0.0027,0.0005]
	買取る:[0.0001,0.0001,0.0004,0.0000]
	始める:[0.0005,0.0004,0.0002,0.0005]
	買い手:[0.0003,0.0002,0.0005,0.0002]
	本人:[0.0001,0.0001,0.0002,0.0000]
	発生:[0.0008,0.0010,0.0012,0.0009]
	通知:[0.0001,0.0002,0.0002,0.0000]
	査定:[0.0001,0.0001,0.0002,0.0000]
	取りかわす:[0.0001,0.0001,0.0002,0.0000]
	媒介:[0.0008,0.0006,0.0021,0.0000]
False-Negative

Section:2
	Ｆｌａｇ：：０１００
	農地を売却する場合、その農地が市街化区域内に位置しているか市街化調整区域に位置しているかということと、登記簿謄本の中でどの地目に属しているということで条件が変わります。
	市街化区域で地目が田または畑の場合
	農地転用の手続きは必要ですが、売却は可能です。
	市町村の農業委員会に農地法第５条の届け出を提出することで、所有権移転することができます。
	売却しようとしている農地が市街化調整区域、都市計画区域外、無指定区域のどれかに位置していた場合
	農業委員会からの許可が必要です。
	農業振興地域に指定されていたり、農地以外に転用を認めない地域に位置していた場合は宅地として売却することはかなり困難です。
	一部の市町村では、調整区域の取り扱いが変わり、市街化区域以外でも宅地として使えるように規制が緩和されている地域もあります。
	市町村によって、規制が違いますので、売却予定の農地がある地域の役所にある都市計画課や建設課などに相談する必要があります。
	これは、なるべく効率よく農業経営を行うことを目的に決められているものです。
Score:0.000377641778399
EACH_TAG_SCORE:
	image:6.93749541459e-05
	table:0.000190607854064
	graph:3.63526713634e-05
	flow:8.13062988253e-05
PARA:
Clueword:
	予定:[0.0001,0.0001,0.0001,0.0002]
	調整:[0.0003,0.0004,0.0000,0.0000]
	転用:[0.0012,0.0006,0.0002,0.0000]
	行う:[0.0010,0.0008,0.0035,0.0002]
	決める:[0.0006,0.0002,0.0006,0.0001]
	売却:[0.0014,0.0007,0.0021,0.0000]
	計画:[0.0003,0.0002,0.0079,0.0005]
	謄本:[0.0001,0.0000,0.0000,0.0000]
	困難だ:[0.0001,0.0000,0.0002,0.0001]
	建設:[0.0003,0.0001,0.0000,0.0009]
	必要だ:[0.0032,0.0019,0.0029,0.0007]
	経営:[0.0002,0.0000,0.0000,0.0000]
	市町村:[0.0002,0.0000,0.0000,0.0004]
	一部:[0.0011,0.0003,0.0000,0.0013]
	効率:[0.0003,0.0001,0.0002,0.0010]
	変わる:[0.0007,0.0004,0.0005,0.0007]
	以外:[0.0024,0.0022,0.0002,0.0002]
	宅地:[0.0003,0.0002,0.0004,0.0000]
	届け出る:[0.0001,0.0000,0.0000,0.0000]
	条件:[0.0087,0.0010,0.0008,0.0002]
	役所:[0.0001,0.0000,0.0000,0.0000]
	場合:[0.0488,0.0062,0.0034,0.0053]
	委員:[0.0001,0.0003,0.0008,0.0000]
	農地:[0.0026,0.0011,0.0017,0.0008]
	提出:[0.0006,0.0000,0.0000,0.0001]
	登記:[0.0001,0.0005,0.0013,0.0000]
	相談:[0.0008,0.0002,0.0002,0.0004]
	可能だ:[0.0013,0.0008,0.0011,0.0011]
	都市:[0.0008,0.0000,0.0002,0.0002]
	取り扱う:[0.0001,0.0001,0.0000,0.0000]
	認める:[0.0005,0.0001,0.0001,0.0000]
	許可:[0.0013,0.0010,0.0028,0.0000]
	手続き:[0.0001,0.0000,0.0019,0.0000]
	属す:[0.0001,0.0000,0.0000,0.0001]
	所有:[0.0003,0.0005,0.0013,0.0000]
	振興:[0.0001,0.0000,0.0000,0.0000]
	位置:[0.0008,0.0085,0.0007,0.0001]
	目的:[0.0012,0.0005,0.0002,0.0000]
	指定:[0.0004,0.0002,0.0000,0.0000]
	移転:[0.0001,0.0004,0.0011,0.0000]
	市街:[0.0005,0.0000,0.0000,0.0000]
	使える:[0.0010,0.0006,0.0002,0.0000]
	規制:[0.0001,0.0000,0.0000,0.0000]
	区域:[0.0009,0.0000,0.0000,0.0000]
	緩和:[0.0002,0.0001,0.0002,0.0000]
	農業:[0.0007,0.0003,0.0008,0.0006]
	違う:[0.0015,0.0012,0.0004,0.0010]
	地域:[0.0011,0.0005,0.0000,0.0009]
False-Negative

True-Negative:0
False-Positive:1
True-Positive:0
False-Negative:2
precision = 0.000000
recall = 0.000000
fvalue = 0.000000