Section:7
	Ｆｌａｇ：：００００
	パソコンでのし紙のテンプレートを作る際には結び切りと蝶結びの水引を間違えないようにしましょう。
Score:0.00489260814902
EACH_TAG_SCORE:
	image:0.00138518893875
	table:0.00134460685777
	graph:0.000709866108975
	flow:0.00145294624352
PARA:
Clueword:
	する:[0.0377,0.0379,0.0453,0.0180]
	テンプレート:[0.0000,0.0000,0.0001,0.0000]
	水引:[0.0004,0.0001,0.0000,0.0000]
	のし紙:[0.0001,0.0001,0.0000,0.0000]
	結ぶ:[0.0007,0.0005,0.0000,0.0000]
	切る:[0.0002,0.0003,0.0001,0.0002]
	作る:[0.0012,0.0011,0.0018,0.0001]
	ます:[0.0228,0.0269,0.0224,0.0150]
	間違える:[0.0001,0.0001,0.0007,0.0000]
	ない:[0.0105,0.0083,0.0076,0.0061]
	ようだ:[0.0039,0.0045,0.0062,0.0016]
	パソコン:[0.0004,0.0005,0.0000,0.0000]
False-Positive

Section:14
	Ｆｌａｇ：：００００
	●奇数単位で七品目、五品目と品数を減らした略式の組合わせもあります。
Score:0.00269589000231
EACH_TAG_SCORE:
	image:0.000837037410242
	table:0.000773595517868
	graph:0.000467179315186
	flow:0.000618077759015
PARA:
Clueword:
	単位:[0.0002,0.0004,0.0000,0.0000]
	ある:[0.0113,0.0103,0.0051,0.0037]
	減らす:[0.0005,0.0001,0.0003,0.0023]
	ます:[0.0228,0.0269,0.0224,0.0150]
	奇数:[0.0000,0.0000,0.0000,0.0000]
	品目:[0.0000,0.0000,0.0000,0.0000]
False-Positive

Section:12
	Ｆｌａｇ：：０１００
	結納品についてご説明いたします。
	以前は関西風はかなり高額でしたが、今は値段の手頃なものも出ています。
	デパートや結婚式場、結納用品専門店のほか、インターネット上でも購入できます。
	最近では、指輪など品物の交換のみを行い、現金のやり取りをしないケースも増えているようです。
Score:0.0026763651645
EACH_TAG_SCORE:
	image:0.000759237923733
	table:0.00077977965645
	graph:0.000423433686853
	flow:0.000713913897459
PARA:
Clueword:
	専門:[0.0003,0.0003,0.0001,0.0004]
	手頃だ:[0.0000,0.0000,0.0000,0.0000]
	説明:[0.0005,0.0003,0.0001,0.0001]
	行う:[0.0007,0.0006,0.0022,0.0001]
	やり取り:[0.0000,0.0000,0.0013,0.0000]
	ほか:[0.0002,0.0002,0.0000,0.0001]
	など:[0.0054,0.0053,0.0021,0.0019]
	以前:[0.0002,0.0000,0.0000,0.0000]
	ます:[0.0228,0.0269,0.0224,0.0150]
	いたす:[0.0000,0.0000,0.0001,0.0000]
	ない:[0.0105,0.0083,0.0076,0.0061]
	ケース:[0.0036,0.0001,0.0000,0.0000]
	かなり:[0.0005,0.0008,0.0003,0.0001]
	増える:[0.0005,0.0000,0.0004,0.0006]
	交換:[0.0000,0.0000,0.0000,0.0000]
	のみ:[0.0003,0.0002,0.0000,0.0000]
	用品:[0.0000,0.0000,0.0000,0.0000]
	できる:[0.0044,0.0045,0.0022,0.0015]
	する:[0.0377,0.0379,0.0453,0.0180]
	いる:[0.0124,0.0129,0.0079,0.0099]
	指輪:[0.0000,0.0000,0.0000,0.0000]
	インターネット:[0.0004,0.0001,0.0000,0.0000]
	最近:[0.0003,0.0002,0.0019,0.0018]
	値段:[0.0003,0.0000,0.0000,0.0006]
	デパート:[0.0000,0.0000,0.0000,0.0000]
	つく:[0.0013,0.0015,0.0009,0.0004]
	式場:[0.0000,0.0000,0.0000,0.0000]
	出る:[0.0009,0.0008,0.0003,0.0006]
	品物:[0.0000,0.0000,0.0000,0.0000]
	高額だ:[0.0000,0.0000,0.0000,0.0000]
	結婚:[0.0003,0.0001,0.0000,0.0000]
	購入:[0.0001,0.0002,0.0009,0.0000]
	でも:[0.0029,0.0018,0.0004,0.0017]
	現金:[0.0000,0.0000,0.0000,0.0000]
	関西:[0.0001,0.0001,0.0000,0.0002]
	ようだ:[0.0039,0.0045,0.0062,0.0016]
	もの:[0.0026,0.0031,0.0015,0.0008]
	結納:[0.0005,0.0001,0.0000,0.0000]
True-Positive

Section:1
	Ｆｌａｇ：：００００
	のし・のし袋のページロゴ
	結び切りのし袋
	「のし」は正式には「のしあわび」といい、昔、貝のアワビをのして使った事から、こう呼ばれるようになりました。
Score:0.00237920529932
EACH_TAG_SCORE:
	image:0.00071277394098
	table:0.000686163685271
	graph:0.000386539460137
	flow:0.000593728212929
PARA:
Clueword:
	呼ぶ:[0.0011,0.0007,0.0003,0.0000]
	結ぶ:[0.0007,0.0005,0.0000,0.0000]
	いい:[0.0008,0.0008,0.0002,0.0005]
	のす:[0.0004,0.0002,0.0000,0.0000]
	のし袋:[0.0002,0.0002,0.0000,0.0000]
	ます:[0.0228,0.0269,0.0224,0.0150]
	から:[0.0057,0.0058,0.0057,0.0033]
	れる:[0.0087,0.0086,0.0069,0.0045]
	ロゴ:[0.0000,0.0001,0.0000,0.0000]
	なる:[0.0107,0.0090,0.0073,0.0068]
	正式だ:[0.0000,0.0000,0.0000,0.0000]
	使う:[0.0028,0.0024,0.0010,0.0006]
	切る:[0.0002,0.0003,0.0001,0.0002]
	あわび:[0.0000,0.0000,0.0000,0.0000]
	ページ:[0.0003,0.0004,0.0004,0.0001]
	ようだ:[0.0039,0.0045,0.0062,0.0016]
	こう:[0.0001,0.0002,0.0000,0.0002]
False-Positive

Section:8
	Ｆｌａｇ：：０１００
	結婚にかかわる一連の儀式（結納、結婚式、披露宴）のお祝いや贈り物に用いるのし紙、のし袋は、すべて、一度結んだらほどけない「結びきり」の水引きのついたのし袋、熨斗紙を使うのがマナーです。
	別れる、離れる、ほどける．．．という意味から、簡単にほどいたり結んだりすることができる「蝶結び」ののしは結婚のお祝いにはふさわしくないと考えられています。
Score:0.00232905436713
EACH_TAG_SCORE:
	image:0.000674086315239
	table:0.000681933127085
	graph:0.000376696154266
	flow:0.000596338770539
PARA:
Clueword:
	結ぶ:[0.0007,0.0005,0.0000,0.0000]
	水引:[0.0004,0.0001,0.0000,0.0000]
	儀式:[0.0001,0.0000,0.0000,0.0000]
	マナー:[0.0000,0.0000,0.0000,0.0000]
	のす:[0.0004,0.0002,0.0000,0.0000]
	祝う:[0.0005,0.0002,0.0000,0.0008]
	披露宴:[0.0000,0.0000,0.0000,0.0000]
	熨斗紙:[0.0000,0.0000,0.0000,0.0000]
	一連の:[0.0000,0.0000,0.0000,0.0000]
	意味:[0.0004,0.0005,0.0001,0.0001]
	のし袋:[0.0002,0.0002,0.0000,0.0000]
	できる:[0.0044,0.0045,0.0022,0.0015]
	別れる:[0.0000,0.0000,0.0000,0.0000]
	結婚:[0.0003,0.0001,0.0000,0.0000]
	贈り物:[0.0000,0.0000,0.0000,0.0000]
	から:[0.0057,0.0058,0.0057,0.0033]
	ほどく:[0.0001,0.0000,0.0000,0.0000]
	きる:[0.0006,0.0002,0.0001,0.0001]
	ます:[0.0228,0.0269,0.0224,0.0150]
	いう:[0.0059,0.0048,0.0034,0.0042]
	すべて:[0.0004,0.0008,0.0002,0.0006]
	のし紙:[0.0001,0.0001,0.0000,0.0000]
	用いる:[0.0003,0.0002,0.0000,0.0000]
	する:[0.0377,0.0379,0.0453,0.0180]
	考える:[0.0013,0.0012,0.0004,0.0007]
	ほどける:[0.0003,0.0002,0.0000,0.0000]
	いる:[0.0124,0.0129,0.0079,0.0099]
	つく:[0.0013,0.0015,0.0009,0.0004]
	られる:[0.0026,0.0025,0.0012,0.0015]
	簡単だ:[0.0004,0.0003,0.0005,0.0001]
	こと:[0.0097,0.0093,0.0086,0.0051]
	かかわる:[0.0002,0.0001,0.0003,0.0000]
	ふさわしい:[0.0001,0.0000,0.0000,0.0000]
	離れる:[0.0001,0.0002,0.0001,0.0000]
	ない:[0.0105,0.0083,0.0076,0.0061]
	使う:[0.0028,0.0024,0.0010,0.0006]
	結納:[0.0005,0.0001,0.0000,0.0000]
True-Positive

Section:4
	Ｆｌａｇ：：１０００
	のしあわびの「のし」は“延ばす、延びる”に通じ、古来中国で鮑は不老長寿の薬効があるとされていたことから、寿命を延ばすおめでたいものの象徴とされ、祝儀、お祝い事の贈り物などに添えて用いられました。
	のちに、熨斗鮑の代わりに、昆布や紙を使うようになりました。
	現代では、のし袋やのし紙などに右イラストのように用いられています。
	のし袋やのし紙の表書きは、毛筆、又は筆ペンを使ってバランス良く丁寧に。
	また、市販されている祝儀・不祝儀袋のなかには、間違った形のものもあります。
	こういったものを選ばない様、気を付けましょう。
Score:0.00201349572661
EACH_TAG_SCORE:
	image:0.000589926806915
	table:0.000578038671748
	graph:0.000327247625384
	flow:0.000518282622563
PARA:
Clueword:
	こういった:[0.0001,0.0000,0.0000,0.0000]
	市販:[0.0001,0.0001,0.0000,0.0000]
	祝う:[0.0005,0.0002,0.0000,0.0008]
	表書き:[0.0003,0.0004,0.0000,0.0000]
	丁寧だ:[0.0000,0.0001,0.0000,0.0000]
	選ぶ:[0.0012,0.0007,0.0000,0.0000]
	添える:[0.0000,0.0001,0.0007,0.0000]
	れる:[0.0087,0.0086,0.0069,0.0045]
	通ずる:[0.0001,0.0001,0.0000,0.0000]
	又は:[0.0000,0.0000,0.0000,0.0000]
	なる:[0.0107,0.0090,0.0073,0.0068]
	代わり:[0.0000,0.0001,0.0000,0.0000]
	用いる:[0.0003,0.0002,0.0000,0.0000]
	間違う:[0.0000,0.0001,0.0009,0.0000]
	付ける:[0.0002,0.0004,0.0008,0.0001]
	いる:[0.0124,0.0129,0.0079,0.0099]
	のし紙:[0.0001,0.0001,0.0000,0.0000]
	こと:[0.0097,0.0093,0.0086,0.0051]
	象徴:[0.0000,0.0000,0.0000,0.0000]
	長寿:[0.0000,0.0000,0.0000,0.0000]
	贈り物:[0.0000,0.0000,0.0000,0.0000]
	バランス:[0.0003,0.0020,0.0002,0.0054]
	など:[0.0054,0.0053,0.0021,0.0019]
	もの:[0.0026,0.0031,0.0015,0.0008]
	熨斗:[0.0000,0.0001,0.0000,0.0000]
	昆布:[0.0000,0.0000,0.0000,0.0000]
	ようだ:[0.0039,0.0045,0.0062,0.0016]
	する:[0.0377,0.0379,0.0453,0.0180]
	のす:[0.0004,0.0002,0.0000,0.0000]
	毛筆:[0.0000,0.0000,0.0000,0.0000]
	現代:[0.0001,0.0000,0.0000,0.0001]
	のし袋:[0.0002,0.0002,0.0000,0.0000]
	ます:[0.0228,0.0269,0.0224,0.0150]
	また:[0.0013,0.0021,0.0018,0.0011]
	のち:[0.0000,0.0001,0.0000,0.0000]
	から:[0.0057,0.0058,0.0057,0.0033]
	イラスト:[0.0000,0.0001,0.0000,0.0000]
	古来:[0.0000,0.0000,0.0000,0.0000]
	良い:[0.0013,0.0011,0.0010,0.0006]
	られる:[0.0026,0.0025,0.0012,0.0015]
	ある:[0.0113,0.0103,0.0051,0.0037]
	祝儀:[0.0000,0.0001,0.0001,0.0000]
	あわび:[0.0000,0.0000,0.0000,0.0000]
	なか:[0.0001,0.0002,0.0002,0.0000]
	ない:[0.0105,0.0083,0.0076,0.0061]
	使う:[0.0028,0.0024,0.0010,0.0006]
	ペン:[0.0001,0.0011,0.0032,0.0000]
True-Positive

Section:10
	Ｆｌａｇ：：１０００
	☆「あわび結び」「老いの波」とは☆
	水引の結び方の名称で、「結びきり」のバリエーションとして結び目に横向きのＳがクロスしたような「あわび結び」、水引の先端をくるくるとカールさせた「老いの波」などの結び方があります。
	「あわび結び」は、「あわじ結び」ともいいます。
	最近はパソコンからのしガミを出力するケースもあります。
	テンプレートを作成する場合には、（結婚に関するお祝いののしは）結び切りまたはあわび結びなどとなります。
Score:0.00196705430921
EACH_TAG_SCORE:
	image:0.000522432225586
	table:0.000673621204901
	graph:0.00028631478769
	flow:0.000484686091038
PARA:
Clueword:
	結ぶ:[0.0007,0.0005,0.0000,0.0000]
	作成:[0.0005,0.0003,0.0006,0.0000]
	いう:[0.0059,0.0048,0.0034,0.0042]
	テンプレート:[0.0000,0.0000,0.0001,0.0000]
	水引:[0.0004,0.0001,0.0000,0.0000]
	のす:[0.0004,0.0002,0.0000,0.0000]
	名称:[0.0002,0.0001,0.0002,0.0000]
	場合:[0.0353,0.0044,0.0023,0.0045]
	カール:[0.0001,0.0001,0.0000,0.0001]
	ます:[0.0228,0.0269,0.0224,0.0150]
	出力:[0.0001,0.0001,0.0000,0.0000]
	結婚:[0.0003,0.0001,0.0000,0.0000]
	から:[0.0057,0.0058,0.0057,0.0033]
	きる:[0.0006,0.0002,0.0001,0.0001]
	なる:[0.0107,0.0090,0.0073,0.0068]
	する:[0.0377,0.0379,0.0453,0.0180]
	横向き:[0.0000,0.0007,0.0000,0.0000]
	ある:[0.0113,0.0103,0.0051,0.0037]
	パソコン:[0.0004,0.0005,0.0000,0.0000]
	または:[0.0006,0.0007,0.0008,0.0001]
	最近:[0.0003,0.0002,0.0019,0.0018]
	など:[0.0054,0.0053,0.0021,0.0019]
	せる:[0.0005,0.0017,0.0029,0.0006]
	切る:[0.0002,0.0003,0.0001,0.0002]
	あわび:[0.0000,0.0000,0.0000,0.0000]
	祝う:[0.0005,0.0002,0.0000,0.0008]
	関する:[0.0002,0.0000,0.0001,0.0002]
	ケース:[0.0036,0.0001,0.0000,0.0000]
	ようだ:[0.0039,0.0045,0.0062,0.0016]
True-Positive

Section:5
	Ｆｌａｇ：：１１００
	水引の結び方には一度結んだらほどけない「結びきり」と、ほどいて何度も結ぶことのできる結び方の「蝶結び」があります。
	［結びきり］は結婚や、お悔やみごとのように二度とくり返してはいけないことに使い、［蝶結び］は何度もくり返してよい一般的な祝い事に使います。
	のし袋は、奉書紙や半紙を用いて手作りの包みを作ることもできます。
	その場合慶事なら２枚、弔事なら１枚の紙を使いますが、慶事と弔事では折り方が逆になります。
	市販のものを使う場合でも、お金を入れた後に折り方を間違えることの無いようにしましょう。
Score:0.00193118174136
EACH_TAG_SCORE:
	image:0.000526845393198
	table:0.000667411350022
	graph:0.000274540116496
	flow:0.000462384881645
PARA:
Clueword:
	きる:[0.0006,0.0002,0.0001,0.0001]
	できる:[0.0044,0.0045,0.0022,0.0015]
	市販:[0.0001,0.0001,0.0000,0.0000]
	一般:[0.0009,0.0006,0.0006,0.0000]
	なら:[0.0020,0.0011,0.0003,0.0013]
	なる:[0.0107,0.0090,0.0073,0.0068]
	用いる:[0.0003,0.0002,0.0000,0.0000]
	くり返す:[0.0001,0.0001,0.0000,0.0000]
	折る:[0.0002,0.0001,0.0000,0.0000]
	する:[0.0377,0.0379,0.0453,0.0180]
	ほどける:[0.0003,0.0002,0.0000,0.0000]
	半紙:[0.0000,0.0000,0.0000,0.0000]
	こと:[0.0097,0.0093,0.0086,0.0051]
	奉書:[0.0000,0.0000,0.0000,0.0000]
	無い:[0.0002,0.0001,0.0001,0.0000]
	もの:[0.0026,0.0031,0.0015,0.0008]
	間違える:[0.0001,0.0001,0.0007,0.0000]
	祝う:[0.0005,0.0002,0.0000,0.0008]
	手作り:[0.0000,0.0000,0.0000,0.0000]
	ようだ:[0.0039,0.0045,0.0062,0.0016]
	結ぶ:[0.0007,0.0005,0.0000,0.0000]
	入れる:[0.0004,0.0003,0.0002,0.0000]
	水引:[0.0004,0.0001,0.0000,0.0000]
	ごと:[0.0002,0.0004,0.0001,0.0000]
	作る:[0.0012,0.0011,0.0018,0.0001]
	のし袋:[0.0002,0.0002,0.0000,0.0000]
	ます:[0.0228,0.0269,0.0224,0.0150]
	何度:[0.0001,0.0002,0.0003,0.0000]
	結婚:[0.0003,0.0001,0.0000,0.0000]
	弔事:[0.0001,0.0001,0.0000,0.0000]
	場合:[0.0353,0.0044,0.0023,0.0045]
	その:[0.0018,0.0030,0.0033,0.0011]
	でも:[0.0029,0.0018,0.0004,0.0017]
	ほどく:[0.0001,0.0000,0.0000,0.0000]
	包む:[0.0002,0.0002,0.0000,0.0000]
	ある:[0.0113,0.0103,0.0051,0.0037]
	よい:[0.0014,0.0014,0.0003,0.0004]
	二度と:[0.0001,0.0001,0.0000,0.0000]
	的だ:[0.0049,0.0028,0.0019,0.0013]
	逆だ:[0.0006,0.0003,0.0001,0.0003]
	お悔やみ:[0.0000,0.0000,0.0000,0.0000]
	いけない:[0.0004,0.0002,0.0001,0.0001]
	ない:[0.0105,0.0083,0.0076,0.0061]
	使う:[0.0028,0.0024,0.0010,0.0006]
True-Positive

Section:2
	Ｆｌａｇ：：１０００
	ふだん私たちが「のし」という言葉を使う時には、主にのし紙（場合によってはのし袋）をさして使いますが、本来は、「のし（熨斗）」とは四角い色紙を細長く六角形になるようにひだをつけて折り畳み、中に細く切った熨斗鮑（のしあわび）を包んだものをさします。
Score:0.00180415051469
EACH_TAG_SCORE:
	image:0.00047780681005
	table:0.000676073309713
	graph:0.000277860293024
	flow:0.000372410101906
PARA:
Clueword:
	場合:[0.0353,0.0044,0.0023,0.0045]
	いう:[0.0059,0.0048,0.0034,0.0042]
	四角い:[0.0000,0.0004,0.0000,0.0000]
	のす:[0.0004,0.0002,0.0000,0.0000]
	主だ:[0.0005,0.0004,0.0000,0.0000]
	角形:[0.0002,0.0003,0.0004,0.0000]
	のし袋:[0.0002,0.0002,0.0000,0.0000]
	ます:[0.0228,0.0269,0.0224,0.0150]
	のし紙:[0.0001,0.0001,0.0000,0.0000]
	ふだん:[0.0000,0.0000,0.0000,0.0000]
	細長い:[0.0000,0.0004,0.0000,0.0000]
	ひだ:[0.0000,0.0000,0.0000,0.0000]
	なる:[0.0107,0.0090,0.0073,0.0068]
	たち:[0.0003,0.0002,0.0000,0.0005]
	言葉:[0.0003,0.0001,0.0000,0.0000]
	色紙:[0.0000,0.0000,0.0000,0.0000]
	包む:[0.0002,0.0002,0.0000,0.0000]
	細い:[0.0007,0.0014,0.0000,0.0001]
	使う:[0.0028,0.0024,0.0010,0.0006]
	折り畳む:[0.0000,0.0000,0.0000,0.0000]
	切る:[0.0002,0.0003,0.0001,0.0002]
	本来:[0.0001,0.0001,0.0000,0.0000]
	さす:[0.0000,0.0001,0.0000,0.0000]
	よる:[0.0024,0.0030,0.0030,0.0025]
	あわび:[0.0000,0.0000,0.0000,0.0000]
	熨斗:[0.0000,0.0001,0.0000,0.0000]
	ようだ:[0.0039,0.0045,0.0062,0.0016]
	つける:[0.0004,0.0008,0.0020,0.0000]
	もの:[0.0026,0.0031,0.0015,0.0008]
True-Positive

Section:6
	Ｆｌａｇ：：１１００
	慶事
	中包みを紙の中央に置き、左・右の順で折り、下側を上側にかぶせる。
	弔事
	中包みを紙の中央に置き、右・左の順で折り、上側を下側にかぶせる。
	■結納・結婚のお祝いと「のし」
	一見どちらでも良さそうに思えるのし紙、のし袋には、
	・結びきり（二度とほどけないもの）、
	・蝶結び（何度も結んでほどけるもの）
	の２種類があります。
	用途によって使い分けます。
Score:0.00115716645873
EACH_TAG_SCORE:
	image:0.000338290910903
	table:0.000411495090772
	graph:0.000175804148867
	flow:0.000231576308192
PARA:
Clueword:
	結ぶ:[0.0007,0.0005,0.0000,0.0000]
	置く:[0.0002,0.0007,0.0005,0.0003]
	一見:[0.0001,0.0000,0.0000,0.0000]
	思える:[0.0002,0.0000,0.0000,0.0000]
	そうだ:[0.0003,0.0008,0.0005,0.0007]
	のす:[0.0004,0.0002,0.0000,0.0000]
	用途:[0.0007,0.0001,0.0000,0.0000]
	ほどける:[0.0003,0.0002,0.0000,0.0000]
	のし袋:[0.0002,0.0002,0.0000,0.0000]
	何度:[0.0001,0.0002,0.0003,0.0000]
	結婚:[0.0003,0.0001,0.0000,0.0000]
	きる:[0.0006,0.0002,0.0001,0.0001]
	弔事:[0.0001,0.0001,0.0000,0.0000]
	よる:[0.0024,0.0030,0.0030,0.0025]
	でも:[0.0029,0.0018,0.0004,0.0017]
	折る:[0.0002,0.0001,0.0000,0.0000]
	良い:[0.0013,0.0011,0.0010,0.0006]
	どちら:[0.0004,0.0003,0.0004,0.0000]
	ます:[0.0228,0.0269,0.0224,0.0150]
	使い分ける:[0.0000,0.0001,0.0000,0.0000]
	包む:[0.0002,0.0002,0.0000,0.0000]
	のし紙:[0.0001,0.0001,0.0000,0.0000]
	かぶせる:[0.0001,0.0001,0.0000,0.0000]
	種類:[0.0166,0.0024,0.0001,0.0004]
	ある:[0.0113,0.0103,0.0051,0.0037]
	中央:[0.0004,0.0017,0.0000,0.0001]
	二度と:[0.0001,0.0001,0.0000,0.0000]
	順だ:[0.0002,0.0001,0.0003,0.0000]
	祝う:[0.0005,0.0002,0.0000,0.0008]
	ない:[0.0105,0.0083,0.0076,0.0061]
	もの:[0.0026,0.0031,0.0015,0.0008]
	結納:[0.0005,0.0001,0.0000,0.0000]
True-Positive

Section:9
	Ｆｌａｇ：：００００
	結納の、のし、のし紙、のし袋について
	のし袋
	結びきり
	◎結納は「関東式（シンプル）」「関西式（豪華）」など、地域によって風習が異なる事が多く、事前に両家でよく打ち合わせる必要があります。
	結納品にはおめでたい７品目、９品目などが定められており、水引きは一度結んだらほどけない「結びきり」を使います（実際に用いられる結納飾りの水引きの結び方は結び切りをアレンジした非常に豪華なものになっています）。
	◎細かいことですが、当日持参する手土産や、（仲人をたてる場合には）仲人への謝礼に用いるのし袋も「結びきり」のものを使います。
	右の画像は、仲人への謝礼の記載例です。
	両家それぞれが、寿の熨斗袋の中には結納金の１〜２割程度を包みます。
	また女性側はもう一つ「お車代」ののし袋も用意します。
	こちらも結びきりの熨斗袋になります。
	※儀式の詳細は結納のページで説明しています。
	＞＞＞
	結婚式と結婚祝いの、のし、のし紙、のし袋について
	のし袋
	あわび結び
	◎結婚の場合、水引はすべて「結びきり」が正式です。
	２つに分けることができない数ということで、慶事に用いられる水引の本数は、５、７、９の奇数とされています。
	最近では、結婚のお祝い用としてあわじ結びや結びきりをアレンジした個性的なご祝儀袋も市販されています。
	あまりしきたりを気にしない方に贈るのには良いでしょう。
Score:0.00110582594221
EACH_TAG_SCORE:
	image:0.00031170776106
	table:0.000373496017069
	graph:0.0001769407119
	flow:0.000243681452178
PARA:
Clueword:
	だろう:[0.0010,0.0005,0.0000,0.0003]
	非常だ:[0.0005,0.0005,0.0000,0.0002]
	説明:[0.0005,0.0003,0.0001,0.0001]
	祝う:[0.0005,0.0002,0.0000,0.0008]
	のし紙:[0.0001,0.0001,0.0000,0.0000]
	市販:[0.0001,0.0001,0.0000,0.0000]
	よる:[0.0024,0.0030,0.0030,0.0025]
	細かい:[0.0003,0.0008,0.0002,0.0001]
	あわび:[0.0000,0.0000,0.0000,0.0000]
	実際:[0.0001,0.0003,0.0004,0.0007]
	できる:[0.0044,0.0045,0.0022,0.0015]
	あまり:[0.0006,0.0002,0.0001,0.0000]
	れる:[0.0087,0.0086,0.0069,0.0045]
	きる:[0.0006,0.0002,0.0001,0.0001]
	贈る:[0.0000,0.0001,0.0000,0.0000]
	多い:[0.0030,0.0023,0.0006,0.0031]
	女性:[0.0006,0.0006,0.0002,0.0009]
	当日:[0.0000,0.0000,0.0000,0.0000]
	なる:[0.0107,0.0090,0.0073,0.0068]
	用いる:[0.0003,0.0002,0.0000,0.0000]
	的だ:[0.0049,0.0028,0.0019,0.0013]
	する:[0.0377,0.0379,0.0453,0.0180]
	記載:[0.0002,0.0015,0.0000,0.0000]
	いる:[0.0124,0.0129,0.0079,0.0099]
	必要だ:[0.0023,0.0013,0.0019,0.0006]
	いう:[0.0059,0.0048,0.0034,0.0042]
	こと:[0.0097,0.0093,0.0086,0.0051]
	詳細だ:[0.0004,0.0001,0.0007,0.0000]
	シンプルだ:[0.0002,0.0003,0.0000,0.0000]
	つく:[0.0013,0.0015,0.0009,0.0004]
	奇数:[0.0000,0.0000,0.0000,0.0000]
	画像:[0.0000,0.0041,0.0004,0.0000]
	もの:[0.0026,0.0031,0.0015,0.0008]
	用意:[0.0002,0.0000,0.0000,0.0000]
	分ける:[0.0014,0.0003,0.0001,0.0002]
	こちら:[0.0006,0.0004,0.0004,0.0000]
	結ぶ:[0.0007,0.0005,0.0000,0.0000]
	水引:[0.0004,0.0001,0.0000,0.0000]
	もう:[0.0002,0.0002,0.0006,0.0002]
	のす:[0.0004,0.0002,0.0000,0.0000]
	ほどける:[0.0003,0.0002,0.0000,0.0000]
	のし袋:[0.0002,0.0002,0.0000,0.0000]
	ます:[0.0228,0.0269,0.0224,0.0150]
	関西:[0.0001,0.0001,0.0000,0.0002]
	定める:[0.0002,0.0000,0.0000,0.0002]
	異なる:[0.0019,0.0007,0.0002,0.0001]
	結婚:[0.0003,0.0001,0.0000,0.0000]
	事前:[0.0000,0.0001,0.0000,0.0002]
	すべて:[0.0004,0.0008,0.0002,0.0006]
	場合:[0.0353,0.0044,0.0023,0.0045]
	アレンジ:[0.0000,0.0001,0.0001,0.0000]
	祝儀:[0.0000,0.0001,0.0001,0.0000]
	程度:[0.0014,0.0010,0.0007,0.0018]
	られる:[0.0026,0.0025,0.0012,0.0015]
	包む:[0.0002,0.0002,0.0000,0.0000]
	ある:[0.0113,0.0103,0.0051,0.0037]
	個性:[0.0000,0.0000,0.0000,0.0000]
	正式だ:[0.0000,0.0000,0.0000,0.0000]
	最近:[0.0003,0.0002,0.0019,0.0018]
	など:[0.0054,0.0053,0.0021,0.0019]
	たてる:[0.0000,0.0000,0.0000,0.0000]
	おる:[0.0001,0.0006,0.0000,0.0003]
	切る:[0.0002,0.0003,0.0001,0.0002]
	よい:[0.0014,0.0014,0.0003,0.0004]
	それぞれ:[0.0016,0.0004,0.0001,0.0000]
	また:[0.0013,0.0021,0.0018,0.0011]
	儀式:[0.0001,0.0000,0.0000,0.0000]
	ページ:[0.0003,0.0004,0.0004,0.0001]
	品目:[0.0000,0.0000,0.0000,0.0000]
	ない:[0.0105,0.0083,0.0076,0.0061]
	使う:[0.0028,0.0024,0.0010,0.0006]
	良い:[0.0013,0.0011,0.0010,0.0006]
	地域:[0.0008,0.0004,0.0000,0.0007]
	結納:[0.0005,0.0001,0.0000,0.0000]
False-Positive

Section:13
	Ｆｌａｇ：：１０００
	結納品
	ポイント
	●結納品は、正式には九品目
	・長熨斗（ながのし）、
	・末広（すえひろ）、
	・友良賀（ともしらが）、
	・寿留女（するめ）、
	・子生婦（こんぶ）、
	・勝男節（かつおぶし）、
	・家内喜多留（やなぎだる）
	という七つの縁起の品に、目録と結納金の金宝包（おたからつつみ）を加えた、九品目の組み合わせ。
Score:0.000988826790153
EACH_TAG_SCORE:
	image:0.00026460189849
	table:0.000284576289559
	graph:0.000143899943489
	flow:0.000295748658616
PARA:
Clueword:
	いう:[0.0059,0.0048,0.0034,0.0042]
	縁起:[0.0000,0.0000,0.0001,0.0000]
	する:[0.0377,0.0379,0.0453,0.0180]
	正式だ:[0.0000,0.0000,0.0000,0.0000]
	目録:[0.0002,0.0000,0.0000,0.0000]
	ひる:[0.0001,0.0001,0.0000,0.0000]
	組み合わす:[0.0000,0.0001,0.0000,0.0000]
	熨斗:[0.0000,0.0001,0.0000,0.0000]
	品目:[0.0000,0.0000,0.0000,0.0000]
	加える:[0.0002,0.0001,0.0000,0.0001]
	ポイント:[0.0025,0.0005,0.0000,0.0014]
	結納:[0.0005,0.0001,0.0000,0.0000]
True-Positive

Section:15
	Ｆｌａｇ：：０１００
	表書き・のし・水引き
	◎男性からの結納金の表書き
	御帯料・御帯地料・小袖料
	◎女性からのお返しの表書き
	御袴料・御袴地料
	◎その他の結納品
	目録・寿．．．結納品に添える
	受書．．．受け取りましたの証
	◎のし
	結納品．．．つける
	目録・受書．．．つけない
	◎水引
	目録・受書にはかけない。
	結納金には白赤の結びきりを。
	◎結納金ののし
	（男性→女性）
	家族や身内についての書面を取り交わす時
	ポイント
	●「家族書」は本人を含む家族全員を、字が折り目にかからないように書く。
	●「身上書」はペン書きで構わないが、自筆で。
	表書き・のし・水引き
	◎表書き
	家族書・身上書・親族書など。
	◎のし
	つけない
	◎水引
	かけない。
	・結納の儀式の流れ
	・結納にかかる費用（相場）
	・服装と準備
	荷物送り
	ポイント
	●挙式の一週間前位に、嫁入り道具を新居に送り届ける行事を荷物送りという。
	現代では簡略化されてきています。
	●毛筆で、内容や枚数は奇数になるように書きます。
	表書き・のし・水引き
	◎表書き
	荷物目録・荷物受書など
	◎のし
	つける
	◎水引
	白赤の結びきりを。
	引出物
	ポイント
	●余裕を見て、少なくとも挙式の２ヶ月前には予約（手配）をします。
	●招待客の身になって、かさばる物や重い物は避けます。
	カタログ式のギフトも人気があります。
	表書き・のし・水引き
	◎表書き
	寿
	◎のし
	つける
	◎水引
	白赤・金銀の結びきりを。
Score:0.000849220070848
EACH_TAG_SCORE:
	image:0.000242851401828
	table:0.000253030062432
	graph:0.000138179694685
	flow:0.000215158911903
PARA:
Clueword:
	いう:[0.0059,0.0048,0.0034,0.0042]
	挙式:[0.0001,0.0000,0.0000,0.0000]
	かさばる:[0.0000,0.0000,0.0000,0.0000]
	表書き:[0.0003,0.0004,0.0000,0.0000]
	ギフト:[0.0000,0.0000,0.0000,0.0000]
	余裕:[0.0000,0.0000,0.0000,0.0000]
	添える:[0.0000,0.0001,0.0007,0.0000]
	引出物:[0.0000,0.0000,0.0000,0.0000]
	送り届ける:[0.0000,0.0000,0.0000,0.0000]
	取り交わす:[0.0000,0.0000,0.0000,0.0000]
	きる:[0.0006,0.0002,0.0001,0.0001]
	かかる:[0.0011,0.0002,0.0002,0.0002]
	なる:[0.0107,0.0090,0.0073,0.0068]
	嫁入り:[0.0000,0.0000,0.0000,0.0000]
	本人:[0.0001,0.0001,0.0001,0.0000]
	受け取る:[0.0000,0.0000,0.0000,0.0000]
	ある:[0.0113,0.0103,0.0051,0.0037]
	つける:[0.0004,0.0008,0.0020,0.0000]
	する:[0.0377,0.0379,0.0453,0.0180]
	いる:[0.0124,0.0129,0.0079,0.0099]
	れる:[0.0087,0.0086,0.0069,0.0045]
	重い:[0.0004,0.0000,0.0000,0.0000]
	身上:[0.0001,0.0000,0.0000,0.0000]
	お返し:[0.0000,0.0000,0.0000,0.0000]
	道具:[0.0000,0.0000,0.0000,0.0000]
	儀式:[0.0001,0.0000,0.0000,0.0000]
	含む:[0.0004,0.0008,0.0004,0.0006]
	目録:[0.0002,0.0000,0.0000,0.0000]
	新居:[0.0000,0.0000,0.0000,0.0000]
	費用:[0.0004,0.0002,0.0003,0.0009]
	流れる:[0.0002,0.0004,0.0007,0.0001]
	つく:[0.0013,0.0015,0.0009,0.0004]
	奇数:[0.0000,0.0000,0.0000,0.0000]
	見る:[0.0008,0.0020,0.0005,0.0013]
	少なくとも:[0.0000,0.0000,0.0000,0.0000]
	行事:[0.0000,0.0000,0.0000,0.0000]
	手配:[0.0000,0.0000,0.0000,0.0000]
	ヶ月:[0.0001,0.0000,0.0001,0.0000]
	ポイント:[0.0025,0.0005,0.0000,0.0014]
	カタログ:[0.0000,0.0000,0.0000,0.0000]
	ようだ:[0.0039,0.0045,0.0062,0.0016]
	自筆:[0.0000,0.0000,0.0000,0.0000]
	毛筆:[0.0000,0.0000,0.0000,0.0000]
	結ぶ:[0.0007,0.0005,0.0000,0.0000]
	書面:[0.0000,0.0000,0.0000,0.0000]
	水引:[0.0004,0.0001,0.0000,0.0000]
	のす:[0.0004,0.0002,0.0000,0.0000]
	家族:[0.0005,0.0001,0.0000,0.0000]
	予約:[0.0002,0.0000,0.0000,0.0000]
	ます:[0.0228,0.0269,0.0224,0.0150]
	現代:[0.0001,0.0000,0.0000,0.0001]
	くる:[0.0012,0.0016,0.0007,0.0011]
	書く:[0.0018,0.0008,0.0006,0.0001]
	から:[0.0057,0.0058,0.0057,0.0033]
	折り目:[0.0000,0.0000,0.0000,0.0000]
	金銀:[0.0000,0.0000,0.0000,0.0000]
	親族:[0.0000,0.0000,0.0000,0.0000]
	人気:[0.0005,0.0004,0.0001,0.0001]
	女性:[0.0006,0.0006,0.0002,0.0009]
	送る:[0.0001,0.0001,0.0001,0.0000]
	その他:[0.0003,0.0004,0.0000,0.0000]
	男性:[0.0007,0.0003,0.0000,0.0004]
	服装:[0.0000,0.0004,0.0002,0.0001]
	週間:[0.0002,0.0000,0.0000,0.0002]
	簡略だ:[0.0000,0.0000,0.0000,0.0000]
	身内:[0.0000,0.0000,0.0000,0.0000]
	荷物:[0.0004,0.0000,0.0000,0.0000]
	など:[0.0054,0.0053,0.0021,0.0019]
	枚数:[0.0000,0.0000,0.0000,0.0000]
	かける:[0.0005,0.0008,0.0007,0.0003]
	準備:[0.0001,0.0002,0.0006,0.0000]
	全員:[0.0001,0.0000,0.0000,0.0001]
	相場:[0.0011,0.0003,0.0003,0.0015]
	招待:[0.0000,0.0000,0.0000,0.0000]
	構う:[0.0001,0.0000,0.0000,0.0000]
	内容:[0.0013,0.0007,0.0006,0.0001]
	避ける:[0.0001,0.0001,0.0002,0.0003]
	ない:[0.0105,0.0083,0.0076,0.0061]
	結納:[0.0005,0.0001,0.0000,0.0000]
	ペン:[0.0001,0.0011,0.0032,0.0000]
True-Positive

Section:3
	Ｆｌａｇ：：００００
	熨斗の意味
Score:7.62589858065e-05
EACH_TAG_SCORE:
	image:3.54194662581e-05
	table:2.80060588286e-05
	graph:6.96767001112e-06
	flow:5.86579070863e-06
PARA:
Clueword:
	意味:[0.0004,0.0005,0.0001,0.0001]
	熨斗:[0.0000,0.0001,0.0000,0.0000]
True-Negative

Section:11
	Ｆｌａｇ：：００００
	■結納品と「のし」
Score:5.89735552898e-05
EACH_TAG_SCORE:
	image:1.58215853085e-05
	table:4.31519699813e-05
	graph:0.0
	flow:0.0
PARA:
Clueword:
	のす:[0.0004,0.0002,0.0000,0.0000]
	結納:[0.0005,0.0001,0.0000,0.0000]
True-Negative

True-Negative:2
False-Positive:4
True-Positive:9
False-Negative:0
precision = 0.692308
recall = 1.000000
fvalue = 0.818182