Section:4
	Ｆｌａｇ：：００１０
	一方、埼玉県も江戸時代から長い日照時間を活かして小麦の栽培が盛んだった。
	うどんを食べる習慣が根づいていて、加須市や熊谷市、鴻巣市などは、県内有数の小麦の作付け地域で、生産される小麦の約９割がめんに向いているとされる。
Score:0.00223667833529
EACH_TAG_SCORE:
	image:0.000622186556861
	table:0.000645110764147
	graph:0.000384822439779
	flow:0.000584558574497
PARA:
Clueword:
	栽培:[0.0000,0.0001,0.0000,0.0000]
	鴻巣:[0.0000,0.0000,0.0000,0.0001]
	習慣:[0.0000,0.0001,0.0000,0.0002]
	時代:[0.0002,0.0001,0.0001,0.0003]
	有数:[0.0000,0.0000,0.0000,0.0001]
	から:[0.0057,0.0058,0.0057,0.0033]
	熊谷:[0.0000,0.0000,0.0000,0.0001]
	れる:[0.0087,0.0086,0.0069,0.0045]
	作付け:[0.0000,0.0000,0.0000,0.0001]
	一方:[0.0034,0.0002,0.0001,0.0026]
	生産:[0.0001,0.0000,0.0000,0.0001]
	向く:[0.0001,0.0003,0.0002,0.0001]
	する:[0.0377,0.0379,0.0453,0.0180]
	いる:[0.0124,0.0129,0.0079,0.0099]
	小麦:[0.0000,0.0000,0.0001,0.0002]
	地域:[0.0008,0.0004,0.0000,0.0007]
	など:[0.0054,0.0053,0.0021,0.0019]
	時間:[0.0010,0.0004,0.0003,0.0010]
	うどん:[0.0000,0.0000,0.0000,0.0001]
	長い:[0.0005,0.0013,0.0003,0.0022]
	食べる:[0.0004,0.0006,0.0003,0.0001]
	根づく:[0.0000,0.0000,0.0000,0.0001]
	江戸:[0.0000,0.0000,0.0001,0.0000]
	加須:[0.0000,0.0000,0.0000,0.0001]
	活かす:[0.0000,0.0000,0.0000,0.0000]
	がめん:[0.0000,0.0000,0.0000,0.0001]
	埼玉:[0.0001,0.0000,0.0000,0.0002]
True-Positive

Section:3
	Ｆｌａｇ：：００００
	香川県といえば、自他ともに認める「うどん県」。
	県内はうどん一色だし、県民も「うどん愛」を自負する。
	２０１５年にはイタリア・ミラノで開かれた「ミラノ国際博覧会」で讃岐うどんをＰＲするほどの熱の入れようだ。
Score:0.00172888246788
EACH_TAG_SCORE:
	image:0.000473833433873
	table:0.000488510039076
	graph:0.000242983734503
	flow:0.000523555260432
PARA:
Clueword:
	入れる:[0.0004,0.0003,0.0002,0.0000]
	いう:[0.0059,0.0048,0.0034,0.0042]
	イタリア:[0.0000,0.0000,0.0000,0.0000]
	開く:[0.0000,0.0007,0.0024,0.0000]
	れる:[0.0087,0.0086,0.0069,0.0045]
	国際:[0.0003,0.0001,0.0000,0.0000]
	認める:[0.0004,0.0001,0.0001,0.0000]
	する:[0.0377,0.0379,0.0453,0.0180]
	香川:[0.0001,0.0000,0.0000,0.0002]
	ほど:[0.0009,0.0005,0.0000,0.0003]
	よう:[0.0002,0.0001,0.0004,0.0000]
	うどん:[0.0000,0.0000,0.0000,0.0001]
False-Positive

Section:1
	Ｆｌａｇ：：００００
	生産量２位埼玉県が「うどん県」に名乗り香川県は「そんな甘くねえよ」とツッコミ
	「うどん県」といえば、讃岐うどんで知られる香川県だが、埼玉県の「うどん好き」が「香川を超える『うどん県』にしよう」と立ち上がった。
	埼玉県内のうどん店を巡って、フェイスブックなどで情報を発信する「埼玉を日本一の『うどん県』にする会」は、うどん店への来店客を増やし、「うどん熱」を盛り上げようと呼びかけている。
Score:0.00127987330527
EACH_TAG_SCORE:
	image:0.00035385078917
	table:0.000366309698842
	graph:0.000220824609493
	flow:0.000338888207763
PARA:
Clueword:
	日本:[0.0009,0.0006,0.0009,0.0017]
	いう:[0.0059,0.0048,0.0034,0.0042]
	甘い:[0.0003,0.0001,0.0000,0.0000]
	増やす:[0.0005,0.0001,0.0004,0.0020]
	そんな:[0.0002,0.0001,0.0000,0.0005]
	れる:[0.0087,0.0086,0.0069,0.0045]
	生産:[0.0001,0.0000,0.0000,0.0001]
	する:[0.0377,0.0379,0.0453,0.0180]
	いる:[0.0124,0.0129,0.0079,0.0099]
	立つ:[0.0004,0.0004,0.0009,0.0004]
	える:[0.0001,0.0001,0.0000,0.0000]
	香川:[0.0001,0.0000,0.0000,0.0002]
	情報:[0.0007,0.0001,0.0002,0.0000]
	好きだ:[0.0001,0.0002,0.0001,0.0001]
	超える:[0.0001,0.0001,0.0002,0.0000]
	うどん:[0.0000,0.0000,0.0000,0.0001]
	など:[0.0054,0.0053,0.0021,0.0019]
	知る:[0.0007,0.0006,0.0002,0.0007]
	発信:[0.0000,0.0000,0.0000,0.0000]
	来店:[0.0002,0.0000,0.0000,0.0000]
	巡る:[0.0000,0.0000,0.0000,0.0000]
	上がる:[0.0002,0.0002,0.0006,0.0005]
	埼玉:[0.0001,0.0000,0.0000,0.0002]
False-Positive

Section:5
	Ｆｌａｇ：：００００
	「香川県に勝とうなんて恐れ多いこと」
	こうした中で、埼玉県入間市在住の会社員らが「埼玉を日本一の『うどん県』にする会」を組織。
	現在、県内のうどんをＰＲする活動の一環として「東京大学うどん部」と食べ歩きながら、フェイスブックに魅力的なうどん店を紹介している。
	２０１６年２月１３日には、入間市の農村環境改善センターで、東京大学うどん部の学生６人を招いて「入間流のうどん打ち」を伝授するイベントを開く予定。
	「埼玉を日本一の『うどん県』に！」と、熱を込める。
	彼らのこうした活動に、インターネットでは、
	「うどん用小麦粉使用量、香川県民は一人あたり約６０キログラム、埼玉県民は３．６キログラム。香川県超えはムリなんじゃないかな・・・」
	「うどんばかり食べてると香川県民になるぞｗｗｗ」
	「埼玉県民だけど、香川県に勝とうなんて恐れ多いことたぶん人口の１％も考えてないと思う」
	「香川県民は埼玉県民の１４倍うどん食ってるわけで、相手にならない計算ｗｗｗ」
	などと、香川県には敵わないとの声が少なくない。
	香川県民だろうか、
	「そんな甘くねえんだよ。香川県民のうどん好きをなめんじゃねーぞ！！！」
	といった声もあった。
	また、
	「香川県民どれだけうどん好きなの．．．あたまおかしいｗｗｗ」
	「香川県民１日１食はうどんって、食い過ぎじゃね。うどんがないと死んじゃうんか？」
	と、かえって「うどん県香川」の実力を浮かび上がらせてしまったようでもある。
	たしかにデータのうえでは、埼玉県は第２位ではあるものの、トップの香川県との差は小さくない。
	埼玉県は「（地域ごとのＰＲ活動など）さまざまな取り組みがあることは承知していますが、今のところ、県をあげて取り組んでいこうという機運にはありません」と、盛り上がりはいま一歩のよう。
	と話している。
Score:0.000756297648736
EACH_TAG_SCORE:
	image:0.000206545285658
	table:0.000207286749138
	graph:0.000156418567475
	flow:0.000186047046464
PARA:
Clueword:
	予定:[0.0001,0.0001,0.0001,0.0001]
	あたり:[0.0003,0.0000,0.0000,0.0006]
	開く:[0.0000,0.0007,0.0024,0.0000]
	盛り上がる:[0.0000,0.0001,0.0001,0.0000]
	あう:[0.0007,0.0005,0.0002,0.0001]
	打つ:[0.0001,0.0001,0.0005,0.0000]
	トップ:[0.0001,0.0001,0.0003,0.0000]
	イベント:[0.0000,0.0000,0.0000,0.0000]
	少ない:[0.0006,0.0012,0.0000,0.0014]
	って:[0.0005,0.0004,0.0000,0.0003]
	思う:[0.0011,0.0020,0.0027,0.0005]
	わけだ:[0.0004,0.0003,0.0000,0.0001]
	超える:[0.0001,0.0001,0.0002,0.0000]
	食べる:[0.0004,0.0006,0.0003,0.0001]
	％:[0.0004,0.0000,0.0000,0.0259]
	環境:[0.0004,0.0002,0.0000,0.0000]
	使用:[0.0008,0.0008,0.0013,0.0000]
	ばかり:[0.0000,0.0001,0.0000,0.0000]
	食う:[0.0001,0.0000,0.0000,0.0000]
	組織:[0.0002,0.0000,0.0000,0.0000]
	んだ:[0.0003,0.0006,0.0002,0.0003]
	相手:[0.0001,0.0006,0.0003,0.0008]
	紹介:[0.0003,0.0004,0.0000,0.0000]
	だけ:[0.0014,0.0013,0.0014,0.0007]
	はう:[0.0000,0.0000,0.0000,0.0000]
	考える:[0.0013,0.0012,0.0004,0.0007]
	ある:[0.0113,0.0103,0.0051,0.0037]
	インターネット:[0.0004,0.0001,0.0000,0.0000]
	など:[0.0054,0.0053,0.0021,0.0019]
	死ぬ:[0.0000,0.0000,0.0005,0.0000]
	うどん:[0.0000,0.0000,0.0000,0.0001]
	過ぎる:[0.0003,0.0003,0.0001,0.0002]
	大学:[0.0004,0.0005,0.0000,0.0007]
	かえる:[0.0000,0.0001,0.0000,0.0001]
	ない:[0.0105,0.0083,0.0076,0.0061]
	甘い:[0.0003,0.0001,0.0000,0.0000]
	取り組む:[0.0001,0.0001,0.0000,0.0000]
	けど:[0.0003,0.0002,0.0000,0.0000]
	魅力:[0.0003,0.0000,0.0000,0.0000]
	うえ:[0.0000,0.0001,0.0001,0.0000]
	たしかだ:[0.0000,0.0000,0.0001,0.0000]
	活動:[0.0001,0.0001,0.0001,0.0001]
	勝つ:[0.0000,0.0000,0.0000,0.0002]
	しまう:[0.0018,0.0022,0.0024,0.0012]
	日本:[0.0009,0.0006,0.0009,0.0017]
	する:[0.0377,0.0379,0.0453,0.0180]
	いる:[0.0124,0.0129,0.0079,0.0099]
	話す:[0.0001,0.0002,0.0005,0.0007]
	なる:[0.0107,0.0090,0.0073,0.0068]
	好きだ:[0.0001,0.0002,0.0001,0.0001]
	現在:[0.0004,0.0003,0.0014,0.0003]
	おかしい:[0.0001,0.0001,0.0000,0.0000]
	こと:[0.0097,0.0093,0.0086,0.0051]
	香川:[0.0001,0.0000,0.0000,0.0002]
	もの:[0.0026,0.0031,0.0015,0.0008]
	どれ:[0.0002,0.0001,0.0000,0.0000]
	ようだ:[0.0039,0.0045,0.0062,0.0016]
	上がる:[0.0002,0.0002,0.0006,0.0005]
	埼玉:[0.0001,0.0000,0.0000,0.0002]
	いく:[0.0011,0.0015,0.0022,0.0005]
	いう:[0.0059,0.0048,0.0034,0.0042]
	計算:[0.0002,0.0001,0.0001,0.0006]
	ところ:[0.0010,0.0004,0.0003,0.0007]
	センター:[0.0002,0.0002,0.0000,0.0000]
	的だ:[0.0049,0.0028,0.0019,0.0013]
	ごと:[0.0002,0.0004,0.0001,0.0000]
	ます:[0.0228,0.0269,0.0224,0.0150]
	なんて:[0.0003,0.0002,0.0000,0.0003]
	そんな:[0.0002,0.0001,0.0000,0.0005]
	また:[0.0013,0.0021,0.0018,0.0011]
	のだ:[0.0071,0.0068,0.0053,0.0039]
	学生:[0.0000,0.0000,0.0000,0.0000]
	あげる:[0.0002,0.0005,0.0005,0.0008]
	浮かぶ:[0.0000,0.0000,0.0000,0.0000]
	東京:[0.0001,0.0007,0.0002,0.0011]
	農村:[0.0000,0.0000,0.0000,0.0000]
	データ:[0.0004,0.0003,0.0008,0.0001]
	グラム:[0.0006,0.0000,0.0000,0.0000]
	地域:[0.0008,0.0004,0.0000,0.0007]
	せる:[0.0005,0.0017,0.0029,0.0006]
	人口:[0.0001,0.0001,0.0000,0.0017]
	ながら:[0.0001,0.0005,0.0010,0.0005]
	こうした:[0.0001,0.0000,0.0002,0.0000]
	さまざまだ:[0.0002,0.0001,0.0001,0.0000]
	改善:[0.0003,0.0001,0.0001,0.0000]
	小さい:[0.0006,0.0014,0.0001,0.0026]
	会社:[0.0013,0.0008,0.0013,0.0008]
False-Positive

Section:2
	Ｆｌａｇ：：０１１０
	香川県と埼玉県の「うどん好き」をデータで比べてみると、
	農林水産省の「米麦加工食品生産動向」によると、２００９年のうどんの生産量（生めん、ゆでめん、乾めんの合計）は、香川県が５万９６４３トンで第１位。
	埼玉県は２万４７２０トンの第２位だった。
	うどん店の店舗数は、埼玉県は１９０５軒で第２位。
	香川県は６５７軒で１５位だった（ＮＴＴタウンページ調べ）。
	しかし、人口１０万人あたりの店舗数では、香川県がダントツの１位で６５．９７軒。
	埼玉県は２６．４８軒だった。
	さらに、総務省の家計調査による「うどん・そば消費量ランキング」（１世帯あたり年間消費金額）では、第１位は香川県の１万２５７０円。
	埼玉県は６７１５円の第８位と、やや水をあけられている。
Score:0.000303371760505
EACH_TAG_SCORE:
	image:7.39208113821e-05
	table:7.73343932212e-05
	graph:9.04023256137e-05
	flow:6.17142302885e-05
PARA:
Clueword:
	あたり:[0.0003,0.0000,0.0000,0.0006]
	農林:[0.0000,0.0000,0.0000,0.0000]
	加工:[0.0000,0.0000,0.0000,0.0000]
	やや:[0.0003,0.0002,0.0002,0.0003]
	店舗:[0.0000,0.0000,0.0002,0.0005]
	よる:[0.0024,0.0030,0.0030,0.0025]
	合計:[0.0000,0.0000,0.0000,0.0002]
	ゆでる:[0.0000,0.0000,0.0000,0.0002]
	調査:[0.0001,0.0000,0.0000,0.0004]
	食品:[0.0004,0.0012,0.0018,0.0004]
	消費:[0.0000,0.0000,0.0004,0.0001]
	動向:[0.0001,0.0001,0.0000,0.0045]
	ランキング:[0.0008,0.0000,0.0000,0.0000]
	みる:[0.0011,0.0014,0.0005,0.0011]
	いる:[0.0124,0.0129,0.0079,0.0099]
	あける:[0.0000,0.0000,0.0000,0.0001]
	さらに:[0.0005,0.0007,0.0031,0.0007]
	香川:[0.0001,0.0000,0.0000,0.0002]
	金額:[0.0003,0.0001,0.0001,0.0004]
	調べる:[0.0001,0.0001,0.0000,0.0002]
	好きだ:[0.0001,0.0002,0.0001,0.0001]
	タウン:[0.0000,0.0000,0.0000,0.0001]
	トン:[0.0000,0.0000,0.0000,0.0001]
	データ:[0.0004,0.0003,0.0008,0.0001]
	ダントツ:[0.0000,0.0000,0.0000,0.0001]
	生産:[0.0001,0.0000,0.0000,0.0001]
	比べる:[0.0012,0.0003,0.0000,0.0016]
	年間:[0.0007,0.0003,0.0000,0.0016]
	られる:[0.0026,0.0025,0.0012,0.0015]
	めん:[0.0000,0.0000,0.0000,0.0000]
	人口:[0.0001,0.0001,0.0000,0.0017]
	うどん:[0.0000,0.0000,0.0000,0.0001]
	ページ:[0.0003,0.0004,0.0004,0.0001]
	埼玉:[0.0001,0.0000,0.0000,0.0002]
	しかし:[0.0004,0.0004,0.0007,0.0004]
False-Negative

True-Negative:0
False-Positive:3
True-Positive:1
False-Negative:1
precision = 0.250000
recall = 0.500000
fvalue = 0.333333