Section:3
	Ｆｌａｇ：：００００
	この災害の原因は、すぐに石炭によるものだと考えられました。
	ただ、正確に何が起きたのか明らかになったのは、半世紀以上の時を経てからのこと。
	昨年末、米国科学アカデミー紀要に掲載されたのが、ＴｅｘａｓＡ＆ＭのＲｅｎｙｉＺｈａｎｇさん率いる研究チームによる調査結果。
	中国の北京と西安で行なわれた実験や大気測定の結果が報告されています。
Score:0.00269499566112
EACH_TAG_SCORE:
	image:0.0007711354308
	table:0.000757358339585
	graph:0.00046453955753
	flow:0.000701962333208
PARA:
Clueword:
	調査:[0.0001,0.0000,0.0000,0.0004]
	災害:[0.0000,0.0000,0.0000,0.0000]
	実験:[0.0001,0.0000,0.0000,0.0000]
	する:[0.0377,0.0379,0.0453,0.0180]
	昨年:[0.0000,0.0000,0.0000,0.0003]
	よる:[0.0024,0.0030,0.0030,0.0025]
	結果:[0.0004,0.0004,0.0007,0.0011]
	すぐ:[0.0003,0.0004,0.0005,0.0002]
	測定:[0.0004,0.0000,0.0000,0.0014]
	掲載:[0.0000,0.0000,0.0000,0.0000]
	いる:[0.0124,0.0129,0.0079,0.0099]
	大気:[0.0001,0.0001,0.0000,0.0001]
	ます:[0.0228,0.0269,0.0224,0.0150]
	報告:[0.0011,0.0003,0.0000,0.0001]
	のだ:[0.0071,0.0068,0.0053,0.0039]
	から:[0.0057,0.0058,0.0057,0.0033]
	北京:[0.0000,0.0000,0.0001,0.0000]
	れる:[0.0087,0.0086,0.0069,0.0045]
	さん:[0.0004,0.0007,0.0003,0.0007]
	起きる:[0.0001,0.0002,0.0010,0.0002]
	石炭:[0.0000,0.0000,0.0001,0.0000]
	なる:[0.0107,0.0090,0.0073,0.0068]
	ただ:[0.0004,0.0000,0.0002,0.0003]
	世紀:[0.0001,0.0000,0.0000,0.0000]
	明らかだ:[0.0000,0.0001,0.0001,0.0000]
	西安:[0.0000,0.0000,0.0001,0.0000]
	研究:[0.0000,0.0003,0.0003,0.0004]
	考える:[0.0013,0.0012,0.0004,0.0007]
	られる:[0.0026,0.0025,0.0012,0.0015]
	こと:[0.0097,0.0093,0.0086,0.0051]
	この:[0.0023,0.0031,0.0023,0.0014]
	科学:[0.0000,0.0000,0.0000,0.0001]
	正確だ:[0.0001,0.0000,0.0000,0.0000]
	チーム:[0.0002,0.0001,0.0003,0.0001]
	以上:[0.0010,0.0009,0.0006,0.0017]
	経る:[0.0001,0.0000,0.0001,0.0001]
	もの:[0.0026,0.0031,0.0015,0.0008]
	原因:[0.0014,0.0009,0.0005,0.0008]
False-Positive

Section:2
	Ｆｌａｇ：：００１０
	現代の専門家によれば、この大気汚染による死者は１万２千人。
	イギリスならではの日常的な悪天候から、注意を払った地元民は当初、ほとんどいませんでした。
	ところが空が次第に黄色がかり、腐った卵のような臭いが漂い始めたのが同日の午後。
	翌日も視界の悪さに加えて、ゴミのような悪臭は５日間続きました。
	息もしがたく、同年１２月９日には１５万人もの人々が入院していたといいます。
Score:0.00194336732631
EACH_TAG_SCORE:
	image:0.000547658388789
	table:0.000532524684222
	graph:0.000341125425638
	flow:0.000522058827665
PARA:
Clueword:
	翌日:[0.0000,0.0001,0.0000,0.0001]
	専門:[0.0003,0.0003,0.0001,0.0004]
	次第に:[0.0000,0.0000,0.0000,0.0001]
	いう:[0.0059,0.0048,0.0034,0.0042]
	臭い:[0.0000,0.0000,0.0000,0.0002]
	視界:[0.0000,0.0000,0.0000,0.0001]
	ならでは:[0.0000,0.0000,0.0000,0.0001]
	よる:[0.0024,0.0030,0.0030,0.0025]
	する:[0.0377,0.0379,0.0453,0.0180]
	がかる:[0.0000,0.0001,0.0001,0.0001]
	天候:[0.0000,0.0000,0.0000,0.0001]
	ます:[0.0228,0.0269,0.0224,0.0150]
	現代:[0.0001,0.0000,0.0000,0.0001]
	当初:[0.0002,0.0000,0.0003,0.0008]
	がたい:[0.0000,0.0000,0.0000,0.0001]
	人々:[0.0002,0.0001,0.0000,0.0001]
	から:[0.0057,0.0058,0.0057,0.0033]
	続く:[0.0004,0.0003,0.0004,0.0013]
	ゴミ:[0.0000,0.0000,0.0000,0.0001]
	注意:[0.0003,0.0008,0.0007,0.0005]
	死者:[0.0000,0.0000,0.0000,0.0001]
	悪い:[0.0006,0.0002,0.0001,0.0005]
	イギリス:[0.0000,0.0000,0.0000,0.0001]
	黄色:[0.0001,0.0000,0.0000,0.0001]
	大気:[0.0001,0.0001,0.0000,0.0001]
	漂う:[0.0000,0.0000,0.0000,0.0001]
	同日:[0.0000,0.0000,0.0000,0.0002]
	いる:[0.0124,0.0129,0.0079,0.0099]
	地元:[0.0000,0.0000,0.0000,0.0001]
	この:[0.0023,0.0031,0.0023,0.0014]
	午後:[0.0000,0.0000,0.0000,0.0001]
	腐る:[0.0000,0.0000,0.0000,0.0001]
	入院:[0.0000,0.0000,0.0000,0.0001]
	汚染:[0.0000,0.0000,0.0000,0.0001]
	ほとんど:[0.0006,0.0007,0.0001,0.0018]
	悪臭:[0.0000,0.0000,0.0001,0.0001]
	始める:[0.0004,0.0003,0.0001,0.0004]
	ところが:[0.0000,0.0000,0.0000,0.0002]
	的だ:[0.0049,0.0028,0.0019,0.0013]
	加える:[0.0002,0.0001,0.0000,0.0001]
	ようだ:[0.0039,0.0045,0.0062,0.0016]
	払う:[0.0002,0.0000,0.0000,0.0002]
	日常:[0.0002,0.0002,0.0000,0.0002]
True-Positive

Section:4
	Ｆｌａｇ：：１００１
	それによるとロンドンスモッグの悪臭や空の色の異常、人体への影響を引き起こしたのは、硫酸塩とよばれる硫酸の粒子。
	研究チームは自然発生した霧の状況下、硫酸塩が水滴のなかで二酸化硫黄と二酸化窒素の化学相互作用によって形成されたことを証明しました。
	またこうした硫黄や窒素は、石炭を燃やした煙突や、僅かながら自動車から排出されたと考えられています。
	そして、硫酸塩は硝酸塩や有機物などの粒子が形成するのを促進し、霧の状態をさらに悪化させました。
	その後、霧に含まれる水分が乾くと、霧の中に含まれていた酸が濃縮され、有害物質を生み出し、それは人の肺など触れたものすべてを覆い尽くしたのです。
	同様の化学反応は、北京や西安の霧がかった空にも確認されました。
	これらの都市ではアンモニアのような農薬が原因だと考えられています。
	気候や化学的な条件はさまざまにあるものの、今回の研究でロンドンスモッグのような状況は、理論上、世界中で発生する可能性があると示されています。
Score:0.00136260278521
EACH_TAG_SCORE:
	image:0.000380678975228
	table:0.000382684230248
	graph:0.000205528298738
	flow:0.000393711280992
PARA:
Clueword:
	今回:[0.0001,0.0001,0.0002,0.0004]
	尽くす:[0.0000,0.0000,0.0001,0.0000]
	よる:[0.0024,0.0030,0.0030,0.0025]
	物質:[0.0002,0.0001,0.0001,0.0001]
	窒素:[0.0000,0.0001,0.0003,0.0001]
	原因:[0.0014,0.0009,0.0005,0.0008]
	条件:[0.0063,0.0007,0.0006,0.0001]
	生む:[0.0001,0.0001,0.0001,0.0002]
	確認:[0.0005,0.0008,0.0010,0.0000]
	有害だ:[0.0000,0.0000,0.0001,0.0000]
	北京:[0.0000,0.0000,0.0001,0.0000]
	ロンドンスモッグ:[0.0000,0.0001,0.0003,0.0000]
	れる:[0.0087,0.0086,0.0069,0.0045]
	これ:[0.0015,0.0020,0.0024,0.0011]
	触れる:[0.0000,0.0001,0.0001,0.0000]
	アンモニア:[0.0000,0.0000,0.0001,0.0000]
	出す:[0.0007,0.0007,0.0006,0.0003]
	西安:[0.0000,0.0000,0.0001,0.0000]
	農薬:[0.0000,0.0000,0.0001,0.0000]
	燃やす:[0.0000,0.0001,0.0001,0.0000]
	作用:[0.0003,0.0002,0.0001,0.0001]
	理論:[0.0000,0.0000,0.0001,0.0000]
	的だ:[0.0049,0.0028,0.0019,0.0013]
	する:[0.0377,0.0379,0.0453,0.0180]
	含む:[0.0004,0.0008,0.0004,0.0006]
	いる:[0.0124,0.0129,0.0079,0.0099]
	僅か:[0.0000,0.0000,0.0001,0.0000]
	硫黄:[0.0000,0.0001,0.0003,0.0000]
	自動車:[0.0001,0.0000,0.0001,0.0000]
	さらに:[0.0005,0.0007,0.0031,0.0007]
	そして:[0.0004,0.0004,0.0025,0.0001]
	引き起こす:[0.0000,0.0001,0.0003,0.0000]
	こと:[0.0097,0.0093,0.0086,0.0051]
	覆う:[0.0000,0.0001,0.0004,0.0000]
	煙突:[0.0000,0.0000,0.0001,0.0000]
	それ:[0.0013,0.0009,0.0018,0.0009]
	異常だ:[0.0004,0.0005,0.0001,0.0000]
	チーム:[0.0002,0.0001,0.0003,0.0001]
	化学:[0.0003,0.0001,0.0004,0.0000]
	状況:[0.0017,0.0003,0.0003,0.0004]
	粒子:[0.0000,0.0000,0.0001,0.0000]
	さまざまだ:[0.0002,0.0001,0.0001,0.0000]
	水滴:[0.0000,0.0000,0.0001,0.0000]
	都市:[0.0006,0.0000,0.0001,0.0002]
	示す:[0.0003,0.0009,0.0005,0.0001]
	相互:[0.0000,0.0000,0.0001,0.0001]
	自然だ:[0.0002,0.0004,0.0003,0.0001]
	酸化:[0.0000,0.0001,0.0003,0.0000]
	悪化:[0.0000,0.0001,0.0003,0.0014]
	有機:[0.0001,0.0002,0.0000,0.0000]
	世界:[0.0007,0.0005,0.0008,0.0008]
	ようだ:[0.0039,0.0045,0.0062,0.0016]
	悪臭:[0.0000,0.0000,0.0001,0.0001]
	影響:[0.0004,0.0006,0.0005,0.0007]
	同様だ:[0.0003,0.0003,0.0003,0.0000]
	水分:[0.0001,0.0004,0.0003,0.0000]
	気候:[0.0000,0.0001,0.0002,0.0000]
	がかる:[0.0000,0.0001,0.0001,0.0001]
	ます:[0.0228,0.0269,0.0224,0.0150]
	濃縮:[0.0000,0.0000,0.0001,0.0000]
	また:[0.0013,0.0021,0.0018,0.0011]
	のだ:[0.0071,0.0068,0.0053,0.0039]
	から:[0.0057,0.0058,0.0057,0.0033]
	研究:[0.0000,0.0003,0.0003,0.0004]
	すべて:[0.0004,0.0008,0.0002,0.0006]
	形成:[0.0003,0.0005,0.0002,0.0002]
	石炭:[0.0000,0.0000,0.0001,0.0000]
	乾く:[0.0000,0.0001,0.0001,0.0000]
	証明:[0.0005,0.0005,0.0003,0.0001]
	促進:[0.0002,0.0001,0.0000,0.0000]
	考える:[0.0013,0.0012,0.0004,0.0007]
	られる:[0.0026,0.0025,0.0012,0.0015]
	排出:[0.0000,0.0001,0.0001,0.0000]
	ある:[0.0113,0.0103,0.0051,0.0037]
	など:[0.0054,0.0053,0.0021,0.0019]
	せる:[0.0005,0.0017,0.0029,0.0006]
	可能だ:[0.0009,0.0006,0.0008,0.0009]
	ながら:[0.0001,0.0005,0.0010,0.0005]
	その後:[0.0002,0.0002,0.0133,0.0001]
	こうした:[0.0001,0.0000,0.0002,0.0000]
	状態:[0.0028,0.0009,0.0012,0.0006]
	よぶ:[0.0000,0.0002,0.0001,0.0000]
	もの:[0.0026,0.0031,0.0015,0.0008]
	発生:[0.0006,0.0007,0.0008,0.0007]
	なか:[0.0001,0.0002,0.0002,0.0000]
	反応:[0.0001,0.0003,0.0010,0.0000]
	硫酸:[0.0000,0.0001,0.0004,0.0000]
	人体:[0.0000,0.0000,0.0001,0.0001]
True-Positive

Section:1
	Ｆｌａｇ：：００００
	時を経て、国境を越えて、ついに。
	１９５２年１２月５日、ロンドンの街を覆った霧「ロンドンスモッグ」（ＧｒｅａｔＳｍｏｇ）は、英国史のなかで人命に関わる大気汚染被害のはじまりとなりました。
Score:0.00118907536601
EACH_TAG_SCORE:
	image:0.000351169405521
	table:0.000324166852249
	graph:0.00021864432132
	flow:0.000295094786917
PARA:
Clueword:
	覆う:[0.0000,0.0001,0.0004,0.0000]
	大気:[0.0001,0.0001,0.0000,0.0001]
	ます:[0.0228,0.0269,0.0224,0.0150]
	ロンドンスモッグ:[0.0000,0.0001,0.0003,0.0000]
	なる:[0.0107,0.0090,0.0073,0.0068]
	汚染:[0.0000,0.0000,0.0000,0.0001]
	英国:[0.0000,0.0000,0.0000,0.0001]
	経る:[0.0001,0.0000,0.0001,0.0001]
	被害:[0.0000,0.0000,0.0000,0.0005]
	関わる:[0.0000,0.0000,0.0000,0.0000]
	なか:[0.0001,0.0002,0.0002,0.0000]
False-Positive

True-Negative:0
False-Positive:2
True-Positive:2
False-Negative:0
precision = 0.500000
recall = 1.000000
fvalue = 0.666667