Section:3
	Ｆｌａｇ：：００１０
	ＦＲは前後重量配分を５０：５０にすることができるため、日常走行から高速走行、さらにスポーティな走行まで存分に楽しむことができます。
	また横滑り防止装置など先進の安全装備を組み合わせることで、その高バランスと相まって雨天時や雪上でも安心して走ることができるという特徴があります。
Score:0.00295839401065
EACH_TAG_SCORE:
	image:0.000836158883939
	table:0.000855054011395
	graph:0.000514401460884
	flow:0.000752779654433
PARA:
Clueword:
	組み合わせる:[0.0002,0.0004,0.0001,0.0001]
	スポーティだ:[0.0000,0.0000,0.0000,0.0001]
	いう:[0.0059,0.0048,0.0034,0.0042]
	装備:[0.0000,0.0000,0.0000,0.0001]
	安心:[0.0001,0.0002,0.0000,0.0001]
	特徴:[0.0100,0.0019,0.0000,0.0002]
	走行:[0.0000,0.0002,0.0000,0.0002]
	まで:[0.0020,0.0014,0.0016,0.0015]
	できる:[0.0044,0.0045,0.0022,0.0015]
	ます:[0.0228,0.0269,0.0224,0.0150]
	配分:[0.0001,0.0001,0.0000,0.0027]
	相まつ:[0.0000,0.0000,0.0000,0.0001]
	また:[0.0013,0.0021,0.0018,0.0011]
	前後:[0.0006,0.0011,0.0026,0.0047]
	から:[0.0057,0.0058,0.0057,0.0033]
	雪上:[0.0000,0.0000,0.0000,0.0001]
	安全だ:[0.0001,0.0001,0.0003,0.0002]
	その:[0.0018,0.0030,0.0033,0.0011]
	する:[0.0377,0.0379,0.0453,0.0180]
	横滑り:[0.0000,0.0000,0.0000,0.0001]
	存分だ:[0.0000,0.0000,0.0000,0.0001]
	さらに:[0.0005,0.0007,0.0031,0.0007]
	ある:[0.0113,0.0103,0.0051,0.0037]
	楽しむ:[0.0002,0.0002,0.0000,0.0001]
	日常:[0.0002,0.0002,0.0000,0.0002]
	走る:[0.0001,0.0002,0.0000,0.0002]
	雨天:[0.0000,0.0000,0.0000,0.0001]
	ため:[0.0030,0.0032,0.0027,0.0024]
	装置:[0.0000,0.0000,0.0000,0.0001]
	高速だ:[0.0001,0.0000,0.0000,0.0001]
	先進:[0.0000,0.0000,0.0005,0.0001]
	こと:[0.0097,0.0093,0.0086,0.0051]
	でも:[0.0029,0.0018,0.0004,0.0017]
	防止:[0.0001,0.0001,0.0001,0.0001]
	バランス:[0.0003,0.0020,0.0002,0.0054]
	重量:[0.0003,0.0000,0.0000,0.0001]
	など:[0.0054,0.0053,0.0021,0.0019]
True-Positive

Section:4
	Ｆｌａｇ：：０１１０
	ＢＭＷ５シリーズ
	製造コスト面では不利なＦＲ
	運転の楽しさを実現するという点で有利なＦＲですが、逆に製造コストは高くなり、エンジンの生む駆動力を後輪に伝えるために必要になるドライブシャフトが車体中央の床下を貫通するため室内空間が狭くなるといったデメリットもあります。
	このようなことから少しでも製造コストを下げ、より広い室内空間を確保するという最近のクルマ作りには合わず、多少の走りを犠牲にしてもフロント・エンジン＋前輪駆動という「ＦＦ」が国内外の多くのモデルで採用されています。
Score:0.00205332236115
EACH_TAG_SCORE:
	image:0.000575165492665
	table:0.000592727205492
	graph:0.000396382616448
	flow:0.000489047046544
PARA:
Clueword:
	駆動:[0.0004,0.0002,0.0000,0.0002]
	モデル:[0.0000,0.0001,0.0000,0.0001]
	このような:[0.0003,0.0003,0.0001,0.0003]
	より:[0.0021,0.0013,0.0003,0.0013]
	床下:[0.0000,0.0000,0.0000,0.0001]
	生む:[0.0001,0.0001,0.0001,0.0002]
	内外:[0.0000,0.0000,0.0000,0.0001]
	れる:[0.0087,0.0086,0.0069,0.0045]
	有利だ:[0.0001,0.0000,0.0000,0.0001]
	なる:[0.0107,0.0090,0.0073,0.0068]
	する:[0.0377,0.0379,0.0453,0.0180]
	いる:[0.0124,0.0129,0.0079,0.0099]
	必要だ:[0.0023,0.0013,0.0019,0.0006]
	シリーズ:[0.0000,0.0001,0.0000,0.0001]
	フロント:[0.0000,0.0000,0.0000,0.0001]
	伝える:[0.0003,0.0005,0.0001,0.0002]
	貫通:[0.0001,0.0000,0.0000,0.0001]
	走る:[0.0001,0.0002,0.0000,0.0002]
	広い:[0.0002,0.0004,0.0001,0.0002]
	合う:[0.0004,0.0004,0.0000,0.0001]
	楽しい:[0.0001,0.0000,0.0000,0.0001]
	中央:[0.0004,0.0017,0.0000,0.0001]
	確保:[0.0001,0.0000,0.0000,0.0004]
	空間:[0.0003,0.0001,0.0000,0.0002]
	コスト:[0.0004,0.0000,0.0000,0.0003]
	ドライブ:[0.0000,0.0000,0.0000,0.0001]
	狭い:[0.0002,0.0000,0.0000,0.0001]
	いう:[0.0059,0.0048,0.0034,0.0042]
	不利だ:[0.0000,0.0000,0.0000,0.0002]
	後輪:[0.0004,0.0002,0.0000,0.0001]
	車体:[0.0000,0.0005,0.0000,0.0001]
	犠牲:[0.0001,0.0000,0.0000,0.0001]
	製造:[0.0002,0.0000,0.0001,0.0004]
	作り:[0.0001,0.0001,0.0000,0.0001]
	ます:[0.0228,0.0269,0.0224,0.0150]
	少し:[0.0005,0.0010,0.0006,0.0002]
	から:[0.0057,0.0058,0.0057,0.0033]
	デメリット:[0.0044,0.0006,0.0000,0.0001]
	クルマ:[0.0001,0.0002,0.0000,0.0001]
	前輪:[0.0001,0.0000,0.0000,0.0001]
	エンジン:[0.0002,0.0005,0.0000,0.0002]
	多く:[0.0005,0.0006,0.0001,0.0054]
	採用:[0.0001,0.0002,0.0000,0.0002]
	運転:[0.0002,0.0000,0.0001,0.0001]
	高い:[0.0015,0.0007,0.0005,0.0100]
	下げる:[0.0000,0.0001,0.0003,0.0001]
	最近:[0.0003,0.0002,0.0019,0.0018]
	シャフト:[0.0000,0.0001,0.0000,0.0001]
	ある:[0.0113,0.0103,0.0051,0.0037]
	多少:[0.0001,0.0009,0.0001,0.0001]
	ため:[0.0030,0.0032,0.0027,0.0024]
	実現:[0.0002,0.0001,0.0001,0.0001]
	逆だ:[0.0006,0.0003,0.0001,0.0003]
	こと:[0.0097,0.0093,0.0086,0.0051]
	でも:[0.0029,0.0018,0.0004,0.0017]
True-Positive

Section:1
	Ｆｌａｇ：：００００
	ＢＭＷが、ＦＲ（後輪駆動）にこだわったクルマづくりをする理由とは
	ＢＭＷのキホン｜ＢＭＷの基本
	ＳＵＭＯＭＥ
	ＢＭＷ６シリーズ
Score:0.00194973963981
EACH_TAG_SCORE:
	image:0.000532607003482
	table:0.000541034735828
	graph:0.000260687560409
	flow:0.00061541034009
PARA:
Clueword:
	基本:[0.0010,0.0004,0.0001,0.0003]
	こだわる:[0.0000,0.0001,0.0000,0.0000]
	駆動:[0.0004,0.0002,0.0000,0.0002]
	後輪:[0.0004,0.0002,0.0000,0.0001]
	シリーズ:[0.0000,0.0001,0.0000,0.0001]
	する:[0.0377,0.0379,0.0453,0.0180]
	理由:[0.0005,0.0003,0.0001,0.0006]
	クルマ:[0.0001,0.0002,0.0000,0.0001]
False-Positive

Section:6
	Ｆｌａｇ：：１０００
	ＢＭＷはこのようなＦＦ化のトレンドに流されることなく、コンパクトクラスでもＦＲを採用。
	現在販売されている１シリーズは、Ｃセグメントクラス唯一のＦＲとして走りにこだわるオーナーに選ばれています。
	また走行状況によって前後アクセルの駆動トルクを配分を積極的にコントロールし、悪路での走行性能を向上させるインテリジェント・フルタイム四輪駆動モデルｘＤｒｉｖｅも、ＢＭＷがこだわり続けるＦＲをベースにした四輪駆動モデルとなっており、走りの楽しさはＦＦベースの四輪駆動と比べると大きな違いを感じることができるはずです。
Score:0.00188294071971
EACH_TAG_SCORE:
	image:0.000527531887029
	table:0.000532911325258
	graph:0.000352917613413
	flow:0.000469579894014
PARA:
Clueword:
	駆動:[0.0004,0.0002,0.0000,0.0002]
	感じる:[0.0009,0.0010,0.0004,0.0003]
	モデル:[0.0000,0.0001,0.0000,0.0001]
	このような:[0.0003,0.0003,0.0001,0.0003]
	よる:[0.0024,0.0030,0.0030,0.0025]
	選ぶ:[0.0012,0.0007,0.0000,0.0000]
	走行:[0.0000,0.0002,0.0000,0.0002]
	できる:[0.0044,0.0045,0.0022,0.0015]
	はずだ:[0.0003,0.0003,0.0000,0.0001]
	前後:[0.0006,0.0011,0.0026,0.0047]
	れる:[0.0087,0.0086,0.0069,0.0045]
	なる:[0.0107,0.0090,0.0073,0.0068]
	ベース:[0.0000,0.0001,0.0001,0.0003]
	トレンド:[0.0006,0.0002,0.0000,0.0017]
	する:[0.0377,0.0379,0.0453,0.0180]
	いる:[0.0124,0.0129,0.0079,0.0099]
	性能:[0.0004,0.0001,0.0000,0.0000]
	販売:[0.0000,0.0001,0.0000,0.0001]
	シリーズ:[0.0000,0.0001,0.0000,0.0001]
	現在:[0.0004,0.0003,0.0014,0.0003]
	こと:[0.0097,0.0093,0.0086,0.0051]
	クラス:[0.0003,0.0001,0.0000,0.0000]
	状況:[0.0017,0.0003,0.0003,0.0004]
	楽しい:[0.0001,0.0000,0.0000,0.0001]
	コンパクト:[0.0000,0.0000,0.0000,0.0000]
	トルク:[0.0000,0.0000,0.0000,0.0000]
	続ける:[0.0004,0.0001,0.0000,0.0005]
	大きな:[0.0005,0.0016,0.0003,0.0005]
	採用:[0.0001,0.0002,0.0000,0.0002]
	アクセル:[0.0000,0.0000,0.0000,0.0000]
	せる:[0.0005,0.0017,0.0029,0.0006]
	的だ:[0.0049,0.0028,0.0019,0.0013]
	オーナー:[0.0000,0.0000,0.0000,0.0001]
	ます:[0.0228,0.0269,0.0224,0.0150]
	配分:[0.0001,0.0001,0.0000,0.0027]
	また:[0.0013,0.0021,0.0018,0.0011]
	こだわる:[0.0000,0.0001,0.0000,0.0000]
	比べる:[0.0012,0.0003,0.0000,0.0016]
	フルタイム:[0.0000,0.0000,0.0000,0.0000]
	唯一:[0.0005,0.0001,0.0000,0.0000]
	積極:[0.0001,0.0001,0.0000,0.0000]
	インテリジェント:[0.0000,0.0000,0.0000,0.0000]
	おる:[0.0001,0.0006,0.0000,0.0003]
	流す:[0.0000,0.0004,0.0004,0.0000]
	走る:[0.0001,0.0002,0.0000,0.0002]
	コントロール:[0.0000,0.0001,0.0000,0.0000]
	向上:[0.0001,0.0000,0.0000,0.0031]
	セグメント:[0.0000,0.0001,0.0000,0.0000]
	でも:[0.0029,0.0018,0.0004,0.0017]
	ない:[0.0105,0.0083,0.0076,0.0061]
	違う:[0.0011,0.0009,0.0003,0.0008]
True-Positive

Section:7
	Ｆｌａｇ：：００００
	１シリーズから７シリーズまで、ＢＭＷのラインナップはほぼＦＲを採用していますが、２０１５年にＢＭＷは２シリーズ・アクティブツアラーとグランツアラーというＦＦを採用したモデルを追加しています。
	ＢＭＷでは初のＦＦモデルですが、さすがはＦＲにこだわり続けてきたブランド。
	ＦＦのデメリットを極限まで減らし、実にＦＲのようなフィーリングを楽しめる味付けになっています。
	ＢＭＷはたとえ駆動方式がＦＦとなっても、味付けの基本はＦＲなのです。
Score:0.00182711180575
EACH_TAG_SCORE:
	image:0.000511559873929
	table:0.000527653785408
	graph:0.000312493746116
	flow:0.000475404400295
PARA:
Clueword:
	駆動:[0.0004,0.0002,0.0000,0.0002]
	いう:[0.0059,0.0048,0.0034,0.0042]
	採用:[0.0001,0.0002,0.0000,0.0002]
	モデル:[0.0000,0.0001,0.0000,0.0001]
	まで:[0.0020,0.0014,0.0016,0.0015]
	続ける:[0.0004,0.0001,0.0000,0.0005]
	ます:[0.0228,0.0269,0.0224,0.0150]
	ブランド:[0.0005,0.0003,0.0000,0.0000]
	くる:[0.0012,0.0016,0.0007,0.0011]
	のだ:[0.0071,0.0068,0.0053,0.0039]
	から:[0.0057,0.0058,0.0057,0.0033]
	楽しめる:[0.0000,0.0000,0.0000,0.0001]
	ライン:[0.0001,0.0003,0.0001,0.0001]
	デメリット:[0.0044,0.0006,0.0000,0.0001]
	なる:[0.0107,0.0090,0.0073,0.0068]
	フィーリング:[0.0000,0.0000,0.0000,0.0000]
	基本:[0.0010,0.0004,0.0001,0.0003]
	する:[0.0377,0.0379,0.0453,0.0180]
	いる:[0.0124,0.0129,0.0079,0.0099]
	シリーズ:[0.0000,0.0001,0.0000,0.0001]
	ほぼ:[0.0003,0.0002,0.0000,0.0007]
	こだわる:[0.0000,0.0001,0.0000,0.0000]
	方式:[0.0012,0.0000,0.0000,0.0000]
	減らす:[0.0005,0.0001,0.0003,0.0023]
	ようだ:[0.0039,0.0045,0.0062,0.0016]
	追加:[0.0000,0.0001,0.0003,0.0000]
False-Positive

Section:2
	Ｆｌａｇ：：１０００
	スポーティな走りと抜群の重量配分を実現する
	ＢＭＷはフロント・エンジン＋後輪駆動という「ＦＲ」のレイアウトに強いこだわりを持つメーカーです。
	「駆け抜ける歓び」をブランドコンセプトに掲げるＢＭＷは、運動性能や乗り心地といった走りのフィーリングをダイレクトにドライバーに伝えるために長きに渡りこのレイアウトを採用してきました。
Score:0.00168374457862
EACH_TAG_SCORE:
	image:0.000485365496339
	table:0.000452895860101
	graph:0.000283734066836
	flow:0.000461749155345
PARA:
Clueword:
	スポーティだ:[0.0000,0.0000,0.0000,0.0001]
	駆動:[0.0004,0.0002,0.0000,0.0002]
	いう:[0.0059,0.0048,0.0034,0.0042]
	採用:[0.0001,0.0002,0.0000,0.0002]
	後輪:[0.0004,0.0002,0.0000,0.0001]
	駆け抜ける:[0.0000,0.0000,0.0000,0.0000]
	ます:[0.0228,0.0269,0.0224,0.0150]
	配分:[0.0001,0.0001,0.0000,0.0027]
	くる:[0.0012,0.0016,0.0007,0.0011]
	持つ:[0.0008,0.0007,0.0014,0.0001]
	渡る:[0.0000,0.0001,0.0001,0.0000]
	レイアウト:[0.0000,0.0001,0.0001,0.0000]
	抜群だ:[0.0000,0.0001,0.0000,0.0000]
	フィーリング:[0.0000,0.0000,0.0000,0.0000]
	心地:[0.0000,0.0000,0.0000,0.0000]
	エンジン:[0.0002,0.0005,0.0000,0.0002]
	する:[0.0377,0.0379,0.0453,0.0180]
	こだわる:[0.0000,0.0001,0.0000,0.0000]
	掲げる:[0.0000,0.0001,0.0000,0.0001]
	コンセプト:[0.0000,0.0000,0.0000,0.0000]
	性能:[0.0004,0.0001,0.0000,0.0000]
	乗る:[0.0000,0.0001,0.0000,0.0000]
	歓ぶ:[0.0000,0.0000,0.0000,0.0000]
	強い:[0.0006,0.0004,0.0000,0.0001]
	フロント:[0.0000,0.0000,0.0000,0.0001]
	伝える:[0.0003,0.0005,0.0001,0.0002]
	走る:[0.0001,0.0002,0.0000,0.0002]
	メーカー:[0.0001,0.0001,0.0005,0.0000]
	ため:[0.0030,0.0032,0.0027,0.0024]
	ダイレクトだ:[0.0000,0.0001,0.0000,0.0000]
	実現:[0.0002,0.0001,0.0001,0.0001]
	長い:[0.0005,0.0013,0.0003,0.0022]
	重量:[0.0003,0.0000,0.0000,0.0001]
	ドライバー:[0.0002,0.0000,0.0000,0.0002]
	運動:[0.0000,0.0000,0.0000,0.0000]
	ブランド:[0.0005,0.0003,0.0000,0.0000]
	この:[0.0023,0.0031,0.0023,0.0014]
True-Positive

Section:5
	Ｆｌａｇ：：００００
	ＢＭＷＸ５
	四輪駆動でも前輪駆動でも、味付けの基本はＦＲ
Score:0.000247311930928
EACH_TAG_SCORE:
	image:6.46444567346e-05
	table:0.000112417454967
	graph:5.64978391219e-05
	flow:1.37521801045e-05
PARA:
Clueword:
	基本:[0.0010,0.0004,0.0001,0.0003]
	駆動:[0.0004,0.0002,0.0000,0.0002]
	前輪:[0.0001,0.0000,0.0000,0.0001]
	でも:[0.0029,0.0018,0.0004,0.0017]
True-Negative

True-Negative:1
False-Positive:2
True-Positive:4
False-Negative:0
precision = 0.666667
recall = 1.000000
fvalue = 0.800000