Section:3
	Ｆｌａｇ：：００００
	さて本当に？
	昔私も後輪駆動が前輪駆動よりも優れていると思っていた時期もありましたけど、今となってはドリフト以外で優れた点を見つけるのは難しいです。
	というか、比較することには余り意味がないんですね。
	よく出来た車かそうでないか、それだけが問題でしょう。
Score:0.0035633990002
EACH_TAG_SCORE:
	image:0.00097529287663
	table:0.00104391185066
	graph:0.000688188357672
	flow:0.000856005915245
PARA:
Clueword:
	駆動:[0.0004,0.0002,0.0000,0.0002]
	いう:[0.0059,0.0048,0.0034,0.0042]
	後輪:[0.0004,0.0002,0.0000,0.0001]
	前輪:[0.0001,0.0000,0.0000,0.0001]
	より:[0.0021,0.0013,0.0003,0.0013]
	意味:[0.0004,0.0005,0.0001,0.0001]
	ます:[0.0228,0.0269,0.0224,0.0150]
	時期:[0.0000,0.0002,0.0000,0.0087]
	んだ:[0.0003,0.0006,0.0002,0.0003]
	本当だ:[0.0001,0.0000,0.0000,0.0000]
	です:[0.0011,0.0009,0.0005,0.0006]
	だけ:[0.0014,0.0013,0.0014,0.0007]
	なる:[0.0107,0.0090,0.0073,0.0068]
	する:[0.0377,0.0379,0.0453,0.0180]
	いる:[0.0124,0.0129,0.0079,0.0099]
	ある:[0.0113,0.0103,0.0051,0.0037]
	比較:[0.0082,0.0011,0.0003,0.0104]
	ない:[0.0105,0.0083,0.0076,0.0061]
	思う:[0.0011,0.0020,0.0027,0.0005]
	見つける:[0.0001,0.0000,0.0001,0.0000]
	けど:[0.0003,0.0002,0.0000,0.0000]
	それ:[0.0013,0.0009,0.0018,0.0009]
	さて:[0.0000,0.0001,0.0000,0.0001]
	優れる:[0.0003,0.0001,0.0000,0.0000]
	問題:[0.0005,0.0008,0.0003,0.0003]
	そう:[0.0002,0.0003,0.0008,0.0001]
	こと:[0.0097,0.0093,0.0086,0.0051]
	出来る:[0.0004,0.0004,0.0002,0.0001]
	以外:[0.0017,0.0016,0.0001,0.0001]
	難しい:[0.0003,0.0005,0.0001,0.0002]
	よく:[0.0000,0.0001,0.0000,0.0000]
False-Positive

Section:12
	Ｆｌａｇ：：００００
	最近は、電子制御で高度化した４ＷＤ（４輪駆動）もたくさんあり、自動車の世界もますます奥深くなっています。
	ボクは今まで、ＦＲ車と４ＷＤ車を持っていましたが、もちろん仕事や友人の車などでＦＦ車にもたくさん乗りました。
	またいずれ、そういう話もしてみたいと思います。
Score:0.00275136145123
EACH_TAG_SCORE:
	image:0.000795948144258
	table:0.000776494022309
	graph:0.0004497628901
	flow:0.000729156394564
PARA:
Clueword:
	制御:[0.0001,0.0001,0.0000,0.0000]
	駆動:[0.0004,0.0002,0.0000,0.0002]
	たくさんだ:[0.0001,0.0002,0.0003,0.0000]
	世界:[0.0007,0.0005,0.0008,0.0008]
	ます:[0.0228,0.0269,0.0224,0.0150]
	たい:[0.0012,0.0013,0.0014,0.0010]
	持つ:[0.0008,0.0007,0.0014,0.0001]
	そういう:[0.0000,0.0000,0.0000,0.0000]
	いずれ:[0.0000,0.0001,0.0001,0.0001]
	みる:[0.0011,0.0014,0.0005,0.0011]
	仕事:[0.0003,0.0003,0.0005,0.0003]
	なる:[0.0107,0.0090,0.0073,0.0068]
	まで:[0.0020,0.0014,0.0016,0.0015]
	する:[0.0377,0.0379,0.0453,0.0180]
	いる:[0.0124,0.0129,0.0079,0.0099]
	自動車:[0.0001,0.0000,0.0001,0.0000]
	乗る:[0.0000,0.0001,0.0000,0.0000]
	ある:[0.0113,0.0103,0.0051,0.0037]
	最近:[0.0003,0.0002,0.0019,0.0018]
	など:[0.0054,0.0053,0.0021,0.0019]
	思う:[0.0011,0.0020,0.0027,0.0005]
	電子:[0.0001,0.0000,0.0000,0.0000]
	高度だ:[0.0000,0.0000,0.0000,0.0001]
	また:[0.0013,0.0021,0.0018,0.0011]
	たくさん:[0.0001,0.0000,0.0000,0.0000]
	もちろん:[0.0003,0.0001,0.0005,0.0000]
False-Positive

Section:6
	Ｆｌａｇ：：００００
	後輪駆動の特徴
	前回の、その１、では、ＦＦのお話をしました。
	前輪駆動が現在の多くの乗用車で採用されるメリットとは
	知っている人にとってはわかりきった話を、超初心者向けに書いてみましたがいかがでしょうか。
	今回は、ＦＲ編です。
	その１を読んでいない人は先に読んでおいてくださいね〜。
	では、先にイラストを貼ります。
	（略）
Score:0.00231056903583
EACH_TAG_SCORE:
	image:0.000638828242846
	table:0.000694178136589
	graph:0.000388928454845
	flow:0.000588634201547
PARA:
Clueword:
	今回:[0.0001,0.0001,0.0002,0.0004]
	メリット:[0.0045,0.0002,0.0000,0.0000]
	駆動:[0.0004,0.0002,0.0000,0.0002]
	採用:[0.0001,0.0002,0.0000,0.0002]
	後輪:[0.0004,0.0002,0.0000,0.0001]
	前輪:[0.0001,0.0000,0.0000,0.0001]
	イラスト:[0.0000,0.0001,0.0000,0.0000]
	では:[0.0002,0.0001,0.0001,0.0000]
	特徴:[0.0100,0.0019,0.0000,0.0002]
	読む:[0.0003,0.0005,0.0000,0.0000]
	向け:[0.0003,0.0000,0.0000,0.0001]
	ます:[0.0228,0.0269,0.0224,0.0150]
	書く:[0.0018,0.0008,0.0006,0.0001]
	多く:[0.0005,0.0006,0.0001,0.0054]
	初心:[0.0003,0.0002,0.0002,0.0001]
	れる:[0.0087,0.0086,0.0069,0.0045]
	きる:[0.0006,0.0002,0.0001,0.0001]
	とる:[0.0004,0.0007,0.0005,0.0001]
	みる:[0.0011,0.0014,0.0005,0.0011]
	その:[0.0018,0.0030,0.0033,0.0011]
	する:[0.0377,0.0379,0.0453,0.0180]
	いる:[0.0124,0.0129,0.0079,0.0099]
	現在:[0.0004,0.0003,0.0014,0.0003]
	くださる:[0.0005,0.0014,0.0021,0.0009]
	知る:[0.0007,0.0006,0.0002,0.0007]
	おく:[0.0014,0.0010,0.0010,0.0012]
	ない:[0.0105,0.0083,0.0076,0.0061]
	わかる:[0.0006,0.0009,0.0004,0.0002]
	前回:[0.0001,0.0000,0.0000,0.0003]
False-Positive

Section:2
	Ｆｌａｇ：：１０００
	ＢＭＷのクルマは全て、車体前部に縦に置かれたエンジンから生み出されるパワーをリア・ホイールへと伝達させます。
	ＢＭＷ１シリーズも例外ではありません。
	後輪駆動方式は伝統的なＢＭＷの特徴であり、魅力的な走り、優れたトラクション、安心できるハンドリングを実現する大事な要素なのです。
	後輪駆動の有効性は、荷物を積むほど高まります。
	前輪を駆動するクルマでは、満載状態になると前車軸への荷重が減少して、トラクションに悪影響を及ぼします。
	ＢＭＷ１シリーズならば、このようなことは起こりません。
Score:0.00189467759116
EACH_TAG_SCORE:
	image:0.000534812662089
	table:0.00057931665407
	graph:0.000310885280012
	flow:0.000469662994991
PARA:
Clueword:
	駆動:[0.0004,0.0002,0.0000,0.0002]
	ホイール:[0.0000,0.0000,0.0000,0.0000]
	このような:[0.0003,0.0003,0.0001,0.0003]
	起こる:[0.0004,0.0004,0.0000,0.0005]
	魅力:[0.0003,0.0000,0.0000,0.0000]
	生む:[0.0001,0.0001,0.0001,0.0002]
	できる:[0.0044,0.0045,0.0022,0.0015]
	積む:[0.0000,0.0000,0.0000,0.0004]
	れる:[0.0087,0.0086,0.0069,0.0045]
	出す:[0.0007,0.0007,0.0006,0.0003]
	なる:[0.0107,0.0090,0.0073,0.0068]
	及ぼす:[0.0000,0.0000,0.0000,0.0000]
	伝達:[0.0000,0.0001,0.0000,0.0000]
	する:[0.0377,0.0379,0.0453,0.0180]
	要素:[0.0003,0.0004,0.0000,0.0000]
	シリーズ:[0.0000,0.0001,0.0000,0.0001]
	こと:[0.0097,0.0093,0.0086,0.0051]
	大事だ:[0.0001,0.0001,0.0000,0.0000]
	前輪:[0.0001,0.0000,0.0000,0.0001]
	全て:[0.0001,0.0001,0.0000,0.0000]
	優れる:[0.0003,0.0001,0.0000,0.0000]
	伝統:[0.0000,0.0000,0.0000,0.0000]
	荷重:[0.0000,0.0000,0.0000,0.0000]
	パワー:[0.0000,0.0000,0.0000,0.0000]
	減少:[0.0000,0.0000,0.0000,0.0090]
	置く:[0.0002,0.0007,0.0005,0.0003]
	後輪:[0.0004,0.0002,0.0000,0.0001]
	車体:[0.0000,0.0005,0.0000,0.0001]
	影響:[0.0004,0.0006,0.0005,0.0007]
	的だ:[0.0049,0.0028,0.0019,0.0013]
	安心:[0.0001,0.0002,0.0000,0.0001]
	特徴:[0.0100,0.0019,0.0000,0.0002]
	リア:[0.0000,0.0000,0.0000,0.0000]
	ます:[0.0228,0.0269,0.0224,0.0150]
	のだ:[0.0071,0.0068,0.0053,0.0039]
	から:[0.0057,0.0058,0.0057,0.0033]
	クルマ:[0.0001,0.0002,0.0000,0.0001]
	エンジン:[0.0002,0.0005,0.0000,0.0002]
	有効だ:[0.0003,0.0000,0.0001,0.0000]
	荷物:[0.0004,0.0000,0.0000,0.0000]
	前部:[0.0000,0.0000,0.0000,0.0000]
	せる:[0.0005,0.0017,0.0029,0.0006]
	走る:[0.0001,0.0002,0.0000,0.0002]
	ほど:[0.0009,0.0005,0.0000,0.0003]
	ある:[0.0113,0.0103,0.0051,0.0037]
	実現:[0.0002,0.0001,0.0001,0.0001]
	方式:[0.0012,0.0000,0.0000,0.0000]
	状態:[0.0028,0.0009,0.0012,0.0006]
	例外:[0.0002,0.0001,0.0000,0.0000]
True-Positive

Section:1
	Ｆｌａｇ：：００００
	後輪駆動式は前輪駆動式よりも優れている
	ＢＭＷＪａｐａｎ
	ＢＭＷでは常識ですが．．．コンパクト・セグメントでは初めてのＦＲ（フロントエンジン＋後輪駆動）
	ＢＭＷのクルマは全て、車体前部に縦に置かれたエンジンから生み出されるパワーをリア・ホイールへと伝達させます。
	ＢＭＷ１シリーズも例外ではありません。
	後輪駆動方式は伝統的なＢＭＷの特徴であり、魅力的な走り、優れたトラクション、安心できるハンドリングを実現する大事な要素なのです。
	後輪駆動の有効性は、荷物を積むほど高まります。
	前輪を駆動するクルマでは、満載状態になると前車軸への荷重が減少して、トラクションに悪影響を及ぼします。
	ＢＭＷ１シリーズならば、このようなことは起こりません。
Score:0.00159649248755
EACH_TAG_SCORE:
	image:0.000453099316964
	table:0.00048759852641
	graph:0.000271908179085
	flow:0.00038388646509
PARA:
Clueword:
	駆動:[0.0004,0.0002,0.0000,0.0002]
	ホイール:[0.0000,0.0000,0.0000,0.0000]
	このような:[0.0003,0.0003,0.0001,0.0003]
	より:[0.0021,0.0013,0.0003,0.0013]
	起こる:[0.0004,0.0004,0.0000,0.0005]
	フロント:[0.0000,0.0000,0.0000,0.0001]
	生む:[0.0001,0.0001,0.0001,0.0002]
	できる:[0.0044,0.0045,0.0022,0.0015]
	積む:[0.0000,0.0000,0.0000,0.0004]
	初めて:[0.0000,0.0002,0.0000,0.0000]
	れる:[0.0087,0.0086,0.0069,0.0045]
	出す:[0.0007,0.0007,0.0006,0.0003]
	なる:[0.0107,0.0090,0.0073,0.0068]
	及ぼす:[0.0000,0.0000,0.0000,0.0000]
	伝達:[0.0000,0.0001,0.0000,0.0000]
	する:[0.0377,0.0379,0.0453,0.0180]
	いる:[0.0124,0.0129,0.0079,0.0099]
	シリーズ:[0.0000,0.0001,0.0000,0.0001]
	こと:[0.0097,0.0093,0.0086,0.0051]
	大事だ:[0.0001,0.0001,0.0000,0.0000]
	車体:[0.0000,0.0005,0.0000,0.0001]
	全て:[0.0001,0.0001,0.0000,0.0000]
	優れる:[0.0003,0.0001,0.0000,0.0000]
	要素:[0.0003,0.0004,0.0000,0.0000]
	伝統:[0.0000,0.0000,0.0000,0.0000]
	荷重:[0.0000,0.0000,0.0000,0.0000]
	パワー:[0.0000,0.0000,0.0000,0.0000]
	減少:[0.0000,0.0000,0.0000,0.0090]
	魅力:[0.0003,0.0000,0.0000,0.0000]
	置く:[0.0002,0.0007,0.0005,0.0003]
	後輪:[0.0004,0.0002,0.0000,0.0001]
	前輪:[0.0001,0.0000,0.0000,0.0001]
	影響:[0.0004,0.0006,0.0005,0.0007]
	安心:[0.0001,0.0002,0.0000,0.0001]
	特徴:[0.0100,0.0019,0.0000,0.0002]
	リア:[0.0000,0.0000,0.0000,0.0000]
	ます:[0.0228,0.0269,0.0224,0.0150]
	のだ:[0.0071,0.0068,0.0053,0.0039]
	から:[0.0057,0.0058,0.0057,0.0033]
	セグメント:[0.0000,0.0001,0.0000,0.0000]
	クルマ:[0.0001,0.0002,0.0000,0.0001]
	エンジン:[0.0002,0.0005,0.0000,0.0002]
	状態:[0.0028,0.0009,0.0012,0.0006]
	有効だ:[0.0003,0.0000,0.0001,0.0000]
	荷物:[0.0004,0.0000,0.0000,0.0000]
	ある:[0.0113,0.0103,0.0051,0.0037]
	コンパクト:[0.0000,0.0000,0.0000,0.0000]
	せる:[0.0005,0.0017,0.0029,0.0006]
	走る:[0.0001,0.0002,0.0000,0.0002]
	ほど:[0.0009,0.0005,0.0000,0.0003]
	実現:[0.0002,0.0001,0.0001,0.0001]
	方式:[0.0012,0.0000,0.0000,0.0000]
	的だ:[0.0049,0.0028,0.0019,0.0013]
	常識:[0.0000,0.0000,0.0000,0.0000]
	例外:[0.0002,0.0001,0.0000,0.0000]
	前部:[0.0000,0.0000,0.0000,0.0000]
False-Positive

Section:11
	Ｆｌａｇ：：０１００
	なお、高級車＝ＦＲという話になりましたが、スポーツカーの世界でも後輪駆動が主流です。
	Ｆ１などのレーシングカーはＭＲですし、前回も書いたようにポルシェの代表車種はＲＲです。
	フェラーリもランボルギーニもＭＲです。
	エンジンの置き場所こそ違えど、駆動輪はみんな後輪です。
	レーシングにおいては自動車のバランスは非常に重要です。
	ＦＦ車はどうしてもクルマの前部が重くなりますが、後輪駆動車は前後のバランスが均等に近くなります。
	また後輪駆動のほうがアンダーステアが発生しにくい（オーバーステアが発生しやすい）ので、コーナーを曲がることが重視されるレースの世界では重宝されます。
Score:0.00157125271502
EACH_TAG_SCORE:
	image:0.000448402148482
	table:0.000448708902171
	graph:0.00027532555501
	flow:0.000398816109356
PARA:
Clueword:
	駆動:[0.0004,0.0002,0.0000,0.0002]
	にくい:[0.0010,0.0008,0.0004,0.0001]
	重要だ:[0.0007,0.0004,0.0000,0.0004]
	レース:[0.0000,0.0000,0.0000,0.0000]
	代表:[0.0003,0.0002,0.0000,0.0000]
	どうしても:[0.0001,0.0001,0.0000,0.0001]
	コーナー:[0.0000,0.0001,0.0000,0.0000]
	非常だ:[0.0005,0.0005,0.0000,0.0002]
	均等だ:[0.0000,0.0000,0.0000,0.0000]
	前後:[0.0006,0.0011,0.0026,0.0047]
	れる:[0.0087,0.0086,0.0069,0.0045]
	オーバーステア:[0.0000,0.0000,0.0000,0.0000]
	フェラーリ:[0.0000,0.0000,0.0000,0.0000]
	なる:[0.0107,0.0090,0.0073,0.0068]
	する:[0.0377,0.0379,0.0453,0.0180]
	曲がる:[0.0000,0.0001,0.0000,0.0000]
	自動車:[0.0001,0.0000,0.0001,0.0000]
	世界:[0.0007,0.0005,0.0008,0.0008]
	ランボルギーニ:[0.0000,0.0000,0.0000,0.0000]
	前部:[0.0000,0.0000,0.0000,0.0000]
	こと:[0.0097,0.0093,0.0086,0.0051]
	高級だ:[0.0002,0.0001,0.0000,0.0000]
	バランス:[0.0003,0.0020,0.0002,0.0054]
	重い:[0.0004,0.0000,0.0000,0.0000]
	置き場:[0.0000,0.0000,0.0000,0.0000]
	みんな:[0.0002,0.0001,0.0000,0.0000]
	こそ:[0.0000,0.0000,0.0000,0.0000]
	おく:[0.0014,0.0010,0.0010,0.0012]
	レーシングカー:[0.0000,0.0000,0.0000,0.0000]
	近い:[0.0004,0.0012,0.0000,0.0003]
	ようだ:[0.0039,0.0045,0.0062,0.0016]
	前回:[0.0001,0.0000,0.0000,0.0003]
	ポルシェ:[0.0001,0.0000,0.0000,0.0000]
	いう:[0.0059,0.0048,0.0034,0.0042]
	後輪:[0.0004,0.0002,0.0000,0.0001]
	ます:[0.0228,0.0269,0.0224,0.0150]
	書く:[0.0018,0.0008,0.0006,0.0001]
	また:[0.0013,0.0021,0.0018,0.0011]
	のだ:[0.0071,0.0068,0.0053,0.0039]
	スポーツカー:[0.0001,0.0000,0.0000,0.0000]
	クルマ:[0.0001,0.0002,0.0000,0.0001]
	主流:[0.0001,0.0008,0.0000,0.0008]
	重視:[0.0003,0.0001,0.0000,0.0000]
	重宝:[0.0001,0.0000,0.0000,0.0000]
	エンジン:[0.0002,0.0005,0.0000,0.0002]
	ほう:[0.0006,0.0001,0.0000,0.0001]
	など:[0.0054,0.0053,0.0021,0.0019]
	アンダーステア:[0.0000,0.0000,0.0000,0.0000]
	車種:[0.0000,0.0000,0.0000,0.0000]
	発生:[0.0006,0.0007,0.0008,0.0007]
	でも:[0.0029,0.0018,0.0004,0.0017]
	なお:[0.0003,0.0003,0.0002,0.0001]
	やすい:[0.0028,0.0023,0.0011,0.0006]
	違う:[0.0011,0.0009,0.0003,0.0008]
	レーシング:[0.0000,0.0000,0.0000,0.0000]
True-Positive

Section:10
	Ｆｌａｇ：：００００
	そう考えると、ＦＲというのはメリットとデメリットの両面から考えても、高級車に採用されやすい、ということになるわけです。
	トヨタのクラウンや日産のＦＵＧＡ、メルセデス・ベンツの大部分やＢＭＷやジャガーなど、高級車では軒並みＦＲが採用されています。
	そんな中、前回も冒頭で書きましたが、ホンダというのは、ほとんどＦＦ専業メーカーと言ってもよく、最高級セダンであるレジェンドにもＦＦが採用されています。
	ホンダはおそらくＦＦの高級車でも売れると思って出したんだと思いますが、やはりマーケットにはほとんど受け入れられませんでした。
	トヨタのクラウンが毎月数千台規模で売れるのに対し、ホンダのレジェンドは数百台かそれ以下です。
	今後、ＦＲの製造ラインを持たないホンダがレジェンドをどうして行くのか、ちょっと注目したいところです。
Score:0.00155440477086
EACH_TAG_SCORE:
	image:0.000433371262574
	table:0.000464677472616
	graph:0.000256716641685
	flow:0.00039963939399
PARA:
Clueword:
	どうして:[0.0000,0.0000,0.0018,0.0000]
	冒頭:[0.0000,0.0000,0.0000,0.0001]
	持つ:[0.0008,0.0007,0.0014,0.0001]
	れる:[0.0087,0.0086,0.0069,0.0045]
	受け入れる:[0.0001,0.0000,0.0000,0.0000]
	出す:[0.0007,0.0007,0.0006,0.0003]
	なる:[0.0107,0.0090,0.0073,0.0068]
	たい:[0.0012,0.0013,0.0014,0.0010]
	毎月:[0.0001,0.0000,0.0000,0.0000]
	する:[0.0377,0.0379,0.0453,0.0180]
	両面:[0.0004,0.0000,0.0000,0.0000]
	いる:[0.0124,0.0129,0.0079,0.0099]
	今後:[0.0002,0.0001,0.0074,0.0016]
	こと:[0.0097,0.0093,0.0086,0.0051]
	注目:[0.0002,0.0000,0.0000,0.0002]
	高級だ:[0.0002,0.0001,0.0000,0.0000]
	わけだ:[0.0004,0.0003,0.0000,0.0001]
	それ:[0.0013,0.0009,0.0018,0.0009]
	ほとんど:[0.0006,0.0007,0.0001,0.0018]
	以下:[0.0010,0.0024,0.0011,0.0002]
	前回:[0.0001,0.0000,0.0000,0.0003]
	メリット:[0.0045,0.0002,0.0000,0.0000]
	売れる:[0.0001,0.0000,0.0001,0.0001]
	いう:[0.0059,0.0048,0.0034,0.0042]
	採用:[0.0001,0.0002,0.0000,0.0002]
	ところ:[0.0010,0.0004,0.0003,0.0007]
	そう:[0.0002,0.0003,0.0008,0.0001]
	製造:[0.0002,0.0000,0.0001,0.0004]
	言う:[0.0010,0.0013,0.0005,0.0004]
	んだ:[0.0003,0.0006,0.0002,0.0003]
	ます:[0.0228,0.0269,0.0224,0.0150]
	書く:[0.0018,0.0008,0.0006,0.0001]
	のだ:[0.0071,0.0068,0.0053,0.0039]
	クラウン:[0.0000,0.0000,0.0000,0.0000]
	から:[0.0057,0.0058,0.0057,0.0033]
	トヨタ:[0.0000,0.0000,0.0000,0.0005]
	ライン:[0.0001,0.0003,0.0001,0.0001]
	デメリット:[0.0044,0.0006,0.0000,0.0001]
	ちょっと:[0.0002,0.0001,0.0000,0.0003]
	対する:[0.0008,0.0005,0.0003,0.0000]
	考える:[0.0013,0.0012,0.0004,0.0007]
	られる:[0.0026,0.0025,0.0012,0.0015]
	規模:[0.0002,0.0002,0.0000,0.0003]
	ない:[0.0105,0.0083,0.0076,0.0061]
	など:[0.0054,0.0053,0.0021,0.0019]
	メーカー:[0.0001,0.0001,0.0005,0.0000]
	よい:[0.0014,0.0014,0.0003,0.0004]
	そんな:[0.0002,0.0001,0.0000,0.0005]
	やはり:[0.0002,0.0001,0.0000,0.0000]
	最高だ:[0.0000,0.0001,0.0000,0.0001]
	ベンツ:[0.0000,0.0000,0.0000,0.0000]
	思う:[0.0011,0.0020,0.0027,0.0005]
	でも:[0.0029,0.0018,0.0004,0.0017]
	行く:[0.0006,0.0004,0.0002,0.0002]
	やすい:[0.0028,0.0023,0.0011,0.0006]
False-Positive

Section:9
	Ｆｌａｇ：：１０００
	ＦＦと違ってＦＲではエンジンの動力をシャフトを使って後輪に伝える必要があります。
	ＦＦよりも大がかりなので、比較的故障する確率は高いと言えます。
	ＦＦではエンジンが横置きなので、クルマの室内が広く取れるというメリットがありました。
	逆にＦＲではエンジンが縦置きなので、室内を広くするためには、結局、クルマ自体を大きくするしかありません。
	するとエンジンの回転方向をタイヤに対して９０度の向きで置く必要が出てきます。
	これをシャフトでクルマの後部に伝え、そこでギアを使って再び向きを９０度変えて後輪を回すわけです。
Score:0.00153607455752
EACH_TAG_SCORE:
	image:0.000419027552918
	table:0.000439736096052
	graph:0.000314418883525
	flow:0.000362892025029
PARA:
Clueword:
	そこ:[0.0005,0.0005,0.0006,0.0001]
	置く:[0.0002,0.0007,0.0005,0.0003]
	いう:[0.0059,0.0048,0.0034,0.0042]
	後輪:[0.0004,0.0002,0.0000,0.0001]
	する:[0.0377,0.0379,0.0453,0.0180]
	広い:[0.0002,0.0004,0.0001,0.0002]
	より:[0.0021,0.0013,0.0003,0.0013]
	故障:[0.0000,0.0000,0.0000,0.0000]
	しか:[0.0006,0.0006,0.0000,0.0011]
	再び:[0.0000,0.0001,0.0002,0.0000]
	メリット:[0.0045,0.0002,0.0000,0.0000]
	ます:[0.0228,0.0269,0.0224,0.0150]
	取れる:[0.0001,0.0002,0.0000,0.0000]
	大がかりだ:[0.0000,0.0000,0.0000,0.0000]
	くる:[0.0012,0.0016,0.0007,0.0011]
	動力:[0.0000,0.0001,0.0000,0.0000]
	のだ:[0.0071,0.0068,0.0053,0.0039]
	ギア:[0.0000,0.0000,0.0000,0.0000]
	確率:[0.0004,0.0001,0.0000,0.0110]
	タイヤ:[0.0000,0.0005,0.0000,0.0000]
	クルマ:[0.0001,0.0002,0.0000,0.0001]
	結局:[0.0000,0.0000,0.0000,0.0001]
	回す:[0.0001,0.0003,0.0009,0.0001]
	これ:[0.0015,0.0020,0.0024,0.0011]
	比較的:[0.0044,0.0005,0.0000,0.0028]
	エンジン:[0.0002,0.0005,0.0000,0.0002]
	大きい:[0.0011,0.0018,0.0014,0.0029]
	向く:[0.0001,0.0003,0.0002,0.0001]
	自体:[0.0004,0.0004,0.0000,0.0000]
	後部:[0.0000,0.0002,0.0001,0.0000]
	対する:[0.0008,0.0005,0.0003,0.0000]
	必要だ:[0.0023,0.0013,0.0019,0.0006]
	高い:[0.0015,0.0007,0.0005,0.0100]
	ある:[0.0113,0.0103,0.0051,0.0037]
	言える:[0.0002,0.0002,0.0000,0.0003]
	伝える:[0.0003,0.0005,0.0001,0.0002]
	わけだ:[0.0004,0.0003,0.0000,0.0001]
	シャフト:[0.0000,0.0001,0.0000,0.0001]
	ため:[0.0030,0.0032,0.0027,0.0024]
	出る:[0.0009,0.0008,0.0003,0.0006]
	すると:[0.0000,0.0001,0.0001,0.0000]
	逆だ:[0.0006,0.0003,0.0001,0.0003]
	変える:[0.0002,0.0002,0.0000,0.0001]
	方向:[0.0000,0.0003,0.0001,0.0000]
	使う:[0.0028,0.0024,0.0010,0.0006]
	回転:[0.0000,0.0001,0.0003,0.0000]
	違う:[0.0011,0.0009,0.0003,0.0008]
True-Positive

Section:4
	Ｆｌａｇ：：０１００
	後輪駆動の問題点はスペース効率が悪い、重量配分がせいぜい５０：５０にしかならないところです。
	後輪駆動なのですから、本来はもっと後輪に対して重量配分したいところなのですがそれが出来ない。
	それは重いエンジンとトランスミッションが前にあるからです。
	トランスアクスルでリアヘビーにするなどの努力もありますが、スペース効率が犠牲になります。
	これが成立するのはスポーツカーだけでしょう。
	ミッドシップにすれば後輪に荷重をかけられますが、さらにスペースを圧迫してしまいますのでやはりスポーツカーでしか成立しません。
	人や荷物を効率よく載せたいのなら前輪駆動が良いです。
	世界初の前輪駆動を採用したＭＩＮＩはあのサイズで４人乗れ、しかもラリーで後輪駆動のポルシェをぶっちぎって３年連続優勝した経歴もあります。
Score:0.00131174513991
EACH_TAG_SCORE:
	image:0.000374164592247
	table:0.000384855647064
	graph:0.000216033812702
	flow:0.0003366910879
PARA:
Clueword:
	もっと:[0.0001,0.0001,0.0000,0.0000]
	駆動:[0.0004,0.0002,0.0000,0.0002]
	載せる:[0.0000,0.0000,0.0000,0.0000]
	しか:[0.0006,0.0006,0.0000,0.0011]
	ぶっ:[0.0000,0.0000,0.0000,0.0000]
	ヘビー:[0.0000,0.0000,0.0000,0.0000]
	優勝:[0.0000,0.0000,0.0000,0.0000]
	しかも:[0.0000,0.0000,0.0000,0.0000]
	です:[0.0011,0.0009,0.0005,0.0006]
	連続:[0.0001,0.0000,0.0000,0.0000]
	しまう:[0.0018,0.0022,0.0024,0.0012]
	なら:[0.0020,0.0011,0.0003,0.0013]
	なる:[0.0107,0.0090,0.0073,0.0068]
	たい:[0.0012,0.0013,0.0014,0.0010]
	する:[0.0377,0.0379,0.0453,0.0180]
	ラリー:[0.0000,0.0000,0.0000,0.0000]
	さらに:[0.0005,0.0007,0.0031,0.0007]
	悪い:[0.0006,0.0002,0.0001,0.0005]
	ちぎる:[0.0000,0.0000,0.0000,0.0000]
	それ:[0.0013,0.0009,0.0018,0.0009]
	前輪:[0.0001,0.0000,0.0000,0.0001]
	圧迫:[0.0000,0.0000,0.0000,0.0000]
	トランス:[0.0002,0.0002,0.0000,0.0000]
	乗れる:[0.0000,0.0000,0.0000,0.0000]
	重い:[0.0004,0.0000,0.0000,0.0000]
	問題:[0.0005,0.0008,0.0003,0.0003]
	せいぜい:[0.0000,0.0000,0.0000,0.0000]
	荷重:[0.0000,0.0000,0.0000,0.0000]
	効率:[0.0002,0.0001,0.0001,0.0008]
	だけ:[0.0014,0.0013,0.0014,0.0007]
	出来る:[0.0004,0.0004,0.0002,0.0001]
	重量:[0.0003,0.0000,0.0000,0.0001]
	サイズ:[0.0001,0.0007,0.0001,0.0000]
	採用:[0.0001,0.0002,0.0000,0.0002]
	後輪:[0.0004,0.0002,0.0000,0.0001]
	ところ:[0.0010,0.0004,0.0003,0.0007]
	犠牲:[0.0001,0.0000,0.0000,0.0001]
	リア:[0.0000,0.0000,0.0000,0.0000]
	ます:[0.0228,0.0269,0.0224,0.0150]
	配分:[0.0001,0.0001,0.0000,0.0027]
	のだ:[0.0071,0.0068,0.0053,0.0039]
	スポーツカー:[0.0001,0.0000,0.0000,0.0000]
	から:[0.0057,0.0058,0.0057,0.0033]
	これ:[0.0015,0.0020,0.0024,0.0011]
	エンジン:[0.0002,0.0005,0.0000,0.0002]
	経歴:[0.0000,0.0000,0.0000,0.0000]
	対する:[0.0008,0.0005,0.0003,0.0000]
	世界:[0.0007,0.0005,0.0008,0.0008]
	良い:[0.0013,0.0011,0.0010,0.0006]
	られる:[0.0026,0.0025,0.0012,0.0015]
	荷物:[0.0004,0.0000,0.0000,0.0000]
	など:[0.0054,0.0053,0.0021,0.0019]
	ミッション:[0.0000,0.0000,0.0000,0.0000]
	かける:[0.0005,0.0008,0.0007,0.0003]
	ある:[0.0113,0.0103,0.0051,0.0037]
	よい:[0.0014,0.0014,0.0003,0.0004]
	やはり:[0.0002,0.0001,0.0000,0.0000]
	本来:[0.0001,0.0001,0.0000,0.0000]
	努力:[0.0001,0.0000,0.0000,0.0000]
	ポルシェ:[0.0001,0.0000,0.0000,0.0000]
	ミッドシップ:[0.0000,0.0000,0.0000,0.0000]
	トランスアクスル:[0.0000,0.0000,0.0000,0.0000]
	スペース:[0.0001,0.0001,0.0001,0.0000]
	ない:[0.0105,0.0083,0.0076,0.0061]
	成立:[0.0001,0.0001,0.0001,0.0000]
	あの:[0.0001,0.0003,0.0000,0.0000]
True-Positive

Section:7
	Ｆｌａｇ：：１０００
	まず、おさらいですが、ＦＲというのは前（Ｆｒｏｎｔ）にエンジンがあって、後ろ（Ｒｅａｒ）のタイヤが回るということでしたよね。
	上のイラストの左半分を見てもらえばわかるように、ＦＦと違って、ＦＲではエンジンは縦置きです。
	そのエンジンから、長いパイプ（これをドライブシャフトと言います）が伸びていて、後ろのタイヤに動力を伝えて、後ろのタイヤが回るようになっています。
	クラウンやベンツのような高級車やタクシーに乗ったときに、後部座席の足元の真ん中が盛り上がっていますよね。
	あれがシャフトの通り道です。
	当然ながら、ＦＦ車では後部座席の足元は平らです。
	ＦＲでは、ＦＦのデメリットが逆にメリットであることが多いです。
	まず、ＦＦでは駆動輪＝操舵輪ですので、ハンドルにエンジンの振動が伝わりやすいと書きました。
	ＦＲではエンジンは後輪につながっていて、前輪は操舵だけしかしません。
	なので、当然エンジンの不快な振動はハンドルには伝わりにくいです。
	また、駆動輪を操舵しませんので、ハンドルの操作感覚も自然です。
	また、エンジンが縦置きなので、エンジンとタイヤの隙間が大きく、サスペンションもしっかりした物が取り付けられます。
	よって、地面からの震動もしっかり吸収できます。
	あと、イラストの右側部分を見てください。
	ＦＦと違ってＦＲでは後輪に遠心力がかかります。
	つまり、クルマの後部が外側（右へのカーブの時は左）に向かおうとするので、クルマは曲がりやすくなります。
	これをオーバーステアといいます。
	ＦＦの曲がりにくい性質をアンダーステアと言いましたよね。
	振動が少なくてハンドルも自然で曲がりやすい。
Score:0.000851067751111
EACH_TAG_SCORE:
	image:0.000246509095779
	table:0.000236167466151
	graph:0.000135820673956
	flow:0.000232570515225
PARA:
Clueword:
	あう:[0.0007,0.0005,0.0002,0.0001]
	駆動:[0.0004,0.0002,0.0000,0.0002]
	つながる:[0.0000,0.0001,0.0002,0.0003]
	あと:[0.0006,0.0001,0.0000,0.0001]
	しか:[0.0006,0.0006,0.0000,0.0011]
	当然:[0.0000,0.0001,0.0000,0.0000]
	なので:[0.0002,0.0001,0.0000,0.0000]
	デメリット:[0.0044,0.0006,0.0000,0.0001]
	向かう:[0.0000,0.0001,0.0001,0.0001]
	伸びる:[0.0002,0.0001,0.0000,0.0001]
	足元:[0.0000,0.0001,0.0000,0.0002]
	真ん中:[0.0001,0.0009,0.0001,0.0000]
	座席:[0.0000,0.0001,0.0000,0.0000]
	地面:[0.0000,0.0001,0.0000,0.0000]
	感覚:[0.0000,0.0001,0.0000,0.0000]
	できる:[0.0044,0.0045,0.0022,0.0015]
	部分:[0.0020,0.0038,0.0010,0.0001]
	もらう:[0.0003,0.0001,0.0000,0.0000]
	つまり:[0.0002,0.0004,0.0000,0.0002]
	オーバーステア:[0.0000,0.0000,0.0000,0.0000]
	後ろ:[0.0000,0.0019,0.0016,0.0000]
	タイヤ:[0.0000,0.0005,0.0000,0.0000]
	です:[0.0011,0.0009,0.0005,0.0006]
	いう:[0.0059,0.0048,0.0034,0.0042]
	かかる:[0.0011,0.0002,0.0002,0.0002]
	なる:[0.0107,0.0090,0.0073,0.0068]
	外側:[0.0003,0.0022,0.0010,0.0000]
	伝わる:[0.0000,0.0001,0.0000,0.0000]
	する:[0.0377,0.0379,0.0453,0.0180]
	言う:[0.0010,0.0013,0.0005,0.0004]
	いる:[0.0124,0.0129,0.0079,0.0099]
	曲がる:[0.0000,0.0001,0.0000,0.0000]
	不快だ:[0.0000,0.0000,0.0000,0.0000]
	後部:[0.0000,0.0002,0.0001,0.0000]
	パイプ:[0.0000,0.0000,0.0000,0.0000]
	こと:[0.0097,0.0093,0.0086,0.0051]
	伝える:[0.0003,0.0005,0.0001,0.0002]
	ハンドル:[0.0000,0.0001,0.0000,0.0000]
	くださる:[0.0005,0.0014,0.0021,0.0009]
	半分:[0.0001,0.0001,0.0000,0.0001]
	性質:[0.0011,0.0001,0.0000,0.0001]
	吸収:[0.0000,0.0000,0.0000,0.0000]
	クルマ:[0.0001,0.0002,0.0000,0.0001]
	違う:[0.0011,0.0009,0.0003,0.0008]
	見る:[0.0008,0.0020,0.0005,0.0013]
	とき:[0.0006,0.0019,0.0029,0.0005]
	おさらい:[0.0000,0.0000,0.0000,0.0000]
	ようだ:[0.0039,0.0045,0.0062,0.0016]
	自然だ:[0.0002,0.0004,0.0003,0.0001]
	取り付ける:[0.0000,0.0002,0.0001,0.0000]
	震動:[0.0000,0.0000,0.0000,0.0000]
	ドライブ:[0.0000,0.0000,0.0000,0.0001]
	置く:[0.0002,0.0007,0.0005,0.0003]
	後輪:[0.0004,0.0002,0.0000,0.0001]
	前輪:[0.0001,0.0000,0.0000,0.0001]
	回る:[0.0001,0.0001,0.0001,0.0000]
	多い:[0.0030,0.0023,0.0006,0.0031]
	盛り上がる:[0.0000,0.0001,0.0001,0.0000]
	通り道:[0.0000,0.0000,0.0000,0.0000]
	振動:[0.0000,0.0001,0.0000,0.0000]
	ます:[0.0228,0.0269,0.0224,0.0150]
	まず:[0.0007,0.0007,0.0187,0.0001]
	書く:[0.0018,0.0008,0.0006,0.0001]
	動力:[0.0000,0.0001,0.0000,0.0000]
	また:[0.0013,0.0021,0.0018,0.0011]
	クラウン:[0.0000,0.0000,0.0000,0.0000]
	から:[0.0057,0.0058,0.0057,0.0033]
	にくい:[0.0010,0.0008,0.0004,0.0001]
	イラスト:[0.0000,0.0001,0.0000,0.0000]
	大きい:[0.0011,0.0018,0.0014,0.0029]
	だけ:[0.0014,0.0013,0.0014,0.0007]
	これ:[0.0015,0.0020,0.0024,0.0011]
	その:[0.0018,0.0030,0.0033,0.0011]
	エンジン:[0.0002,0.0005,0.0000,0.0002]
	あれ:[0.0000,0.0000,0.0000,0.0000]
	乗る:[0.0000,0.0001,0.0000,0.0000]
	られる:[0.0026,0.0025,0.0012,0.0015]
	少ない:[0.0006,0.0012,0.0000,0.0014]
	隙間:[0.0000,0.0004,0.0001,0.0000]
	操作:[0.0002,0.0003,0.0005,0.0000]
	シャフト:[0.0000,0.0001,0.0000,0.0001]
	サスペンション:[0.0000,0.0000,0.0000,0.0000]
	ながら:[0.0001,0.0005,0.0010,0.0005]
	アンダーステア:[0.0000,0.0000,0.0000,0.0000]
	遠心:[0.0000,0.0000,0.0000,0.0000]
	長い:[0.0005,0.0013,0.0003,0.0022]
	しっかり:[0.0001,0.0003,0.0016,0.0001]
	メリット:[0.0045,0.0002,0.0000,0.0000]
	ベンツ:[0.0000,0.0000,0.0000,0.0000]
	逆だ:[0.0006,0.0003,0.0001,0.0003]
	のだ:[0.0071,0.0068,0.0053,0.0039]
	平らだ:[0.0000,0.0001,0.0000,0.0000]
	カーブ:[0.0000,0.0000,0.0000,0.0000]
	やすい:[0.0028,0.0023,0.0011,0.0006]
	よって:[0.0000,0.0001,0.0000,0.0000]
	わかる:[0.0006,0.0009,0.0004,0.0002]
	タクシー:[0.0000,0.0000,0.0000,0.0005]
	高級だ:[0.0002,0.0001,0.0000,0.0000]
True-Positive

Section:8
	Ｆｌａｇ：：００００
	まさに高級車向けの特徴ですよね。
	では、なぜＦＲはエンジンが縦置きなのか。
	次のイラストを見てください。
	（略）
Score:0.000774258064027
EACH_TAG_SCORE:
	image:0.000212044814808
	table:0.000306921540881
	graph:0.000104035560434
	flow:0.000151256147905
PARA:
Clueword:
	なぜ:[0.0002,0.0001,0.0000,0.0000]
	置く:[0.0002,0.0007,0.0005,0.0003]
	次の:[0.0006,0.0001,0.0015,0.0000]
	高級だ:[0.0002,0.0001,0.0000,0.0000]
	では:[0.0002,0.0001,0.0001,0.0000]
	くださる:[0.0005,0.0014,0.0021,0.0009]
	特徴:[0.0100,0.0019,0.0000,0.0002]
	向け:[0.0003,0.0000,0.0000,0.0001]
	まさに:[0.0000,0.0001,0.0000,0.0000]
	のだ:[0.0071,0.0068,0.0053,0.0039]
	見る:[0.0008,0.0020,0.0005,0.0013]
	イラスト:[0.0000,0.0001,0.0000,0.0000]
	エンジン:[0.0002,0.0005,0.0000,0.0002]
False-Positive

Section:5
	Ｆｌａｇ：：００００
	おっとそんなＭＩＮＩも今はＢＭＷではないですか。
	笑
Score:0.000599161504533
EACH_TAG_SCORE:
	image:0.000154471418676
	table:0.000193676843109
	graph:0.000118604394608
	flow:0.00013240884814
PARA:
Clueword:
	そんな:[0.0002,0.0001,0.0000,0.0005]
	ない:[0.0105,0.0083,0.0076,0.0061]
	です:[0.0011,0.0009,0.0005,0.0006]
False-Positive

True-Negative:0
False-Positive:7
True-Positive:5
False-Negative:0
precision = 0.416667
recall = 1.000000
fvalue = 0.588235