Section:4
	Ｆｌａｇ：：１１１０
	金髪
	世界の全人口の中で１．７～２．０％しかいないのがこの金髪です。
	金髪には白色に近いプラチナブロンドやトゥーヘアード、暗い色のダークブロンドに至るまで細かく種類分けされています。
	天然の金髪は毛髪の太さは最も細いですが、量は他の色のものより多く、約１４万本が平均です。
Score:0.00317879868629
EACH_TAG_SCORE:
	image:0.00083233146536
	table:0.000922236385708
	graph:0.000743942486496
	flow:0.00068028834873
PARA:
Clueword:
	分ける:[0.0014,0.0003,0.0001,0.0002]
	％:[0.0004,0.0000,0.0000,0.0259]
	多い:[0.0030,0.0023,0.0006,0.0031]
	しか:[0.0006,0.0006,0.0000,0.0011]
	天然:[0.0001,0.0001,0.0000,0.0001]
	至る:[0.0001,0.0001,0.0000,0.0002]
	他の:[0.0003,0.0003,0.0002,0.0003]
	細かい:[0.0003,0.0008,0.0002,0.0001]
	細い:[0.0007,0.0014,0.0000,0.0001]
	ダーク:[0.0001,0.0002,0.0000,0.0001]
	より:[0.0021,0.0013,0.0003,0.0013]
	まで:[0.0020,0.0014,0.0016,0.0015]
	ます:[0.0228,0.0269,0.0224,0.0150]
	れる:[0.0087,0.0086,0.0069,0.0045]
	です:[0.0011,0.0009,0.0005,0.0006]
	最も:[0.0030,0.0006,0.0001,0.0034]
	ブロンド:[0.0001,0.0001,0.0000,0.0003]
	太い:[0.0012,0.0017,0.0001,0.0004]
	毛髪:[0.0001,0.0001,0.0000,0.0003]
	プラチナ:[0.0001,0.0000,0.0000,0.0001]
	する:[0.0377,0.0379,0.0453,0.0180]
	暗い:[0.0003,0.0015,0.0000,0.0001]
	いる:[0.0124,0.0129,0.0079,0.0099]
	白色:[0.0000,0.0011,0.0000,0.0001]
	世界:[0.0007,0.0005,0.0008,0.0008]
	人口:[0.0001,0.0001,0.0000,0.0017]
	この:[0.0023,0.0031,0.0023,0.0014]
	種類:[0.0166,0.0024,0.0001,0.0004]
	金髪:[0.0002,0.0005,0.0000,0.0006]
	平均:[0.0014,0.0001,0.0000,0.0085]
	近い:[0.0004,0.0012,0.0000,0.0003]
	ない:[0.0105,0.0083,0.0076,0.0061]
	トゥーヘアード:[0.0000,0.0004,0.0000,0.0001]
	もの:[0.0026,0.0031,0.0015,0.0008]
True-Positive

Section:1
	Ｆｌａｇ：：１１００
	世界の人の髪の毛の色
	世界には様々な人種の人が暮らしています。
	人種が違えば髪の毛の色も様々。
	世界には大きく分けて４種類の髪色があります。
Score:0.00248350768279
EACH_TAG_SCORE:
	image:0.000712609944931
	table:0.000859919334177
	graph:0.000428987189212
	flow:0.000481991214474
PARA:
Clueword:
	分ける:[0.0014,0.0003,0.0001,0.0002]
	人種:[0.0001,0.0001,0.0000,0.0000]
	様々だ:[0.0003,0.0001,0.0000,0.0000]
	いる:[0.0124,0.0129,0.0079,0.0099]
	世界:[0.0007,0.0005,0.0008,0.0008]
	ある:[0.0113,0.0103,0.0051,0.0037]
	暮らす:[0.0000,0.0001,0.0000,0.0001]
	種類:[0.0166,0.0024,0.0001,0.0004]
	ます:[0.0228,0.0269,0.0224,0.0150]
	違う:[0.0011,0.0009,0.0003,0.0008]
	大きい:[0.0011,0.0018,0.0014,0.0029]
True-Positive

Section:5
	Ｆｌａｇ：：１１００
	赤毛
	赤毛は世界的に最も珍しい髪色です。
	主にスコットランドやアイルランドに多くみられます。
	金髪よりもさらに少なく、遺伝子の突然変異によって起こる劣性遺伝だといわれています。
	天然の赤毛は最も太く、量は最も少ない９万本が平均です。
Score:0.00211597128036
EACH_TAG_SCORE:
	image:0.000592531436187
	table:0.000610219676822
	graph:0.000491888135405
	flow:0.00042133203195
PARA:
Clueword:
	最も:[0.0030,0.0006,0.0001,0.0034]
	多い:[0.0030,0.0023,0.0006,0.0031]
	世界:[0.0007,0.0005,0.0008,0.0008]
	突然だ:[0.0000,0.0000,0.0000,0.0000]
	より:[0.0021,0.0013,0.0003,0.0013]
	よる:[0.0024,0.0030,0.0030,0.0025]
	主だ:[0.0005,0.0004,0.0000,0.0000]
	的だ:[0.0049,0.0028,0.0019,0.0013]
	珍しい:[0.0000,0.0000,0.0000,0.0000]
	天然:[0.0001,0.0001,0.0000,0.0001]
	ます:[0.0228,0.0269,0.0224,0.0150]
	変異:[0.0000,0.0001,0.0001,0.0000]
	れる:[0.0087,0.0086,0.0069,0.0045]
	いう:[0.0059,0.0048,0.0034,0.0042]
	みる:[0.0011,0.0014,0.0005,0.0011]
	太い:[0.0012,0.0017,0.0001,0.0004]
	さらに:[0.0005,0.0007,0.0031,0.0007]
	スコットランド:[0.0000,0.0000,0.0000,0.0000]
	いる:[0.0124,0.0129,0.0079,0.0099]
	劣性:[0.0000,0.0000,0.0000,0.0000]
	遺伝子:[0.0004,0.0001,0.0000,0.0001]
	少ない:[0.0006,0.0012,0.0000,0.0014]
	られる:[0.0026,0.0025,0.0012,0.0015]
	金髪:[0.0002,0.0005,0.0000,0.0006]
	平均:[0.0014,0.0001,0.0000,0.0085]
	アイルランド:[0.0000,0.0000,0.0000,0.0000]
	遺伝:[0.0001,0.0001,0.0000,0.0000]
	赤毛:[0.0001,0.0004,0.0000,0.0000]
	起こる:[0.0004,0.0004,0.0000,0.0005]
True-Positive

Section:3
	Ｆｌａｇ：：１１００
	栗毛
	黒髪の次に多いのが栗毛の人々で、世界のあらゆる地域にみられます。
	黒髪と同様、毛髪の太さは中程度で、量は約１０万本が平均です。
Score:0.00194832418178
EACH_TAG_SCORE:
	image:0.000511766224446
	table:0.000473439246217
	graph:0.000440410052901
	flow:0.000522708658212
PARA:
Clueword:
	程度:[0.0014,0.0010,0.0007,0.0018]
	多い:[0.0030,0.0023,0.0006,0.0031]
	次に:[0.0001,0.0002,0.0131,0.0001]
	世界:[0.0007,0.0005,0.0008,0.0008]
	あらゆる:[0.0002,0.0004,0.0000,0.0000]
	られる:[0.0026,0.0025,0.0012,0.0015]
	黒:[0.0000,0.0007,0.0000,0.0000]
	同様だ:[0.0003,0.0003,0.0003,0.0000]
	栗毛:[0.0001,0.0004,0.0000,0.0000]
	ます:[0.0228,0.0269,0.0224,0.0150]
	平均:[0.0014,0.0001,0.0000,0.0085]
	人々:[0.0002,0.0001,0.0000,0.0001]
	みる:[0.0011,0.0014,0.0005,0.0011]
	太い:[0.0012,0.0017,0.0001,0.0004]
	毛髪:[0.0001,0.0001,0.0000,0.0003]
	地域:[0.0008,0.0004,0.0000,0.0007]
True-Positive

Section:6
	Ｆｌａｇ：：００００
	自分に似合う髪色がいちばん
	このように世界には色々な髪色の人がいます。
	欧米の人からすると、日本人の髪を染める行為が不思議に映るそうです。
	「どうしてキレイな黒髪をわざわざ金髪や茶髪にするの？」と。
	どうやら、日本人がブロンドヘアーなどに憧れているように、欧米の人も日本人の黒髪を評価してくれているようですね。
	髪を染めればそれだけ髪も傷んでしまいます。
	長く豊かな自毛を保持していくには、若い頃に髪で遊びすぎない必要があります。
	それに、最近は流行りの髪色として、黒髪の良さが見直されていますよね。
	一度明るい髪色にしてしまった人でも「髪色戻したい」という衝動にかられるみたいですね。
	そして黒髪のままオシャレを楽めば、それだけ自毛の健康と美しさを保てますよ。
Score:0.00153718057753
EACH_TAG_SCORE:
	image:0.00043934838643
	table:0.000434199597342
	graph:0.00025606264697
	flow:0.000407569946788
PARA:
Clueword:
	ヘアー:[0.0000,0.0000,0.0000,0.0001]
	どうして:[0.0000,0.0000,0.0018,0.0000]
	このように:[0.0002,0.0001,0.0001,0.0001]
	評価:[0.0000,0.0000,0.0001,0.0001]
	色々だ:[0.0000,0.0000,0.0000,0.0000]
	めだ:[0.0007,0.0008,0.0006,0.0003]
	遊ぶ:[0.0001,0.0000,0.0000,0.0000]
	れる:[0.0087,0.0086,0.0069,0.0045]
	しまう:[0.0018,0.0022,0.0024,0.0012]
	ブロンド:[0.0001,0.0001,0.0000,0.0003]
	自分:[0.0013,0.0009,0.0012,0.0008]
	日本:[0.0009,0.0006,0.0009,0.0017]
	する:[0.0377,0.0379,0.0453,0.0180]
	いる:[0.0124,0.0129,0.0079,0.0099]
	すぎる:[0.0006,0.0007,0.0003,0.0001]
	オシャレだ:[0.0000,0.0000,0.0000,0.0001]
	憧れる:[0.0000,0.0000,0.0000,0.0000]
	楽だ:[0.0001,0.0000,0.0000,0.0000]
	それ:[0.0013,0.0009,0.0018,0.0009]
	行為:[0.0000,0.0001,0.0000,0.0000]
	健康だ:[0.0001,0.0002,0.0001,0.0000]
	似合う:[0.0000,0.0000,0.0000,0.0000]
	だけ:[0.0014,0.0013,0.0014,0.0007]
	ようだ:[0.0039,0.0045,0.0062,0.0016]
	いく:[0.0011,0.0015,0.0022,0.0005]
	まま:[0.0003,0.0002,0.0001,0.0002]
	いう:[0.0059,0.0048,0.0034,0.0042]
	キレイだ:[0.0000,0.0003,0.0000,0.0000]
	世界:[0.0007,0.0005,0.0008,0.0008]
	そうだ:[0.0003,0.0008,0.0005,0.0007]
	ます:[0.0228,0.0269,0.0224,0.0150]
	たい:[0.0012,0.0013,0.0014,0.0010]
	流行る:[0.0004,0.0001,0.0000,0.0003]
	わざわざ:[0.0000,0.0000,0.0000,0.0000]
	豊かだ:[0.0000,0.0000,0.0001,0.0000]
	から:[0.0057,0.0058,0.0057,0.0033]
	くれる:[0.0004,0.0006,0.0000,0.0000]
	必要だ:[0.0023,0.0013,0.0019,0.0006]
	不思議だ:[0.0000,0.0000,0.0001,0.0001]
	みたいだ:[0.0002,0.0001,0.0000,0.0002]
	良い:[0.0013,0.0011,0.0010,0.0006]
	ある:[0.0113,0.0103,0.0051,0.0037]
	黒:[0.0000,0.0007,0.0000,0.0000]
	など:[0.0054,0.0053,0.0021,0.0019]
	金髪:[0.0002,0.0005,0.0000,0.0006]
	長い:[0.0005,0.0013,0.0003,0.0022]
	明るい:[0.0001,0.0010,0.0000,0.0000]
	そして:[0.0004,0.0004,0.0025,0.0001]
	美しい:[0.0001,0.0002,0.0000,0.0000]
	最近:[0.0003,0.0002,0.0019,0.0018]
	でも:[0.0029,0.0018,0.0004,0.0017]
	ない:[0.0105,0.0083,0.0076,0.0061]
	戻す:[0.0001,0.0002,0.0003,0.0001]
False-Positive

Section:2
	Ｆｌａｇ：：１１１０
	黒髪
	黒髪は世界で最も多い髪色です。
	東アジア、アフリカ、南アジア、ネイティブ・アメリカン、中東、地中海沿岸、太平洋諸島の出身者はほとんど黒髪の民族です。
	民族によって髪質や髪の太さが異なりますが、東アジアにはストレート、アフリカにはカールヘアーが多く見られます。
	毛髪の太さは中程度で、量は約１０万本が平均です。
Score:0.000969849263582
EACH_TAG_SCORE:
	image:0.000265306180556
	table:0.000259373819008
	graph:0.00026415896892
	flow:0.000181010295097
PARA:
Clueword:
	最も:[0.0030,0.0006,0.0001,0.0034]
	ヘアー:[0.0000,0.0000,0.0000,0.0001]
	多い:[0.0030,0.0023,0.0006,0.0031]
	世界:[0.0007,0.0005,0.0008,0.0008]
	よる:[0.0024,0.0030,0.0030,0.0025]
	地中海:[0.0000,0.0000,0.0000,0.0001]
	諸島:[0.0000,0.0000,0.0000,0.0001]
	カール:[0.0001,0.0001,0.0000,0.0001]
	ます:[0.0228,0.0269,0.0224,0.0150]
	異なる:[0.0019,0.0007,0.0002,0.0001]
	出身:[0.0000,0.0002,0.0000,0.0004]
	中東:[0.0000,0.0000,0.0000,0.0001]
	太平洋:[0.0000,0.0000,0.0000,0.0001]
	太い:[0.0012,0.0017,0.0001,0.0004]
	ネイティブ:[0.0000,0.0000,0.0000,0.0001]
	アジア:[0.0001,0.0001,0.0000,0.0004]
	民族:[0.0001,0.0002,0.0000,0.0003]
	程度:[0.0014,0.0010,0.0007,0.0018]
	沿岸:[0.0000,0.0000,0.0000,0.0001]
	られる:[0.0026,0.0025,0.0012,0.0015]
	黒:[0.0000,0.0007,0.0000,0.0000]
	ストレートだ:[0.0001,0.0001,0.0000,0.0001]
	毛髪:[0.0001,0.0001,0.0000,0.0003]
	平均:[0.0014,0.0001,0.0000,0.0085]
	ほとんど:[0.0006,0.0007,0.0001,0.0018]
	見る:[0.0008,0.0020,0.0005,0.0013]
	アメリカン:[0.0000,0.0000,0.0000,0.0001]
	アフリカ:[0.0001,0.0001,0.0000,0.0004]
True-Positive

True-Negative:0
False-Positive:1
True-Positive:5
False-Negative:0
precision = 0.833333
recall = 1.000000
fvalue = 0.909091