Section:2
	Ｆｌａｇ：：１０００
	師走、東京ドームホテル（東京都文京区）の一室は静寂な雰囲気に包まれていた。
	裏千家今日庵（こんにちあん）が開く初心者向けの茶道教室。
	半年かけてお茶のいただき方やたて方の基本を学ぶ。
	「立礼（りゅうれい）式」と呼ぶ椅子に座ったお茶席で２０～４０代前後の女性が参加していた。
Score:0.0016541084768
EACH_TAG_SCORE:
	image:0.000463352461481
	table:0.000445447517045
	graph:0.000276994820111
	flow:0.000468313678162
PARA:
Clueword:
	基本:[0.0010,0.0004,0.0001,0.0003]
	教室:[0.0000,0.0000,0.0000,0.0000]
	ドーム:[0.0000,0.0000,0.0000,0.0000]
	こんにち:[0.0000,0.0000,0.0000,0.0000]
	椅子:[0.0000,0.0000,0.0000,0.0000]
	向け:[0.0003,0.0000,0.0000,0.0001]
	呼ぶ:[0.0011,0.0007,0.0003,0.0000]
	一室:[0.0000,0.0000,0.0000,0.0000]
	半年:[0.0001,0.0000,0.0001,0.0000]
	前後:[0.0006,0.0011,0.0026,0.0047]
	開く:[0.0000,0.0007,0.0024,0.0000]
	れる:[0.0087,0.0086,0.0069,0.0045]
	師走:[0.0000,0.0000,0.0000,0.0000]
	静寂だ:[0.0000,0.0000,0.0000,0.0000]
	今日:[0.0000,0.0002,0.0003,0.0000]
	女性:[0.0006,0.0006,0.0002,0.0009]
	東京:[0.0001,0.0007,0.0002,0.0011]
	いただく:[0.0001,0.0003,0.0000,0.0000]
	する:[0.0377,0.0379,0.0453,0.0180]
	いる:[0.0124,0.0129,0.0079,0.0099]
	学ぶ:[0.0002,0.0001,0.0000,0.0000]
	包む:[0.0002,0.0002,0.0000,0.0000]
	雰囲気:[0.0000,0.0006,0.0001,0.0000]
	初心:[0.0003,0.0002,0.0002,0.0001]
	あん:[0.0000,0.0000,0.0000,0.0000]
	かける:[0.0005,0.0008,0.0007,0.0003]
	りゅうれいだ:[0.0000,0.0000,0.0000,0.0000]
	参加:[0.0001,0.0001,0.0000,0.0000]
	座る:[0.0000,0.0001,0.0000,0.0000]
	ホテル:[0.0001,0.0000,0.0000,0.0000]
	茶道:[0.0000,0.0000,0.0000,0.0000]
	たてる:[0.0000,0.0000,0.0000,0.0000]
	文京:[0.0000,0.0000,0.0000,0.0000]
	裏千家:[0.0000,0.0001,0.0001,0.0000]
True-Positive

Section:1
	Ｆｌａｇ：：００００
	茶席の作法、これだけ知っておけば安心
	年末年始、訪問先や寺などで抹茶を供されることもあるだろう。
	茶席と聞くと構えてしまうが、予備知識があれば、お茶をおいしくいただけるだけでなく、季節感を大切にしたおもてなしの心も楽しめる。
	流派に関係なく、最低限のお茶の作法と意味を知っておこう。
	■「お先に」の一言が大切
	「菓子はいつ、どうやって食べるの？」「茶わんを回すのはどうして？」。
	お茶の作法には疑問がいっぱいだ。
Score:0.0015620283995
EACH_TAG_SCORE:
	image:0.000448803120549
	table:0.00045700774652
	graph:0.000221362127443
	flow:0.000434855404989
PARA:
Clueword:
	いただける:[0.0001,0.0001,0.0000,0.0001]
	だろう:[0.0010,0.0005,0.0000,0.0003]
	楽しめる:[0.0000,0.0000,0.0000,0.0001]
	茶わん:[0.0000,0.0003,0.0008,0.0000]
	一言:[0.0001,0.0001,0.0000,0.0000]
	する:[0.0377,0.0379,0.0453,0.0180]
	どう:[0.0005,0.0006,0.0004,0.0003]
	おく:[0.0014,0.0010,0.0010,0.0012]
	安心:[0.0001,0.0002,0.0000,0.0001]
	やる:[0.0004,0.0003,0.0011,0.0001]
	構える:[0.0000,0.0004,0.0008,0.0000]
	関係:[0.0030,0.0039,0.0003,0.0010]
	もてなす:[0.0000,0.0000,0.0001,0.0000]
	予備:[0.0003,0.0000,0.0000,0.0000]
	意味:[0.0004,0.0005,0.0001,0.0001]
	季節:[0.0001,0.0001,0.0000,0.0000]
	れる:[0.0087,0.0086,0.0069,0.0045]
	どうして:[0.0000,0.0000,0.0018,0.0000]
	おいしい:[0.0000,0.0001,0.0000,0.0000]
	訪問:[0.0001,0.0000,0.0000,0.0000]
	しまう:[0.0018,0.0022,0.0024,0.0012]
	知識:[0.0001,0.0000,0.0000,0.0001]
	これ:[0.0015,0.0020,0.0024,0.0011]
	疑問:[0.0000,0.0000,0.0000,0.0000]
	大切だ:[0.0002,0.0003,0.0002,0.0001]
	回す:[0.0001,0.0003,0.0009,0.0001]
	作法:[0.0004,0.0004,0.0010,0.0000]
	最低:[0.0001,0.0000,0.0001,0.0001]
	ある:[0.0113,0.0103,0.0051,0.0037]
	ない:[0.0105,0.0083,0.0076,0.0061]
	こと:[0.0097,0.0093,0.0086,0.0051]
	など:[0.0054,0.0053,0.0021,0.0019]
	聞く:[0.0003,0.0001,0.0012,0.0006]
	いっぱいだ:[0.0000,0.0001,0.0000,0.0000]
	抹茶:[0.0000,0.0001,0.0002,0.0000]
	食べる:[0.0004,0.0006,0.0003,0.0001]
	知る:[0.0007,0.0006,0.0002,0.0007]
	菓子:[0.0000,0.0003,0.0008,0.0000]
	だけ:[0.0014,0.0013,0.0014,0.0007]
	いつ:[0.0000,0.0000,0.0000,0.0000]
	流派:[0.0000,0.0000,0.0001,0.0000]
False-Positive

Section:4
	Ｆｌａｇ：：００００
	■茶わん正面避けて飲む
	お茶の心得でよくいわれる「一期一会」。
	今この時間、集う人との関係は二度と同じものはなく、かけがいのないものだという意味だ。
	「亭主のもてなしの心に対して、時間を気にするのは失礼にあたる」（八代さん）ため、着席前に時計は外すのが礼儀だ。
	「時を忘れ、和敬清寂の精神を感じてほしい」（吉田さん）。
	五感で釜のシューッという音を聞き、香を楽しみ、道具を眺め、触って、菓子とお茶を味わう。
	教室に通う女性たちも「身が引き締まり、すがすがしい」などと話す。
	茶席ではお道具拝見も作法の一つ。
	亭主は四季や歳時記、「平和」などのテーマで、道具を客に合わせて用意する。
	これを「しつらえ」という。
	正式の茶席では客の代表の「正客（しょうきゃく）」が亭主の思いをくみ取って、しつらえの意味などを尋ねる。
	「知らないのは恥ではない。どんな茶わんで飲ませてくれているのか、掛物の文字は何と読むかなど尋ねてみてほしい」（八代さん）
Score:0.000962689512578
EACH_TAG_SCORE:
	image:0.000283497545329
	table:0.000275715623774
	graph:0.000156921857734
	flow:0.000246554485741
PARA:
Clueword:
	感じる:[0.0009,0.0010,0.0004,0.0003]
	茶わん:[0.0000,0.0003,0.0008,0.0000]
	せる:[0.0005,0.0017,0.0029,0.0006]
	もてなす:[0.0000,0.0000,0.0001,0.0000]
	同じだ:[0.0013,0.0010,0.0005,0.0009]
	意味:[0.0004,0.0005,0.0001,0.0001]
	知る:[0.0007,0.0006,0.0002,0.0007]
	れる:[0.0087,0.0086,0.0069,0.0045]
	さん:[0.0004,0.0007,0.0003,0.0007]
	みる:[0.0011,0.0014,0.0005,0.0011]
	よい:[0.0014,0.0014,0.0003,0.0004]
	正面:[0.0001,0.0006,0.0006,0.0000]
	たち:[0.0003,0.0002,0.0000,0.0005]
	する:[0.0377,0.0379,0.0453,0.0180]
	眺める:[0.0000,0.0000,0.0000,0.0000]
	話す:[0.0001,0.0002,0.0005,0.0007]
	時計:[0.0000,0.0002,0.0001,0.0002]
	どんな:[0.0006,0.0003,0.0000,0.0001]
	思う:[0.0011,0.0020,0.0027,0.0005]
	この:[0.0023,0.0031,0.0023,0.0014]
	聞く:[0.0003,0.0001,0.0012,0.0006]
	もの:[0.0026,0.0031,0.0015,0.0008]
	教室:[0.0000,0.0000,0.0000,0.0000]
	あたる:[0.0003,0.0002,0.0000,0.0000]
	ほしい:[0.0002,0.0002,0.0000,0.0000]
	いる:[0.0124,0.0129,0.0079,0.0099]
	テーマ:[0.0000,0.0000,0.0000,0.0000]
	忘れる:[0.0002,0.0002,0.0000,0.0001]
	味わう:[0.0001,0.0001,0.0000,0.0000]
	いう:[0.0059,0.0048,0.0034,0.0042]
	通う:[0.0001,0.0001,0.0000,0.0001]
	文字:[0.0001,0.0001,0.0000,0.0000]
	合わせる:[0.0004,0.0009,0.0001,0.0001]
	外す:[0.0000,0.0000,0.0001,0.0000]
	代表:[0.0003,0.0002,0.0000,0.0000]
	読む:[0.0003,0.0005,0.0000,0.0000]
	がい:[0.0000,0.0000,0.0000,0.0000]
	楽しむ:[0.0002,0.0002,0.0000,0.0001]
	関係:[0.0030,0.0039,0.0003,0.0010]
	のだ:[0.0071,0.0068,0.0053,0.0039]
	平和だ:[0.0000,0.0001,0.0000,0.0003]
	くれる:[0.0004,0.0006,0.0000,0.0000]
	これ:[0.0015,0.0020,0.0024,0.0011]
	女性:[0.0006,0.0006,0.0002,0.0009]
	用意:[0.0002,0.0000,0.0000,0.0000]
	作法:[0.0004,0.0004,0.0010,0.0000]
	対する:[0.0008,0.0005,0.0003,0.0000]
	避ける:[0.0001,0.0001,0.0002,0.0003]
	正式だ:[0.0000,0.0000,0.0000,0.0000]
	飲む:[0.0002,0.0003,0.0006,0.0001]
	など:[0.0054,0.0053,0.0021,0.0019]
	時間:[0.0010,0.0004,0.0003,0.0010]
	かける:[0.0005,0.0008,0.0007,0.0003]
	ため:[0.0030,0.0032,0.0027,0.0024]
	五感:[0.0000,0.0000,0.0000,0.0000]
	道具:[0.0000,0.0000,0.0000,0.0000]
	精神:[0.0001,0.0001,0.0000,0.0000]
	吉田:[0.0000,0.0000,0.0001,0.0000]
	菓子:[0.0000,0.0003,0.0008,0.0000]
	二度と:[0.0001,0.0001,0.0000,0.0000]
	ない:[0.0105,0.0083,0.0076,0.0061]
	でる:[0.0000,0.0001,0.0000,0.0000]
	亭主:[0.0000,0.0001,0.0004,0.0000]
False-Positive

Section:3
	Ｆｌａｇ：：１００１
	目の前に菓子鉢に入った菓子が運ばれて来る。
	もてなす側（ホスト）を亭主と呼び、客は「お菓子をどうぞ」と勧められてから手を伸ばす。
	先生が女性に「お隣に『お先に』と言ってください」と助言した。
	「お先にちょうだいしますの意味で、同席者への心配り」と、裏千家淡交会東京第一東支部幹事長の吉田宗雅さんは解説する。
	抹茶の入った茶わんでも同様にする。
	菓子の器を両手で持って少し持ち上げ、軽く頭を下げ神仏に感謝する。
	懐紙（かいし）の輪を自分に向けて菓子鉢の間に置き、箸で１つ取る。
	懐紙は皿やティッシュペーパーのように使う。
	箸は菓子を置いた懐紙の端でぬぐってから、鉢の上に元あったように戻す。
	器を隣に送った後、菓子は懐紙ごと口元近くに運び、添えられたようじで切り、軽く刺す。
	抹茶を飲む前に菓子を食べきるのが作法だ。
	懐紙とようじは持ち帰る。
	食べ終わるのを見計らい、お茶が運ばれる。
	菓子と同様に隣人に「お先に」と言い、亭主には「お点前（てまえ）頂戴いたします」と言って頭を下げて、軽く茶わんを上げ神仏に感謝を示す。
	茶わんは左手にのせて軽く右手を添える。
	飲むときに特に気をつけたいのは「お茶わんの正面から飲まないこと」と話すのは、池袋コミュニティ・カレッジ（東京都豊島区）で教える表千家教授の八代宗晴さん。
	茶わんは出されたときに自分の方に向いているのが正面。
	絵柄があることも多い。
	亭主は正面を客に向けるが、客は茶わんを大切にするため正面を避けて飲む。
	「化粧などの油分が正面につき、汚れないように」との配慮だ。
	流派によって多少異なるが、２度に分けて茶わんを回す。
	飲むのは３口半が理想だが、前後してもいい。
	飲み終わったら右手親指と人さし指で軽く飲み口を拭き、手は懐紙でぬぐう。
	茶わんは先ほどと反対に回して、正面を亭主側に戻して置く。
Score:0.000811101321546
EACH_TAG_SCORE:
	image:0.00023797888228
	table:0.000220363740952
	graph:0.000127688542053
	flow:0.000225070156262
PARA:
Clueword:
	呼ぶ:[0.0011,0.0007,0.0003,0.0000]
	汚れる:[0.0000,0.0000,0.0001,0.0000]
	もてなす:[0.0000,0.0000,0.0001,0.0000]
	意味:[0.0004,0.0005,0.0001,0.0001]
	目の前:[0.0000,0.0001,0.0001,0.0000]
	添える:[0.0000,0.0001,0.0007,0.0000]
	来る:[0.0002,0.0002,0.0002,0.0000]
	支部:[0.0000,0.0000,0.0001,0.0000]
	どうぞ:[0.0000,0.0001,0.0001,0.0000]
	れる:[0.0087,0.0086,0.0069,0.0045]
	きる:[0.0006,0.0002,0.0001,0.0001]
	てまえ:[0.0000,0.0000,0.0001,0.0000]
	カレッジ:[0.0000,0.0000,0.0001,0.0000]
	お点前:[0.0000,0.0000,0.0001,0.0000]
	つける:[0.0004,0.0008,0.0020,0.0000]
	たい:[0.0012,0.0013,0.0014,0.0010]
	特に:[0.0004,0.0003,0.0002,0.0003]
	言う:[0.0010,0.0013,0.0005,0.0004]
	解説:[0.0000,0.0005,0.0001,0.0000]
	話す:[0.0001,0.0002,0.0005,0.0007]
	送る:[0.0001,0.0001,0.0001,0.0000]
	神仏:[0.0000,0.0001,0.0002,0.0000]
	ちょうだい:[0.0000,0.0000,0.0001,0.0000]
	つく:[0.0013,0.0015,0.0009,0.0004]
	理想:[0.0001,0.0000,0.0001,0.0000]
	食べる:[0.0004,0.0006,0.0003,0.0001]
	よる:[0.0024,0.0030,0.0030,0.0025]
	左手:[0.0004,0.0017,0.0013,0.0000]
	代宗:[0.0000,0.0000,0.0001,0.0000]
	流派:[0.0000,0.0000,0.0001,0.0000]
	置く:[0.0002,0.0007,0.0005,0.0003]
	取る:[0.0009,0.0006,0.0001,0.0003]
	先ほど:[0.0000,0.0000,0.0023,0.0000]
	見計らう:[0.0000,0.0000,0.0001,0.0000]
	心配り:[0.0000,0.0000,0.0001,0.0000]
	幹事:[0.0000,0.0000,0.0001,0.0000]
	少し:[0.0005,0.0010,0.0006,0.0002]
	戻す:[0.0001,0.0002,0.0003,0.0001]
	ペーパー:[0.0000,0.0000,0.0001,0.0000]
	女性:[0.0006,0.0006,0.0002,0.0009]
	刺す:[0.0000,0.0000,0.0001,0.0000]
	教える:[0.0002,0.0002,0.0001,0.0001]
	配慮:[0.0000,0.0000,0.0001,0.0000]
	先生:[0.0000,0.0000,0.0001,0.0000]
	ティッシュ:[0.0000,0.0000,0.0001,0.0000]
	向く:[0.0001,0.0003,0.0002,0.0001]
	隣:[0.0000,0.0003,0.0000,0.0000]
	ある:[0.0113,0.0103,0.0051,0.0037]
	飲む:[0.0002,0.0003,0.0006,0.0001]
	など:[0.0054,0.0053,0.0021,0.0019]
	ぬぐう:[0.0000,0.0001,0.0002,0.0000]
	多少:[0.0001,0.0009,0.0001,0.0001]
	ため:[0.0030,0.0032,0.0027,0.0024]
	抹茶:[0.0000,0.0001,0.0002,0.0000]
	のせる:[0.0000,0.0000,0.0001,0.0000]
	下げる:[0.0000,0.0001,0.0003,0.0001]
	上げる:[0.0002,0.0003,0.0005,0.0004]
	向ける:[0.0000,0.0003,0.0016,0.0003]
	ホスト:[0.0000,0.0000,0.0001,0.0000]
	でも:[0.0029,0.0018,0.0004,0.0017]
	ない:[0.0105,0.0083,0.0076,0.0061]
	勧める:[0.0001,0.0001,0.0001,0.0000]
	亭主:[0.0000,0.0001,0.0004,0.0000]
	裏千家:[0.0000,0.0001,0.0001,0.0000]
	分ける:[0.0014,0.0003,0.0001,0.0002]
	同席:[0.0000,0.0000,0.0001,0.0000]
	持ち帰る:[0.0000,0.0000,0.0001,0.0000]
	終わる:[0.0002,0.0002,0.0004,0.0001]
	さん:[0.0004,0.0007,0.0003,0.0007]
	表千家:[0.0000,0.0000,0.0001,0.0000]
	いたす:[0.0000,0.0000,0.0001,0.0000]
	人さし指:[0.0000,0.0000,0.0001,0.0000]
	前後:[0.0006,0.0011,0.0026,0.0047]
	多い:[0.0030,0.0023,0.0006,0.0031]
	かいす:[0.0000,0.0000,0.0001,0.0000]
	自分:[0.0013,0.0009,0.0012,0.0008]
	反対だ:[0.0001,0.0002,0.0001,0.0000]
	出す:[0.0007,0.0007,0.0006,0.0003]
	ようじ:[0.0000,0.0001,0.0002,0.0000]
	する:[0.0377,0.0379,0.0453,0.0180]
	いる:[0.0124,0.0129,0.0079,0.0099]
	避ける:[0.0001,0.0001,0.0002,0.0003]
	右手:[0.0004,0.0020,0.0011,0.0000]
	こと:[0.0097,0.0093,0.0086,0.0051]
	運ぶ:[0.0003,0.0001,0.0004,0.0000]
	くださる:[0.0005,0.0014,0.0021,0.0009]
	飲み口:[0.0000,0.0000,0.0001,0.0000]
	正面:[0.0001,0.0006,0.0006,0.0000]
	回す:[0.0001,0.0003,0.0009,0.0001]
	入る:[0.0005,0.0010,0.0008,0.0003]
	化粧:[0.0000,0.0001,0.0001,0.0000]
	両手:[0.0000,0.0003,0.0019,0.0000]
	示す:[0.0003,0.0009,0.0005,0.0001]
	とき:[0.0006,0.0019,0.0029,0.0005]
	ようだ:[0.0039,0.0045,0.0062,0.0016]
	親指:[0.0000,0.0002,0.0005,0.0000]
	近く:[0.0002,0.0005,0.0001,0.0000]
	コミュニティ:[0.0000,0.0000,0.0001,0.0001]
	感謝:[0.0000,0.0001,0.0002,0.0000]
	教授:[0.0000,0.0000,0.0001,0.0000]
	いい:[0.0008,0.0008,0.0002,0.0005]
	隣人:[0.0000,0.0000,0.0001,0.0000]
	ごと:[0.0002,0.0004,0.0001,0.0000]
	同様だ:[0.0003,0.0003,0.0003,0.0000]
	ます:[0.0228,0.0269,0.0224,0.0150]
	持つ:[0.0008,0.0007,0.0014,0.0001]
	異なる:[0.0019,0.0007,0.0002,0.0001]
	口元:[0.0000,0.0000,0.0001,0.0000]
	池袋:[0.0000,0.0000,0.0001,0.0000]
	から:[0.0057,0.0058,0.0057,0.0033]
	頂戴:[0.0000,0.0000,0.0001,0.0000]
	東京:[0.0001,0.0007,0.0002,0.0011]
	大切だ:[0.0002,0.0003,0.0002,0.0001]
	作法:[0.0004,0.0004,0.0010,0.0000]
	拭く:[0.0000,0.0000,0.0001,0.0000]
	られる:[0.0026,0.0025,0.0012,0.0015]
	助言:[0.0000,0.0000,0.0001,0.0000]
	伸ばす:[0.0001,0.0002,0.0004,0.0001]
	茶わん:[0.0000,0.0003,0.0008,0.0000]
	絵柄:[0.0000,0.0004,0.0001,0.0000]
	切る:[0.0002,0.0003,0.0001,0.0002]
	吉田:[0.0000,0.0000,0.0001,0.0000]
	菓子:[0.0000,0.0003,0.0008,0.0000]
	油分:[0.0000,0.0000,0.0001,0.0000]
	軽い:[0.0008,0.0009,0.0017,0.0000]
	使う:[0.0028,0.0024,0.0010,0.0006]
	豊島:[0.0000,0.0000,0.0001,0.0000]
True-Positive

True-Negative:0
False-Positive:2
True-Positive:2
False-Negative:0
precision = 0.500000
recall = 1.000000
fvalue = 0.666667