Section:9
	Ｆｌａｇ：：１０００
	ボールカウントの表示
	両手を頭上より高く上げて、左手の指でボールの数、右手の指でストライクの数を示し、はじめにボールの数を、次にストライクの数をコールしながら回す。
Score:0.00208948013804
EACH_TAG_SCORE:
	image:0.00056147437368
	table:0.000459404976745
	graph:0.000326485220217
	flow:0.000742115567401
PARA:
Clueword:
	表示:[0.0002,0.0046,0.0004,0.0002]
	する:[0.0377,0.0379,0.0453,0.0180]
	ストライク:[0.0000,0.0004,0.0008,0.0000]
	回す:[0.0001,0.0003,0.0009,0.0001]
	次に:[0.0001,0.0002,0.0131,0.0001]
	高い:[0.0015,0.0007,0.0005,0.0100]
	頭上:[0.0000,0.0001,0.0001,0.0000]
	ボール:[0.0000,0.0005,0.0005,0.0000]
	右手:[0.0004,0.0020,0.0011,0.0000]
	ながら:[0.0001,0.0005,0.0010,0.0005]
	カウント:[0.0000,0.0000,0.0000,0.0000]
	より:[0.0021,0.0013,0.0003,0.0013]
	示す:[0.0003,0.0009,0.0005,0.0001]
	両手:[0.0000,0.0003,0.0019,0.0000]
	コール:[0.0000,0.0010,0.0016,0.0000]
	上げる:[0.0002,0.0003,0.0005,0.0004]
	はじめる:[0.0002,0.0002,0.0000,0.0000]
	左手:[0.0004,0.0017,0.0013,0.0000]
True-Positive

Section:14
	Ｆｌａｇ：：０００１
	プレイの再開
	プレイ
	投手がピチャーズサークル内に入り、投手板につこうとしているか、また、打者が構えたかどうかを確認する。
	球審は捕手の後ろに立ち、右打者の場合は右手で、左打者の場合は左手で、手のひらをそろえて軽く前方に伸ばしながら、“プレイ”とコールする。
Score:0.00195313763896
EACH_TAG_SCORE:
	image:0.00051961189803
	table:0.000651026456478
	graph:0.00025204851002
	flow:0.000530450774435
PARA:
Clueword:
	右手:[0.0004,0.0020,0.0011,0.0000]
	場合:[0.0353,0.0044,0.0023,0.0045]
	プレイ:[0.0000,0.0002,0.0006,0.0000]
	いる:[0.0124,0.0129,0.0079,0.0099]
	確認:[0.0005,0.0008,0.0010,0.0000]
	球審:[0.0001,0.0004,0.0004,0.0000]
	また:[0.0013,0.0021,0.0018,0.0011]
	前方:[0.0000,0.0014,0.0002,0.0000]
	後ろ:[0.0000,0.0019,0.0016,0.0000]
	投手:[0.0000,0.0003,0.0008,0.0000]
	打者:[0.0000,0.0006,0.0011,0.0000]
	どう:[0.0005,0.0006,0.0004,0.0003]
	する:[0.0377,0.0379,0.0453,0.0180]
	コール:[0.0000,0.0010,0.0016,0.0000]
	手のひら:[0.0000,0.0001,0.0002,0.0000]
	伸ばす:[0.0001,0.0002,0.0004,0.0001]
	立つ:[0.0004,0.0004,0.0009,0.0004]
	ピチャーズサークル:[0.0000,0.0000,0.0001,0.0000]
	ながら:[0.0001,0.0005,0.0010,0.0005]
	そろえる:[0.0000,0.0000,0.0001,0.0000]
	つく:[0.0013,0.0015,0.0009,0.0004]
	入る:[0.0005,0.0010,0.0008,0.0003]
	再開:[0.0000,0.0000,0.0001,0.0000]
	軽い:[0.0008,0.0009,0.0017,0.0000]
	構える:[0.0000,0.0004,0.0008,0.0000]
	捕手:[0.0000,0.0002,0.0005,0.0000]
	左手:[0.0004,0.0017,0.0013,0.0000]
True-Positive

Section:6
	Ｆｌａｇ：：１０００
	球審・塁審の構え
	投手の投球動作に合わせて腰を落とし、視線を打者のストライクゾーンの上限に置き、投球判定の姿勢をとり、静止する。
	（投球が捕手のミットに入るまで、球のコースを視線だけで見極め、頭や上半身を動かしてはならない）
Score:0.00194468284875
EACH_TAG_SCORE:
	image:0.000545596177516
	table:0.000529749416685
	graph:0.000279204006724
	flow:0.000590133247825
PARA:
Clueword:
	見極める:[0.0000,0.0002,0.0001,0.0000]
	ストライク:[0.0000,0.0004,0.0008,0.0000]
	置く:[0.0002,0.0007,0.0005,0.0003]
	ミット:[0.0000,0.0000,0.0000,0.0000]
	合わせる:[0.0004,0.0009,0.0001,0.0001]
	視線:[0.0000,0.0001,0.0000,0.0000]
	まで:[0.0020,0.0014,0.0016,0.0015]
	ゾーン:[0.0000,0.0002,0.0001,0.0000]
	動かす:[0.0001,0.0003,0.0013,0.0000]
	静止:[0.0000,0.0002,0.0000,0.0000]
	とる:[0.0004,0.0007,0.0005,0.0001]
	投手:[0.0000,0.0003,0.0008,0.0000]
	なる:[0.0107,0.0090,0.0073,0.0068]
	打者:[0.0000,0.0006,0.0011,0.0000]
	する:[0.0377,0.0379,0.0453,0.0180]
	落とす:[0.0001,0.0002,0.0002,0.0000]
	上限:[0.0000,0.0001,0.0001,0.0000]
	球審:[0.0001,0.0004,0.0004,0.0000]
	上半身:[0.0000,0.0000,0.0000,0.0000]
	姿勢:[0.0001,0.0011,0.0000,0.0000]
	動作:[0.0003,0.0002,0.0003,0.0000]
	構う:[0.0001,0.0000,0.0000,0.0000]
	入る:[0.0005,0.0010,0.0008,0.0003]
	塁審:[0.0001,0.0003,0.0008,0.0000]
	だけ:[0.0014,0.0013,0.0014,0.0007]
	判定:[0.0000,0.0001,0.0001,0.0000]
	捕手:[0.0000,0.0002,0.0005,0.0000]
	ない:[0.0105,0.0083,0.0076,0.0061]
	投球:[0.0000,0.0004,0.0005,0.0000]
	コース:[0.0001,0.0001,0.0002,0.0000]
True-Positive

Section:24
	Ｆｌａｇ：：１００１
	アウト
	アウトは確認したら急がずに、
	１膝を伸ばし、左手を前面のベルトの少し上にあて、右手を開いて上方に挙げ“アウト”とコールする。
	２その手を軽く握りながら肘が直角になる程度までおろす。
	きわどい場合は、足を前に運び、挙げた右手を振り下ろすと共に“アウト”とコールする。
	その後野手の動きを見る。
Score:0.00182537979156
EACH_TAG_SCORE:
	image:0.000451621446541
	table:0.000581019685505
	graph:0.000225769250269
	flow:0.000566969409243
PARA:
Clueword:
	握る:[0.0000,0.0003,0.0007,0.0000]
	前面:[0.0000,0.0004,0.0002,0.0000]
	アウト:[0.0000,0.0005,0.0007,0.0000]
	直角:[0.0000,0.0004,0.0002,0.0000]
	挙げる:[0.0000,0.0005,0.0004,0.0000]
	場合:[0.0353,0.0044,0.0023,0.0045]
	振り下ろす:[0.0000,0.0000,0.0001,0.0000]
	まで:[0.0020,0.0014,0.0016,0.0015]
	確認:[0.0005,0.0008,0.0010,0.0000]
	野手:[0.0000,0.0002,0.0003,0.0000]
	上方:[0.0000,0.0008,0.0002,0.0000]
	少し:[0.0005,0.0010,0.0006,0.0002]
	ベルト:[0.0001,0.0005,0.0001,0.0000]
	開く:[0.0000,0.0007,0.0024,0.0000]
	動く:[0.0004,0.0008,0.0009,0.0004]
	きわどい:[0.0001,0.0001,0.0001,0.0000]
	なる:[0.0107,0.0090,0.0073,0.0068]
	その:[0.0018,0.0030,0.0033,0.0011]
	する:[0.0377,0.0379,0.0453,0.0180]
	程度:[0.0014,0.0010,0.0007,0.0018]
	コール:[0.0000,0.0010,0.0016,0.0000]
	右手:[0.0004,0.0020,0.0011,0.0000]
	見る:[0.0008,0.0020,0.0005,0.0013]
	伸ばす:[0.0001,0.0002,0.0004,0.0001]
	運ぶ:[0.0003,0.0001,0.0004,0.0000]
	ながら:[0.0001,0.0005,0.0010,0.0005]
	おろす:[0.0000,0.0001,0.0006,0.0000]
	その後:[0.0002,0.0002,0.0133,0.0001]
	あてる:[0.0000,0.0000,0.0010,0.0000]
	軽い:[0.0008,0.0009,0.0017,0.0000]
	共に:[0.0001,0.0001,0.0001,0.0000]
	左手:[0.0004,0.0017,0.0013,0.0000]
	急ぐ:[0.0000,0.0000,0.0001,0.0000]
True-Positive

Section:13
	Ｆｌａｇ：：１０００
	プレイの中断
	タイム
	前に出て、両手を挙げて“タイム”とコールする。
	球審は左手でマスクを取り、そのままマスクと共に挙げる。
	他の審判員も直ちに同調する。
Score:0.00179672959795
EACH_TAG_SCORE:
	image:0.000502952234743
	table:0.000455219091253
	graph:0.000216760613512
	flow:0.00062179765844
PARA:
Clueword:
	する:[0.0377,0.0379,0.0453,0.0180]
	挙げる:[0.0000,0.0005,0.0004,0.0000]
	マスク:[0.0000,0.0002,0.0005,0.0000]
	コール:[0.0000,0.0010,0.0016,0.0000]
	取る:[0.0009,0.0006,0.0001,0.0003]
	直ちに:[0.0000,0.0001,0.0012,0.0000]
	他の:[0.0003,0.0003,0.0002,0.0003]
	審判:[0.0000,0.0002,0.0003,0.0000]
	同調:[0.0000,0.0001,0.0000,0.0000]
	プレイ:[0.0000,0.0002,0.0006,0.0000]
	そのまま:[0.0000,0.0002,0.0010,0.0001]
	球審:[0.0001,0.0004,0.0004,0.0000]
	出る:[0.0009,0.0008,0.0003,0.0006]
	タイム:[0.0000,0.0001,0.0002,0.0000]
	中断:[0.0000,0.0000,0.0000,0.0000]
	共に:[0.0001,0.0001,0.0001,0.0000]
	左手:[0.0004,0.0017,0.0013,0.0000]
	両手:[0.0000,0.0003,0.0019,0.0000]
True-Positive

Section:21
	Ｆｌａｇ：：１０００
	不正打球
	不正打球バッターアウト
	打者が、足を打者席から完全に踏み出してバットに当てたかどうかを見る。
	球審は、打者を指さして、“不正打球バッターアウト”とコールする。
	守備と走塁
Score:0.00173241097715
EACH_TAG_SCORE:
	image:0.0004953475926
	table:0.000445066319582
	graph:0.000228136898201
	flow:0.000563860166765
PARA:
Clueword:
	する:[0.0377,0.0379,0.0453,0.0180]
	完全だ:[0.0000,0.0001,0.0000,0.0001]
	バッター:[0.0000,0.0001,0.0001,0.0000]
	アウト:[0.0000,0.0005,0.0007,0.0000]
	バット:[0.0000,0.0000,0.0001,0.0000]
	当てる:[0.0000,0.0001,0.0001,0.0000]
	指さす:[0.0000,0.0003,0.0003,0.0000]
	守備:[0.0000,0.0001,0.0001,0.0000]
	球審:[0.0001,0.0004,0.0004,0.0000]
	見る:[0.0008,0.0020,0.0005,0.0013]
	から:[0.0057,0.0058,0.0057,0.0033]
	コール:[0.0000,0.0010,0.0016,0.0000]
	不正だ:[0.0000,0.0002,0.0003,0.0000]
	走塁:[0.0000,0.0001,0.0002,0.0000]
	打球:[0.0001,0.0003,0.0000,0.0000]
	踏み出す:[0.0000,0.0000,0.0001,0.0000]
	どう:[0.0005,0.0006,0.0004,0.0003]
	打者:[0.0000,0.0006,0.0011,0.0000]
True-Positive

Section:4
	Ｆｌａｇ：：１０００
	準備投球
	ラストボール
	球審は準備投球数を確かめ、投手に向かって“ラストボール”とコールし、指さす
	（準備投球は初回と投手が交代したとき、１分間を限度とし５球以内で次回からは３球以内）
Score:0.00169572170625
EACH_TAG_SCORE:
	image:0.000472948529928
	table:0.000432645404183
	graph:0.000224751868941
	flow:0.000565375903194
PARA:
Clueword:
	分間:[0.0004,0.0000,0.0000,0.0013]
	ラスト:[0.0000,0.0001,0.0000,0.0000]
	球審:[0.0001,0.0004,0.0004,0.0000]
	から:[0.0057,0.0058,0.0057,0.0033]
	投手:[0.0000,0.0003,0.0008,0.0000]
	する:[0.0377,0.0379,0.0453,0.0180]
	確かめる:[0.0000,0.0000,0.0000,0.0000]
	コール:[0.0000,0.0010,0.0016,0.0000]
	初回:[0.0000,0.0000,0.0000,0.0000]
	交代:[0.0000,0.0000,0.0000,0.0000]
	ボール:[0.0000,0.0005,0.0005,0.0000]
	限度:[0.0000,0.0000,0.0000,0.0001]
	準備:[0.0001,0.0002,0.0006,0.0000]
	指さす:[0.0000,0.0003,0.0003,0.0000]
	以内:[0.0001,0.0001,0.0001,0.0000]
	向かう:[0.0000,0.0001,0.0001,0.0001]
	とき:[0.0006,0.0019,0.0029,0.0005]
	投球:[0.0000,0.0004,0.0005,0.0000]
	次回:[0.0000,0.0001,0.0001,0.0000]
True-Positive

Section:8
	Ｆｌａｇ：：１００１
	ストライク
	１”ストライク”とコールすると同時に肘を伸ばし、右手を開いて上方に挙げる。
	２その手を軽く握りながら、肘が直角になる程度までおろす。
	このとき、肘に力が入らないようにする、
	左手は身体の前面で軽く握る。
	足の位置はそのままでも良いが、閉じても良い。
	走者なしで空振りなど、ストライクがはっきりしているときは、力まず軽く宣告・シグナルをする。
	構えたままで、大きな声でストライクとはっきりコールし、オーバーアクションまたはストライクのジェスチャーを大きく行う。
Score:0.00155699083721
EACH_TAG_SCORE:
	image:0.000466941340121
	table:0.00040402077714
	graph:0.000235548239584
	flow:0.000450480480368
PARA:
Clueword:
	大きな:[0.0005,0.0016,0.0003,0.0005]
	そのまま:[0.0000,0.0002,0.0010,0.0001]
	ストライク:[0.0000,0.0004,0.0008,0.0000]
	空振り:[0.0000,0.0000,0.0001,0.0000]
	直角:[0.0000,0.0004,0.0002,0.0000]
	まで:[0.0020,0.0014,0.0016,0.0015]
	行う:[0.0007,0.0006,0.0022,0.0001]
	上方:[0.0000,0.0008,0.0002,0.0000]
	宣告:[0.0000,0.0001,0.0001,0.0000]
	前面:[0.0000,0.0004,0.0002,0.0000]
	開く:[0.0000,0.0007,0.0024,0.0000]
	大きい:[0.0011,0.0018,0.0014,0.0029]
	アクション:[0.0000,0.0000,0.0001,0.0000]
	構える:[0.0000,0.0004,0.0008,0.0000]
	位置:[0.0005,0.0061,0.0005,0.0001]
	なる:[0.0107,0.0090,0.0073,0.0068]
	その:[0.0018,0.0030,0.0033,0.0011]
	または:[0.0006,0.0007,0.0008,0.0001]
	閉じる:[0.0000,0.0000,0.0001,0.0000]
	する:[0.0377,0.0379,0.0453,0.0180]
	挙げる:[0.0000,0.0005,0.0004,0.0000]
	程度:[0.0014,0.0010,0.0007,0.0018]
	ジェスチャー:[0.0000,0.0001,0.0003,0.0000]
	コール:[0.0000,0.0010,0.0016,0.0000]
	良い:[0.0013,0.0011,0.0010,0.0006]
	右手:[0.0004,0.0020,0.0011,0.0000]
	力む:[0.0000,0.0000,0.0001,0.0000]
	伸ばす:[0.0001,0.0002,0.0004,0.0001]
	この:[0.0023,0.0031,0.0023,0.0014]
	まま:[0.0003,0.0002,0.0001,0.0002]
	走者:[0.0000,0.0005,0.0004,0.0000]
	同時に:[0.0001,0.0001,0.0005,0.0000]
	はっきり:[0.0003,0.0004,0.0002,0.0000]
	ながら:[0.0001,0.0005,0.0010,0.0005]
	オーバー:[0.0001,0.0000,0.0001,0.0000]
	身体:[0.0001,0.0002,0.0002,0.0004]
	おろす:[0.0000,0.0001,0.0006,0.0000]
	入る:[0.0005,0.0010,0.0008,0.0003]
	なし:[0.0000,0.0001,0.0001,0.0000]
	シグナル:[0.0001,0.0002,0.0002,0.0000]
	軽い:[0.0008,0.0009,0.0017,0.0000]
	でも:[0.0029,0.0018,0.0004,0.0017]
	いる:[0.0124,0.0129,0.0079,0.0099]
	とき:[0.0006,0.0019,0.0029,0.0005]
	ない:[0.0105,0.0083,0.0076,0.0061]
	ようだ:[0.0039,0.0045,0.0062,0.0016]
	左手:[0.0004,0.0017,0.0013,0.0000]
	握る:[0.0000,0.0003,0.0007,0.0000]
	など:[0.0054,0.0053,0.0021,0.0019]
True-Positive

Section:19
	Ｆｌａｇ：：１０００
	離塁違反
	ランナーアウト
	走者が、投手の手から球が離れるより早く離れたかどうかを確認する。
	素早く数歩前に走り出て、“ボールデッド”のコールとゼスチャーをし、離類した走者を指さし“ランナーアウト”とコールする。
Score:0.00154881368006
EACH_TAG_SCORE:
	image:0.000438970350844
	table:0.000408879778538
	graph:0.000205021926069
	flow:0.000495941624605
PARA:
Clueword:
	類する:[0.0000,0.0000,0.0000,0.0000]
	ゼスチャー:[0.0000,0.0001,0.0001,0.0000]
	アウト:[0.0000,0.0005,0.0007,0.0000]
	ランナー:[0.0000,0.0001,0.0001,0.0000]
	より:[0.0021,0.0013,0.0003,0.0013]
	確認:[0.0005,0.0008,0.0010,0.0000]
	素早い:[0.0000,0.0001,0.0000,0.0000]
	から:[0.0057,0.0058,0.0057,0.0033]
	投手:[0.0000,0.0003,0.0008,0.0000]
	どう:[0.0005,0.0006,0.0004,0.0003]
	する:[0.0377,0.0379,0.0453,0.0180]
	コール:[0.0000,0.0010,0.0016,0.0000]
	デッド:[0.0000,0.0003,0.0003,0.0000]
	ボール:[0.0000,0.0005,0.0005,0.0000]
	早い:[0.0000,0.0001,0.0001,0.0003]
	走者:[0.0000,0.0005,0.0004,0.0000]
	走る:[0.0001,0.0002,0.0000,0.0002]
	指さす:[0.0000,0.0003,0.0003,0.0000]
	出る:[0.0009,0.0008,0.0003,0.0006]
	違反:[0.0000,0.0001,0.0001,0.0000]
	離れる:[0.0001,0.0002,0.0001,0.0000]
True-Positive

Section:15
	Ｆｌａｇ：：１０００
	ストライクゾーン
	「ストライクゾーン」は打者が打撃をしようとするときの脇の下と膝頭の上部の間の本塁の上方空間である。
	「ポイント」
	“構えたときにストライクゾーンの上限に眼を合わせておく”
Score:0.00152332170054
EACH_TAG_SCORE:
	image:0.000422395336232
	table:0.000404908350329
	graph:0.000202384004607
	flow:0.000493634009371
PARA:
Clueword:
	する:[0.0377,0.0379,0.0453,0.0180]
	ストライク:[0.0000,0.0004,0.0008,0.0000]
	本塁:[0.0000,0.0001,0.0001,0.0000]
	上限:[0.0000,0.0001,0.0001,0.0000]
	打撃:[0.0000,0.0000,0.0000,0.0000]
	合わせる:[0.0004,0.0009,0.0001,0.0001]
	上方:[0.0000,0.0008,0.0002,0.0000]
	ゾーン:[0.0000,0.0002,0.0001,0.0000]
	構える:[0.0000,0.0004,0.0008,0.0000]
	ポイント:[0.0025,0.0005,0.0000,0.0014]
	おく:[0.0014,0.0010,0.0010,0.0012]
	上部:[0.0000,0.0000,0.0000,0.0000]
	とき:[0.0006,0.0019,0.0029,0.0005]
	膝頭:[0.0000,0.0000,0.0000,0.0000]
	空間:[0.0003,0.0001,0.0000,0.0002]
	打者:[0.0000,0.0006,0.0011,0.0000]
True-Positive

Section:5
	Ｆｌａｇ：：１００１
	プレイボール
	球審はマスクを着けて捕手の後ろに立つ。
	打者を打者席につかせる。
	塁審、プレイヤー、ベースコーチが所定の位置についたかどうかを確認する。
	投手が投手板に立ったとき、右手を開いて高く挙げ、手のひらを前に向けて“プレイボール”とコールする。
Score:0.0014901886219
EACH_TAG_SCORE:
	image:0.000439654772843
	table:0.000322227563228
	graph:0.000224162763411
	flow:0.000504143522418
PARA:
Clueword:
	右手:[0.0004,0.0020,0.0011,0.0000]
	マスク:[0.0000,0.0002,0.0005,0.0000]
	開く:[0.0000,0.0007,0.0024,0.0000]
	せる:[0.0005,0.0017,0.0029,0.0006]
	向ける:[0.0000,0.0003,0.0016,0.0003]
	確認:[0.0005,0.0008,0.0010,0.0000]
	球審:[0.0001,0.0004,0.0004,0.0000]
	手のひら:[0.0000,0.0001,0.0002,0.0000]
	後ろ:[0.0000,0.0019,0.0016,0.0000]
	コール:[0.0000,0.0010,0.0016,0.0000]
	投手:[0.0000,0.0003,0.0008,0.0000]
	打者:[0.0000,0.0006,0.0011,0.0000]
	どう:[0.0005,0.0006,0.0004,0.0003]
	する:[0.0377,0.0379,0.0453,0.0180]
	挙げる:[0.0000,0.0005,0.0004,0.0000]
	立つ:[0.0004,0.0004,0.0009,0.0004]
	位置:[0.0005,0.0061,0.0005,0.0001]
	高い:[0.0015,0.0007,0.0005,0.0100]
	プレイボール:[0.0000,0.0001,0.0002,0.0000]
	プレイヤー:[0.0000,0.0000,0.0001,0.0000]
	所定:[0.0000,0.0001,0.0002,0.0000]
	ベースコーチ:[0.0000,0.0000,0.0001,0.0000]
	つく:[0.0013,0.0015,0.0009,0.0004]
	塁審:[0.0001,0.0003,0.0008,0.0000]
	捕手:[0.0000,0.0002,0.0005,0.0000]
	とき:[0.0006,0.0019,0.0029,0.0005]
	着ける:[0.0000,0.0001,0.0002,0.0001]
True-Positive

Section:23
	Ｆｌａｇ：：１０００
	安全進塁権
	テイクツー・テイクスリー
	送球・投球が、ボールデッドになる場所に入ったかどうかを見る。
	送球またはフェアの打球にグラブを投げて、当てたかどうかを見る。
	ボールデッドのシグナルを示し、“ボールデッド”とコールし、右手を挙げ２本の指で“テイク・ツー”とコールする。
	（投球の場合はテイク・ワン）
	球に当たったことを指したのち、“ディレードデッドボール”とコールする。
Score:0.00140866719161
EACH_TAG_SCORE:
	image:0.000366496329532
	table:0.000492349117652
	graph:0.000184863547117
	flow:0.000364958197305
PARA:
Clueword:
	する:[0.0377,0.0379,0.0453,0.0180]
	指す:[0.0000,0.0003,0.0002,0.0000]
	テイクツー:[0.0000,0.0000,0.0000,0.0000]
	場合:[0.0353,0.0044,0.0023,0.0045]
	挙げる:[0.0000,0.0005,0.0004,0.0000]
	示す:[0.0003,0.0009,0.0005,0.0001]
	のち:[0.0000,0.0001,0.0000,0.0000]
	ツー:[0.0000,0.0000,0.0000,0.0000]
	なる:[0.0107,0.0090,0.0073,0.0068]
	打球:[0.0001,0.0003,0.0000,0.0000]
	安全だ:[0.0001,0.0001,0.0003,0.0002]
	スリー:[0.0000,0.0000,0.0000,0.0000]
	ディレードデッドボール:[0.0000,0.0001,0.0003,0.0000]
	どう:[0.0005,0.0006,0.0004,0.0003]
	送球:[0.0000,0.0001,0.0000,0.0000]
	または:[0.0006,0.0007,0.0008,0.0001]
	コール:[0.0000,0.0010,0.0016,0.0000]
	デッド:[0.0000,0.0003,0.0003,0.0000]
	テイク:[0.0000,0.0001,0.0000,0.0000]
	投げる:[0.0000,0.0000,0.0000,0.0000]
	ボール:[0.0000,0.0005,0.0005,0.0000]
	こと:[0.0097,0.0093,0.0086,0.0051]
	当てる:[0.0000,0.0001,0.0001,0.0000]
	当たる:[0.0001,0.0002,0.0005,0.0000]
	場所:[0.0005,0.0004,0.0000,0.0000]
	右手:[0.0004,0.0020,0.0011,0.0000]
	入る:[0.0005,0.0010,0.0008,0.0003]
	見る:[0.0008,0.0020,0.0005,0.0013]
	フェア:[0.0002,0.0002,0.0000,0.0000]
	シグナル:[0.0001,0.0002,0.0002,0.0000]
	投球:[0.0000,0.0004,0.0005,0.0000]
	ワン:[0.0000,0.0001,0.0000,0.0000]
	グラブ:[0.0000,0.0000,0.0000,0.0000]
	進塁:[0.0000,0.0000,0.0000,0.0000]
True-Positive

Section:18
	Ｆｌａｇ：：１００１
	不正投球
	イリーガルピッチ
	各審判員は、投手の投球動作を見守る。
	不正投球にもかかわらず打者が打った場合は、結果を見てから、成り行きにまかせるか、または不正投球を適用するかを決める。
	その結果によって、処理の扱いが異なるので、早まってはいけない。
	そこでまず、「ディレードデッドボール」をを示すため、左手を握って横に出し、“ディレードデッドボール”とコールし、次いで違反者を指さし、“イリーガルピッチ”とコールする。
	プレイの成立を確認のうえ、必要があれば“タイム”のコールとジェスチャーをし、正しい処置をする。
Score:0.00136078858464
EACH_TAG_SCORE:
	image:0.000341174449686
	table:0.000435398305753
	graph:0.000163207200279
	flow:0.000421008628927
PARA:
Clueword:
	そこ:[0.0005,0.0005,0.0006,0.0001]
	ディレードデッドボール:[0.0000,0.0001,0.0003,0.0000]
	正しい:[0.0002,0.0002,0.0001,0.0000]
	よる:[0.0024,0.0030,0.0030,0.0025]
	場合:[0.0353,0.0044,0.0023,0.0045]
	まかせる:[0.0000,0.0000,0.0001,0.0000]
	うえ:[0.0000,0.0001,0.0001,0.0000]
	決める:[0.0004,0.0001,0.0004,0.0001]
	確認:[0.0005,0.0008,0.0010,0.0000]
	まず:[0.0007,0.0007,0.0187,0.0001]
	異なる:[0.0019,0.0007,0.0002,0.0001]
	のだ:[0.0071,0.0068,0.0053,0.0039]
	プレイ:[0.0000,0.0002,0.0006,0.0000]
	から:[0.0057,0.0058,0.0057,0.0033]
	コール:[0.0000,0.0010,0.0016,0.0000]
	不正だ:[0.0000,0.0002,0.0003,0.0000]
	成り行き:[0.0000,0.0000,0.0001,0.0000]
	出す:[0.0007,0.0007,0.0006,0.0003]
	投手:[0.0000,0.0003,0.0008,0.0000]
	その:[0.0018,0.0030,0.0033,0.0011]
	処置:[0.0000,0.0001,0.0002,0.0000]
	打者:[0.0000,0.0006,0.0011,0.0000]
	示す:[0.0003,0.0009,0.0005,0.0001]
	タイム:[0.0000,0.0001,0.0002,0.0000]
	する:[0.0377,0.0379,0.0453,0.0180]
	または:[0.0006,0.0007,0.0008,0.0001]
	処理:[0.0003,0.0001,0.0025,0.0000]
	ジェスチャー:[0.0000,0.0001,0.0003,0.0000]
	早まる:[0.0000,0.0000,0.0001,0.0000]
	必要だ:[0.0023,0.0013,0.0019,0.0006]
	ある:[0.0113,0.0103,0.0051,0.0037]
	適用:[0.0002,0.0005,0.0001,0.0000]
	イリーガルピッチ:[0.0000,0.0001,0.0002,0.0000]
	扱う:[0.0001,0.0001,0.0001,0.0000]
	指さす:[0.0000,0.0003,0.0003,0.0000]
	かかわる:[0.0002,0.0001,0.0003,0.0000]
	審判:[0.0000,0.0002,0.0003,0.0000]
	ため:[0.0030,0.0032,0.0027,0.0024]
	打つ:[0.0001,0.0001,0.0005,0.0000]
	動作:[0.0003,0.0002,0.0003,0.0000]
	見る:[0.0008,0.0020,0.0005,0.0013]
	結果:[0.0004,0.0004,0.0007,0.0011]
	違反:[0.0000,0.0001,0.0001,0.0000]
	次ぐ:[0.0000,0.0000,0.0001,0.0000]
	見守る:[0.0000,0.0000,0.0001,0.0000]
	いけない:[0.0004,0.0002,0.0001,0.0001]
	成立:[0.0001,0.0001,0.0001,0.0000]
	左手:[0.0004,0.0017,0.0013,0.0000]
	握る:[0.0000,0.0003,0.0007,0.0000]
	投球:[0.0000,0.0004,0.0005,0.0000]
True-Positive

Section:17
	Ｆｌａｇ：：１００１
	守備妨害
	インターフェアランス
	（１）腰を落として、両手を膝に置いて構える。
	（２）プレイを見極める。
	（３）ボールデッドのシグナルを示した後、“ボールデッド”とコールする。
	（４）妨害した打者または走者を指さし、“インターフェア・バッターアウト”あるいは
	”インターフェア・ランナーアウト”とコールする。
	直ちに「ボールデッド」になることに注意したい。
Score:0.0012549769916
EACH_TAG_SCORE:
	image:0.000352235028198
	table:0.000330109685801
	graph:0.000169503706265
	flow:0.000403128571333
PARA:
Clueword:
	あるいは:[0.0010,0.0001,0.0001,0.0000]
	守備:[0.0000,0.0001,0.0001,0.0000]
	打者:[0.0000,0.0006,0.0011,0.0000]
	インターフェア:[0.0000,0.0001,0.0003,0.0000]
	アウト:[0.0000,0.0005,0.0007,0.0000]
	ランナー:[0.0000,0.0001,0.0001,0.0000]
	プレイ:[0.0000,0.0002,0.0006,0.0000]
	直ちに:[0.0000,0.0001,0.0012,0.0000]
	ランス:[0.0000,0.0000,0.0001,0.0000]
	たい:[0.0012,0.0013,0.0014,0.0010]
	置く:[0.0002,0.0007,0.0005,0.0003]
	コール:[0.0000,0.0010,0.0016,0.0000]
	構える:[0.0000,0.0004,0.0008,0.0000]
	注意:[0.0003,0.0008,0.0007,0.0005]
	なる:[0.0107,0.0090,0.0073,0.0068]
	する:[0.0377,0.0379,0.0453,0.0180]
	または:[0.0006,0.0007,0.0008,0.0001]
	落とす:[0.0001,0.0002,0.0002,0.0000]
	デッド:[0.0000,0.0003,0.0003,0.0000]
	妨害:[0.0000,0.0001,0.0004,0.0000]
	バッター:[0.0000,0.0001,0.0001,0.0000]
	ボール:[0.0000,0.0005,0.0005,0.0000]
	こと:[0.0097,0.0093,0.0086,0.0051]
	走者:[0.0000,0.0005,0.0004,0.0000]
	指さす:[0.0000,0.0003,0.0003,0.0000]
	両手:[0.0000,0.0003,0.0019,0.0000]
	シグナル:[0.0001,0.0002,0.0002,0.0000]
	示す:[0.0003,0.0009,0.0005,0.0001]
	見極める:[0.0000,0.0002,0.0001,0.0000]
True-Positive

Section:2
	Ｆｌａｇ：：００００
	それと、これは、見た目というか
	毅然とした態度
	を示すというか・・・・まず、前出のゴールキック、コーナーキックもですが
	間接フリーキックの時の手を上に上げる時や、ファウルの時攻める側を指し示すときなどの手まっすぐのばそう！！！
	肘を曲げて、いると、何か自信のない、威厳のない雰囲気に。
	笛の音が、「ピー」ではなく「ヒョロヒョロ」となっているのと同じように感じる。
	ほんとにちょっとしたことなのだけど。
	こういうことをちょっと変えるだけで、取り組み方も
	そしてなにより、選手やベンチなどの受けとる側もちょっと「変わる」
	気持ちのいい審判に笛を吹いてもらうと、ジャッジを素直に受け入れるし、
	試合が・・・・気持ちのいいものになるのですよ・・・・・・
	そうすれば、主審も「余裕の笑顔」がでてくる。
	４級でもチャレンジしてみよう。
Score:0.00120350245348
EACH_TAG_SCORE:
	image:0.000336433991253
	table:0.000330053549466
	graph:0.000185530910786
	flow:0.000351484001976
PARA:
Clueword:
	感じる:[0.0009,0.0010,0.0004,0.0003]
	取り組む:[0.0001,0.0001,0.0000,0.0000]
	同じだ:[0.0013,0.0010,0.0005,0.0009]
	主審:[0.0000,0.0000,0.0000,0.0000]
	余裕:[0.0000,0.0000,0.0000,0.0000]
	選手:[0.0000,0.0001,0.0001,0.0000]
	まっすぐ:[0.0000,0.0003,0.0000,0.0000]
	もらう:[0.0003,0.0001,0.0000,0.0000]
	受け入れる:[0.0001,0.0000,0.0000,0.0000]
	みる:[0.0011,0.0014,0.0005,0.0011]
	なる:[0.0107,0.0090,0.0073,0.0068]
	する:[0.0377,0.0379,0.0453,0.0180]
	いる:[0.0124,0.0129,0.0079,0.0099]
	ゴール:[0.0000,0.0002,0.0000,0.0000]
	こと:[0.0097,0.0093,0.0086,0.0051]
	見た目:[0.0001,0.0041,0.0001,0.0001]
	それ:[0.0013,0.0009,0.0018,0.0009]
	審判:[0.0000,0.0002,0.0003,0.0000]
	もの:[0.0026,0.0031,0.0015,0.0008]
	だけ:[0.0014,0.0013,0.0014,0.0007]
	変わる:[0.0005,0.0003,0.0003,0.0005]
	とき:[0.0006,0.0019,0.0029,0.0005]
	ようだ:[0.0039,0.0045,0.0062,0.0016]
	ベンチ:[0.0000,0.0000,0.0000,0.0000]
	曲げる:[0.0000,0.0000,0.0001,0.0000]
	いう:[0.0059,0.0048,0.0034,0.0042]
	いい:[0.0008,0.0008,0.0002,0.0005]
	気持ち:[0.0001,0.0001,0.0005,0.0000]
	キック:[0.0000,0.0002,0.0000,0.0000]
	まず:[0.0007,0.0007,0.0187,0.0001]
	くる:[0.0012,0.0016,0.0007,0.0011]
	笑顔:[0.0000,0.0001,0.0000,0.0000]
	のだ:[0.0071,0.0068,0.0053,0.0039]
	これ:[0.0015,0.0020,0.0024,0.0011]
	試合:[0.0000,0.0000,0.0001,0.0000]
	示す:[0.0003,0.0009,0.0005,0.0001]
	ちょっと:[0.0002,0.0001,0.0000,0.0003]
	コーナーキック:[0.0000,0.0001,0.0000,0.0000]
	けど:[0.0003,0.0002,0.0000,0.0000]
	素直だ:[0.0000,0.0000,0.0000,0.0000]
	そう:[0.0002,0.0003,0.0008,0.0001]
	そして:[0.0004,0.0004,0.0025,0.0001]
	こういう:[0.0000,0.0001,0.0000,0.0000]
	なにより:[0.0000,0.0001,0.0000,0.0000]
	上げる:[0.0002,0.0003,0.0005,0.0004]
	フリーだ:[0.0001,0.0000,0.0000,0.0000]
	変える:[0.0002,0.0002,0.0000,0.0001]
	雰囲気:[0.0000,0.0006,0.0001,0.0000]
	でも:[0.0029,0.0018,0.0004,0.0017]
	ない:[0.0105,0.0083,0.0076,0.0061]
	でる:[0.0000,0.0001,0.0000,0.0000]
	など:[0.0054,0.0053,0.0021,0.0019]
False-Positive

Section:12
	Ｆｌａｇ：：１０００
	インフィールドフライ
	球審は、野手が飛球の落下地点で構え、打球が最高点に達したとき右手を挙げて、“インフィールドフライ”とコールし、アウトのシグナルをする。
	（塁審が宣告した場合も同様）
	塁審は、人差し指を伸ばし、球審に同調する。
	また、事前に各審判員が確認し合う為、打者走者が一塁に触れ、次打者が打者席に入ったとき、審判員は一斉に右手を軽く左肩に当てる。
Score:0.00120089196136
EACH_TAG_SCORE:
	image:0.000308640565983
	table:0.000415991628508
	graph:0.000132131586318
	flow:0.000344128180555
PARA:
Clueword:
	人差し指:[0.0000,0.0000,0.0000,0.0000]
	アウト:[0.0000,0.0005,0.0007,0.0000]
	宣告:[0.0000,0.0001,0.0001,0.0000]
	場合:[0.0353,0.0044,0.0023,0.0045]
	同様だ:[0.0003,0.0003,0.0003,0.0000]
	同調:[0.0000,0.0001,0.0000,0.0000]
	確認:[0.0005,0.0008,0.0010,0.0000]
	球審:[0.0001,0.0004,0.0004,0.0000]
	野手:[0.0000,0.0002,0.0003,0.0000]
	達する:[0.0000,0.0001,0.0000,0.0000]
	地点:[0.0000,0.0004,0.0000,0.0000]
	事前:[0.0000,0.0001,0.0000,0.0002]
	触れる:[0.0000,0.0001,0.0001,0.0000]
	構える:[0.0000,0.0004,0.0008,0.0000]
	また:[0.0013,0.0021,0.0018,0.0011]
	打者:[0.0000,0.0006,0.0011,0.0000]
	する:[0.0377,0.0379,0.0453,0.0180]
	挙げる:[0.0000,0.0005,0.0004,0.0000]
	コール:[0.0000,0.0010,0.0016,0.0000]
	一斉だ:[0.0000,0.0001,0.0000,0.0000]
	右手:[0.0004,0.0020,0.0011,0.0000]
	打球:[0.0001,0.0003,0.0000,0.0000]
	伸ばす:[0.0001,0.0002,0.0004,0.0001]
	当てる:[0.0000,0.0001,0.0001,0.0000]
	走者:[0.0000,0.0005,0.0004,0.0000]
	合う:[0.0004,0.0004,0.0000,0.0001]
	審判:[0.0000,0.0002,0.0003,0.0000]
	飛球:[0.0000,0.0000,0.0000,0.0000]
	入る:[0.0005,0.0010,0.0008,0.0003]
	塁審:[0.0001,0.0003,0.0008,0.0000]
	最高だ:[0.0000,0.0001,0.0000,0.0001]
	シグナル:[0.0001,0.0002,0.0002,0.0000]
	軽い:[0.0008,0.0009,0.0017,0.0000]
	インフィールドフライ:[0.0000,0.0001,0.0000,0.0000]
	とき:[0.0006,0.0019,0.0029,0.0005]
	落下:[0.0000,0.0000,0.0000,0.0000]
True-Positive

Section:11
	Ｆｌａｇ：：１１００
	打球の判定
	（フェア）
	球審は前に出て、腰を落とす。
	ライン際のゴロは、すばやくライン上に出て追う。
	一・三塁塁審は、低い姿勢で打球をみる。
	球審は“フェア”のコールをしない。
	きわどいときだけは、フェアのシグナルを出す。
	塁審は、きわどい打球を追ってよく確認し、フェアのシグナルを出す。
	内野側の腕をフェア地域に向かって、横に真っ直ぐ伸ばす。
Score:0.00118981287584
EACH_TAG_SCORE:
	image:0.000334178922804
	table:0.000315327892145
	graph:0.000189780001976
	flow:0.000350526058912
PARA:
Clueword:
	確認:[0.0005,0.0008,0.0010,0.0000]
	球審:[0.0001,0.0004,0.0004,0.0000]
	コール:[0.0000,0.0010,0.0016,0.0000]
	低い:[0.0006,0.0014,0.0003,0.0059]
	ライン:[0.0001,0.0003,0.0001,0.0001]
	追う:[0.0001,0.0001,0.0000,0.0000]
	みる:[0.0011,0.0014,0.0005,0.0011]
	出す:[0.0007,0.0007,0.0006,0.0003]
	打球:[0.0001,0.0003,0.0000,0.0000]
	一・三:[0.0000,0.0000,0.0000,0.0000]
	する:[0.0377,0.0379,0.0453,0.0180]
	内野:[0.0000,0.0000,0.0000,0.0000]
	落とす:[0.0001,0.0002,0.0002,0.0000]
	だけ:[0.0014,0.0013,0.0014,0.0007]
	地域:[0.0008,0.0004,0.0000,0.0007]
	伸ばす:[0.0001,0.0002,0.0004,0.0001]
	姿勢:[0.0001,0.0011,0.0000,0.0000]
	よい:[0.0014,0.0014,0.0003,0.0004]
	すばやい:[0.0001,0.0000,0.0000,0.0000]
	きわどい:[0.0001,0.0001,0.0001,0.0000]
	出る:[0.0009,0.0008,0.0003,0.0006]
	塁審:[0.0001,0.0003,0.0008,0.0000]
	フェア:[0.0002,0.0002,0.0000,0.0000]
	向かう:[0.0000,0.0001,0.0001,0.0001]
	シグナル:[0.0001,0.0002,0.0002,0.0000]
	ゴロ:[0.0000,0.0000,0.0000,0.0000]
	判定:[0.0000,0.0001,0.0001,0.0000]
	とき:[0.0006,0.0019,0.0029,0.0005]
	ない:[0.0105,0.0083,0.0076,0.0061]
	真っ直ぐ:[0.0000,0.0004,0.0000,0.0000]
True-Positive

Section:10
	Ｆｌａｇ：：０００１
	チェックスイング
	（１）打者がバットを振ったかどうか確認できなかったときは、立ち上がり、直ちに塁審のサインを求める。
	（２）マスクをとって一歩前へ踏み出す。
	（３）右（左）打者のときは、一（三）塁審を右手で指さす。
	大きな声で“チェック”とコールする。
	（４）塁審のサインを受けてから判定する。
	ストライクのときは“ストライク”のコールとジェスチャーをする。
	ボールのときは、“ボール”とコールする。
Score:0.00114498227498
EACH_TAG_SCORE:
	image:0.000328048769273
	table:0.00030054244864
	graph:0.000151853234586
	flow:0.000364537822485
PARA:
Clueword:
	マスク:[0.0000,0.0002,0.0005,0.0000]
	ストライク:[0.0000,0.0004,0.0008,0.0000]
	大きな:[0.0005,0.0016,0.0003,0.0005]
	バット:[0.0000,0.0000,0.0001,0.0000]
	求める:[0.0001,0.0001,0.0001,0.0000]
	直ちに:[0.0000,0.0001,0.0012,0.0000]
	できる:[0.0044,0.0045,0.0022,0.0015]
	確認:[0.0005,0.0008,0.0010,0.0000]
	から:[0.0057,0.0058,0.0057,0.0033]
	コール:[0.0000,0.0010,0.0016,0.0000]
	スイング:[0.0000,0.0000,0.0001,0.0000]
	とる:[0.0004,0.0007,0.0005,0.0001]
	受ける:[0.0004,0.0001,0.0002,0.0002]
	踏み出す:[0.0000,0.0000,0.0001,0.0000]
	打者:[0.0000,0.0006,0.0011,0.0000]
	どう:[0.0005,0.0006,0.0004,0.0003]
	サイン:[0.0000,0.0001,0.0002,0.0000]
	する:[0.0377,0.0379,0.0453,0.0180]
	振る:[0.0002,0.0001,0.0001,0.0000]
	ジェスチャー:[0.0000,0.0001,0.0003,0.0000]
	立つ:[0.0004,0.0004,0.0009,0.0004]
	右手:[0.0004,0.0020,0.0011,0.0000]
	指さす:[0.0000,0.0003,0.0003,0.0000]
	ボール:[0.0000,0.0005,0.0005,0.0000]
	チェック:[0.0004,0.0004,0.0002,0.0003]
	塁審:[0.0001,0.0003,0.0008,0.0000]
	判定:[0.0000,0.0001,0.0001,0.0000]
	とき:[0.0006,0.0019,0.0029,0.0005]
	ない:[0.0105,0.0083,0.0076,0.0061]
	上がる:[0.0002,0.0002,0.0006,0.0005]
True-Positive

Section:25
	Ｆｌａｇ：：００００
	外野フライ
	球審は前に出て見る。
	（三塁に走者がいるときは、前に出ないでタッチアップに備える）
	塁審は打球を横から見ることの出来る方向へ追って、停止して確認し、判定する。
	内野フライ
	球審は、捕球を確認して、“アウト”のコールとジェスチャーをする。
	ファールフライ
	球審は横に出て見る。
	塁審は、打球を横から見ることのできる方向へ追って確認し、判定する。
	試合の終了
	ゲーム
	試合開始前の集合と同じ
	球審は右手を挙げて“ゲーム”とコールする。
	審判員・選手はともに帽子を取って挨拶をする。
Score:0.0011372436601
EACH_TAG_SCORE:
	image:0.000336230390518
	table:0.000301828532347
	graph:0.000174230239415
	flow:0.000324954497823
PARA:
Clueword:
	備える:[0.0000,0.0000,0.0002,0.0000]
	アウト:[0.0000,0.0005,0.0007,0.0000]
	挨拶:[0.0000,0.0000,0.0001,0.0000]
	終了:[0.0000,0.0002,0.0000,0.0000]
	同じだ:[0.0013,0.0010,0.0005,0.0009]
	できる:[0.0044,0.0045,0.0022,0.0015]
	確認:[0.0005,0.0008,0.0010,0.0000]
	球審:[0.0001,0.0004,0.0004,0.0000]
	取る:[0.0009,0.0006,0.0001,0.0003]
	開始:[0.0000,0.0000,0.0002,0.0001]
	から:[0.0057,0.0058,0.0057,0.0033]
	選手:[0.0000,0.0001,0.0001,0.0000]
	試合:[0.0000,0.0000,0.0001,0.0000]
	打球:[0.0001,0.0003,0.0000,0.0000]
	判定:[0.0000,0.0001,0.0001,0.0000]
	する:[0.0377,0.0379,0.0453,0.0180]
	内野:[0.0000,0.0000,0.0000,0.0000]
	いる:[0.0124,0.0129,0.0079,0.0099]
	ジェスチャー:[0.0000,0.0001,0.0003,0.0000]
	コール:[0.0000,0.0010,0.0016,0.0000]
	ともに:[0.0001,0.0001,0.0001,0.0002]
	挙げる:[0.0000,0.0005,0.0004,0.0000]
	右手:[0.0004,0.0020,0.0011,0.0000]
	方向:[0.0000,0.0003,0.0001,0.0000]
	こと:[0.0097,0.0093,0.0086,0.0051]
	審判:[0.0000,0.0002,0.0003,0.0000]
	走者:[0.0000,0.0005,0.0004,0.0000]
	集合:[0.0000,0.0001,0.0002,0.0000]
	ゲーム:[0.0000,0.0001,0.0000,0.0001]
	出る:[0.0009,0.0008,0.0003,0.0006]
	見る:[0.0008,0.0020,0.0005,0.0013]
	出来る:[0.0004,0.0004,0.0002,0.0001]
	塁審:[0.0001,0.0003,0.0008,0.0000]
	追う:[0.0001,0.0001,0.0000,0.0000]
	停止:[0.0000,0.0001,0.0000,0.0000]
	とき:[0.0006,0.0019,0.0029,0.0005]
	タッチ:[0.0000,0.0001,0.0000,0.0000]
	アップ:[0.0002,0.0006,0.0003,0.0024]
False-Positive

Section:22
	Ｆｌａｇ：：１０００
	セーフ
	フォースプレイは離れて、タッチプレイは近づいて見る。
	送球を見定めて、良い位置をとり、手を軽く握って膝に置いて腰を落とし、停止して構え、プレイを注視する。
	セーフと確認したら
	１手の平を下に向けて胸に両手を持って行き
	２そこから真横に伸ばして“セーフ”とコールする。
	きわどいものについては、片足を前に踏み込んで行ってもよい。
	その後走者の動きを注視する。
	球審はマスクを左手に持ったまま真横に伸ばす。
Score:0.00111998073263
EACH_TAG_SCORE:
	image:0.000329238540774
	table:0.00026290855312
	graph:0.000124229566496
	flow:0.000403604072241
PARA:
Clueword:
	フォースプレイ:[0.0000,0.0000,0.0000,0.0000]
	マスク:[0.0000,0.0002,0.0005,0.0000]
	そこ:[0.0005,0.0005,0.0006,0.0001]
	置く:[0.0002,0.0007,0.0005,0.0003]
	する:[0.0377,0.0379,0.0453,0.0180]
	向ける:[0.0000,0.0003,0.0016,0.0003]
	踏み込む:[0.0000,0.0000,0.0000,0.0000]
	プレイ:[0.0000,0.0002,0.0006,0.0000]
	見定める:[0.0000,0.0000,0.0000,0.0000]
	確認:[0.0005,0.0008,0.0010,0.0000]
	球審:[0.0001,0.0004,0.0004,0.0000]
	片足:[0.0000,0.0001,0.0001,0.0000]
	持つ:[0.0008,0.0007,0.0014,0.0001]
	から:[0.0057,0.0058,0.0057,0.0033]
	コール:[0.0000,0.0010,0.0016,0.0000]
	注視:[0.0000,0.0001,0.0000,0.0000]
	動く:[0.0004,0.0008,0.0009,0.0004]
	セーフ:[0.0000,0.0001,0.0000,0.0000]
	きわどい:[0.0001,0.0001,0.0001,0.0000]
	とる:[0.0004,0.0007,0.0005,0.0001]
	送球:[0.0000,0.0001,0.0000,0.0000]
	位置:[0.0005,0.0061,0.0005,0.0001]
	落とす:[0.0001,0.0002,0.0002,0.0000]
	良い:[0.0013,0.0011,0.0010,0.0006]
	両手:[0.0000,0.0003,0.0019,0.0000]
	近づく:[0.0001,0.0001,0.0001,0.0000]
	伸ばす:[0.0001,0.0002,0.0004,0.0001]
	まま:[0.0003,0.0002,0.0001,0.0002]
	走者:[0.0000,0.0005,0.0004,0.0000]
	手の平:[0.0000,0.0000,0.0009,0.0000]
	よい:[0.0014,0.0014,0.0003,0.0004]
	つく:[0.0013,0.0015,0.0009,0.0004]
	その後:[0.0002,0.0002,0.0133,0.0001]
	見る:[0.0008,0.0020,0.0005,0.0013]
	もの:[0.0026,0.0031,0.0015,0.0008]
	軽い:[0.0008,0.0009,0.0017,0.0000]
	構える:[0.0000,0.0004,0.0008,0.0000]
	停止:[0.0000,0.0001,0.0000,0.0000]
	離れる:[0.0001,0.0002,0.0001,0.0000]
	行く:[0.0006,0.0004,0.0002,0.0002]
	タッチ:[0.0000,0.0001,0.0000,0.0000]
	左手:[0.0004,0.0017,0.0013,0.0000]
	握る:[0.0000,0.0003,0.0007,0.0000]
True-Positive

Section:16
	Ｆｌａｇ：：１００１
	走塁妨害
	オブストラクション
	（１）走者の走塁が野手によって妨げられたことを確認する。
	（よけた）（接触した）（転倒した）（衝突した）
	（２）直ちに左手を握って横に出し“ディレードデッドボール”とコールする。
	（３）妨害した野手を右手で指し“オブストラクション”とコールする。
	（４）プレイが一段落するまで待つ。
	（５）“タイム”のコールとゼスチャーをし、適切な処置をする。
Score:0.00111367057226
EACH_TAG_SCORE:
	image:0.000319093564361
	table:0.000287203154429
	graph:0.000147388266617
	flow:0.00035998558685
PARA:
Clueword:
	ゼスチャー:[0.0000,0.0001,0.0001,0.0000]
	指す:[0.0000,0.0003,0.0002,0.0000]
	よる:[0.0024,0.0030,0.0030,0.0025]
	走塁:[0.0000,0.0001,0.0002,0.0000]
	適切だ:[0.0000,0.0001,0.0001,0.0001]
	プレイ:[0.0000,0.0002,0.0006,0.0000]
	直ちに:[0.0000,0.0001,0.0012,0.0000]
	確認:[0.0005,0.0008,0.0010,0.0000]
	野手:[0.0000,0.0002,0.0003,0.0000]
	タイム:[0.0000,0.0001,0.0002,0.0000]
	出す:[0.0007,0.0007,0.0006,0.0003]
	転倒:[0.0000,0.0000,0.0001,0.0000]
	妨害:[0.0000,0.0001,0.0004,0.0000]
	まで:[0.0020,0.0014,0.0016,0.0015]
	段落:[0.0000,0.0000,0.0001,0.0001]
	する:[0.0377,0.0379,0.0453,0.0180]
	コール:[0.0000,0.0010,0.0016,0.0000]
	オブストラクション:[0.0000,0.0001,0.0002,0.0000]
	接触:[0.0000,0.0001,0.0003,0.0000]
	られる:[0.0026,0.0025,0.0012,0.0015]
	右手:[0.0004,0.0020,0.0011,0.0000]
	こと:[0.0097,0.0093,0.0086,0.0051]
	衝突:[0.0000,0.0001,0.0001,0.0000]
	走者:[0.0000,0.0005,0.0004,0.0000]
	処置:[0.0000,0.0001,0.0002,0.0000]
	よける:[0.0000,0.0000,0.0001,0.0000]
	ディレードデッドボール:[0.0000,0.0001,0.0003,0.0000]
	妨げる:[0.0001,0.0000,0.0001,0.0000]
	待つ:[0.0003,0.0003,0.0002,0.0001]
	左手:[0.0004,0.0017,0.0013,0.0000]
	握る:[0.0000,0.0003,0.0007,0.0000]
True-Positive

Section:1
	Ｆｌａｇ：：１０００
	審判の手のポーズ
	ゴールキック、コーナーキックの主審の手の位置
	ゴールキックはゴールエリアをコーナーキックはコーナーを手で指すのですが、
	角度によってはどこを指しているのかわかりにくい。
	なので、
	ゴールキックの場合は
	手のひらを下にに向け水平より若干下にの方向でゴールエリアを指す。
	コーナーキックは
	これと逆にやれば明らかに違います。
	手のひらを上に向ける。
	そして、角度は水平より若干上だ。
	これにより、選手も、ベンチにも明らかにどちらをさしているのかわかるのだ。
Score:0.00105721875321
EACH_TAG_SCORE:
	image:0.000302198707162
	table:0.000364534960641
	graph:0.000178226843644
	flow:0.00021225824176
PARA:
Clueword:
	やる:[0.0004,0.0003,0.0011,0.0001]
	にる:[0.0001,0.0001,0.0001,0.0000]
	エリア:[0.0000,0.0001,0.0000,0.0000]
	指す:[0.0000,0.0003,0.0002,0.0000]
	より:[0.0021,0.0013,0.0003,0.0013]
	よる:[0.0024,0.0030,0.0030,0.0025]
	なので:[0.0002,0.0001,0.0000,0.0000]
	向ける:[0.0000,0.0003,0.0016,0.0003]
	場合:[0.0353,0.0044,0.0023,0.0045]
	コーナー:[0.0000,0.0001,0.0000,0.0000]
	主審:[0.0000,0.0000,0.0000,0.0000]
	若干:[0.0003,0.0019,0.0000,0.0036]
	キック:[0.0000,0.0002,0.0000,0.0000]
	ます:[0.0228,0.0269,0.0224,0.0150]
	のだ:[0.0071,0.0068,0.0053,0.0039]
	どこ:[0.0002,0.0002,0.0001,0.0002]
	にくい:[0.0010,0.0008,0.0004,0.0001]
	これ:[0.0015,0.0020,0.0024,0.0011]
	明らかだ:[0.0000,0.0001,0.0001,0.0000]
	どちら:[0.0004,0.0003,0.0004,0.0000]
	いる:[0.0124,0.0129,0.0079,0.0099]
	選手:[0.0000,0.0001,0.0001,0.0000]
	ゴール:[0.0000,0.0002,0.0000,0.0000]
	水平だ:[0.0000,0.0001,0.0001,0.0000]
	位置:[0.0005,0.0061,0.0005,0.0001]
	手のひら:[0.0000,0.0001,0.0002,0.0000]
	方向:[0.0000,0.0003,0.0001,0.0000]
	角度:[0.0000,0.0015,0.0000,0.0000]
	コーナーキック:[0.0000,0.0001,0.0000,0.0000]
	審判:[0.0000,0.0002,0.0003,0.0000]
	さす:[0.0000,0.0001,0.0000,0.0000]
	そして:[0.0004,0.0004,0.0025,0.0001]
	逆だ:[0.0006,0.0003,0.0001,0.0003]
	ポーズ:[0.0000,0.0007,0.0000,0.0000]
	わかる:[0.0006,0.0009,0.0004,0.0002]
	違う:[0.0011,0.0009,0.0003,0.0008]
	ベンチ:[0.0000,0.0000,0.0000,0.0000]
True-Positive

Section:3
	Ｆｌａｇ：：１００１
	集合と挨拶
	審判員は服装を服装を整え、（球審はインサイドプロテクター・レガースを着けマスクを左手に持ち）、試合開始の予定時刻の３分前に両チームに集合を知らせる。
	審判員は、捕手席の後方に投手板の方向を向いて右側から、二塁審判、一塁審判、球審、三塁審判の順に横一列に並ぶ。
	両チームの選手は、打者席の外側に離れて、主将を先頭にして一列に向かい合って整列させる。
Score:0.00101135747763
EACH_TAG_SCORE:
	image:0.000296893776411
	table:0.000246802496852
	graph:0.000118926752004
	flow:0.000348734452368
PARA:
Clueword:
	予定:[0.0001,0.0001,0.0001,0.0001]
	マスク:[0.0000,0.0002,0.0005,0.0000]
	並ぶ:[0.0001,0.0004,0.0002,0.0000]
	挨拶:[0.0000,0.0000,0.0001,0.0000]
	せる:[0.0005,0.0017,0.0029,0.0006]
	主将:[0.0000,0.0000,0.0001,0.0000]
	イン:[0.0002,0.0003,0.0003,0.0000]
	後方:[0.0000,0.0007,0.0001,0.0000]
	服装:[0.0000,0.0004,0.0002,0.0001]
	選手:[0.0000,0.0001,0.0001,0.0000]
	球審:[0.0001,0.0004,0.0004,0.0000]
	着ける:[0.0000,0.0001,0.0002,0.0001]
	持つ:[0.0008,0.0007,0.0014,0.0001]
	向かい合う:[0.0000,0.0000,0.0001,0.0000]
	開始:[0.0000,0.0000,0.0002,0.0001]
	から:[0.0057,0.0058,0.0057,0.0033]
	整える:[0.0000,0.0001,0.0003,0.0000]
	投手:[0.0000,0.0003,0.0008,0.0000]
	試合:[0.0000,0.0000,0.0001,0.0000]
	外側:[0.0003,0.0022,0.0010,0.0000]
	プロテクター:[0.0000,0.0000,0.0001,0.0000]
	する:[0.0377,0.0379,0.0453,0.0180]
	離れる:[0.0001,0.0002,0.0001,0.0000]
	整列:[0.0000,0.0000,0.0001,0.0000]
	集合:[0.0000,0.0001,0.0002,0.0000]
	審判:[0.0000,0.0002,0.0003,0.0000]
	チーム:[0.0002,0.0001,0.0003,0.0001]
	左手:[0.0004,0.0017,0.0013,0.0000]
	塁審:[0.0001,0.0003,0.0008,0.0000]
	順だ:[0.0002,0.0001,0.0003,0.0000]
	レガース:[0.0000,0.0000,0.0001,0.0000]
	知らせる:[0.0000,0.0001,0.0001,0.0000]
	向く:[0.0001,0.0003,0.0002,0.0001]
	捕手:[0.0000,0.0002,0.0005,0.0000]
	先頭:[0.0001,0.0000,0.0001,0.0000]
	方向:[0.0000,0.0003,0.0001,0.0000]
	サイド:[0.0000,0.0004,0.0006,0.0000]
	打者:[0.0000,0.0006,0.0011,0.0000]
	時刻:[0.0000,0.0001,0.0001,0.0000]
True-Positive

Section:20
	Ｆｌａｇ：：１０００
	走塁違反
	追い越しアウト
	追い越したかどうかを、見極める。
	追い越したその走者（逆走の場合は追い越された走者）を指さし、“追い越しアウト”とコールし、速やかにその走者を取り除く。
		ラインアウト
	野手がタッチしようとしたとき、走者が塁間を結ぶ直線から０．９１ｍ以上逃げたかどうかを見極める。
	走者を指さして“ラインアウト”とコールする。
	後ずさりアウト
	本塁、一塁間で野手がタッチしようとしたとき、打者走者がタッチを避けようとして後ずさりしたかどうかを見極める。
	両手を高く挙げ“ボールデッド”コールとゼスチャーをしたあと、打者走者を指さし“後ずさりアウト”とコールする。
Score:0.000967531566024
EACH_TAG_SCORE:
	image:0.000238827718407
	table:0.00032094390971
	graph:0.000150408088744
	flow:0.000257351849164
PARA:
Clueword:
	結ぶ:[0.0007,0.0005,0.0000,0.0000]
	ゼスチャー:[0.0000,0.0001,0.0001,0.0000]
	アウト:[0.0000,0.0005,0.0007,0.0000]
	直線:[0.0000,0.0001,0.0000,0.0000]
	走塁:[0.0000,0.0001,0.0002,0.0000]
	場合:[0.0353,0.0044,0.0023,0.0045]
	逃げる:[0.0000,0.0000,0.0000,0.0000]
	逆だ:[0.0006,0.0003,0.0001,0.0003]
	野手:[0.0000,0.0002,0.0003,0.0000]
	追い越す:[0.0000,0.0002,0.0000,0.0000]
	から:[0.0057,0.0058,0.0057,0.0033]
	本塁:[0.0000,0.0001,0.0001,0.0000]
	あと:[0.0006,0.0001,0.0000,0.0001]
	れる:[0.0087,0.0086,0.0069,0.0045]
	その:[0.0018,0.0030,0.0033,0.0011]
	打者:[0.0000,0.0006,0.0011,0.0000]
	どう:[0.0005,0.0006,0.0004,0.0003]
	する:[0.0377,0.0379,0.0453,0.0180]
	後ずさり:[0.0000,0.0001,0.0000,0.0000]
	コール:[0.0000,0.0010,0.0016,0.0000]
	デッド:[0.0000,0.0003,0.0003,0.0000]
	避ける:[0.0001,0.0001,0.0002,0.0003]
	挙げる:[0.0000,0.0005,0.0004,0.0000]
	ボール:[0.0000,0.0005,0.0005,0.0000]
	タッチ:[0.0000,0.0001,0.0000,0.0000]
	ラインアウト:[0.0000,0.0001,0.0000,0.0000]
	高い:[0.0015,0.0007,0.0005,0.0100]
	走者:[0.0000,0.0005,0.0004,0.0000]
	速やかだ:[0.0000,0.0001,0.0000,0.0000]
	指さす:[0.0000,0.0003,0.0003,0.0000]
	取り除く:[0.0000,0.0001,0.0000,0.0000]
	以上:[0.0010,0.0009,0.0006,0.0017]
	両手:[0.0000,0.0003,0.0019,0.0000]
	違反:[0.0000,0.0001,0.0001,0.0000]
	とき:[0.0006,0.0019,0.0029,0.0005]
	見極める:[0.0000,0.0002,0.0001,0.0000]
True-Positive

Section:7
	Ｆｌａｇ：：１００１
	基本動作等の確認
	（１）制服を整え、マスク等の用具は必ず着用し、所定の位置に着く。
	このとき、マスクの上のバンドは、頭上に盛り上がらないように注意する。
	（２）捕手の位置を考慮しながら、原則として投手に正対して本塁の中心よりインサイドに構え、両足は肩幅より広く開き、打者側の片足をやや前方にして、捕手に近づいて構える。
	（３）両肘を軽く締め、左手を前にして両手を組む。
	（４）投手の投球動作に合わせて腰を落とし、両膝を曲げ、背中を出来るだけ真っ直ぐに保ち、肩の力を抜いて自然に構える。
	（５）構えたときは、上体をわずかに前傾させ、体重を前にかけ、すぐにスタートがきれるようにする。
	そのため、膝にゆとりを持たせることが必要である。
	（球のコースを見るために身体や頭を左右に動かさないことが大切である。）
	（６）両目はストライクゾーンの上限でホームプレートのインサイドに外したところに置く。
	（７）常にホームプレートと打者の両手・両足が見えるようにする。
	塁審は、塁に走者がいるときには、両手を握り、両足の太腿の付け根付近に軽く添え構える。
Score:0.000858402148087
EACH_TAG_SCORE:
	image:0.000259958007223
	table:0.000212746423599
	graph:0.000120242763138
	flow:0.000265454954127
PARA:
Clueword:
	マスク:[0.0000,0.0002,0.0005,0.0000]
	動かす:[0.0001,0.0003,0.0013,0.0000]
	やや:[0.0003,0.0002,0.0002,0.0003]
	原則として:[0.0000,0.0000,0.0001,0.0001]
	用具:[0.0000,0.0000,0.0001,0.0000]
	より:[0.0021,0.0013,0.0003,0.0013]
	かける:[0.0005,0.0008,0.0007,0.0003]
	盛り上がる:[0.0000,0.0001,0.0001,0.0000]
	前方:[0.0000,0.0014,0.0002,0.0000]
	イン:[0.0002,0.0003,0.0003,0.0000]
	確認:[0.0005,0.0008,0.0010,0.0000]
	添える:[0.0000,0.0001,0.0007,0.0000]
	ホーム:[0.0000,0.0001,0.0002,0.0000]
	考慮:[0.0001,0.0001,0.0001,0.0000]
	締める:[0.0000,0.0000,0.0001,0.0000]
	制服:[0.0000,0.0000,0.0001,0.0000]
	保つ:[0.0001,0.0001,0.0001,0.0000]
	見える:[0.0005,0.0007,0.0007,0.0001]
	投手:[0.0000,0.0003,0.0008,0.0000]
	打者:[0.0000,0.0006,0.0011,0.0000]
	基本:[0.0010,0.0004,0.0001,0.0003]
	する:[0.0377,0.0379,0.0453,0.0180]
	いる:[0.0124,0.0129,0.0079,0.0099]
	落とす:[0.0001,0.0002,0.0002,0.0000]
	必要だ:[0.0023,0.0013,0.0019,0.0006]
	背中:[0.0000,0.0001,0.0010,0.0000]
	組む:[0.0001,0.0001,0.0001,0.0000]
	頭上:[0.0000,0.0001,0.0001,0.0000]
	こと:[0.0097,0.0093,0.0086,0.0051]
	この:[0.0023,0.0031,0.0023,0.0014]
	必ず:[0.0002,0.0003,0.0003,0.0002]
	所定:[0.0000,0.0001,0.0002,0.0000]
	プレート:[0.0000,0.0001,0.0002,0.0000]
	身体:[0.0001,0.0002,0.0002,0.0004]
	外す:[0.0000,0.0000,0.0001,0.0000]
	動作:[0.0003,0.0002,0.0003,0.0000]
	ストライク:[0.0000,0.0004,0.0008,0.0000]
	スタート:[0.0001,0.0001,0.0005,0.0000]
	ゆとり:[0.0000,0.0000,0.0001,0.0000]
	見る:[0.0008,0.0020,0.0005,0.0013]
	出来る:[0.0004,0.0004,0.0002,0.0001]
	両手:[0.0000,0.0003,0.0019,0.0000]
	上限:[0.0000,0.0001,0.0001,0.0000]
	構える:[0.0000,0.0004,0.0008,0.0000]
	とき:[0.0006,0.0019,0.0029,0.0005]
	ようだ:[0.0039,0.0045,0.0062,0.0016]
	左手:[0.0004,0.0017,0.0013,0.0000]
	投球:[0.0000,0.0004,0.0005,0.0000]
	コース:[0.0001,0.0001,0.0002,0.0000]
	バンド:[0.0001,0.0001,0.0001,0.0000]
	曲げる:[0.0000,0.0000,0.0001,0.0000]
	中心:[0.0003,0.0018,0.0001,0.0020]
	置く:[0.0002,0.0007,0.0005,0.0003]
	真っ直ぐだ:[0.0000,0.0000,0.0001,0.0000]
	着く:[0.0000,0.0000,0.0001,0.0000]
	広い:[0.0002,0.0004,0.0001,0.0002]
	両足:[0.0000,0.0001,0.0003,0.0000]
	合わせる:[0.0004,0.0009,0.0001,0.0001]
	抜く:[0.0001,0.0001,0.0002,0.0000]
	走者:[0.0000,0.0005,0.0004,0.0000]
	握る:[0.0000,0.0003,0.0007,0.0000]
	対する:[0.0008,0.0005,0.0003,0.0000]
	ゾーン:[0.0000,0.0002,0.0001,0.0000]
	前傾:[0.0000,0.0004,0.0001,0.0000]
	片足:[0.0000,0.0001,0.0001,0.0000]
	持つ:[0.0008,0.0007,0.0014,0.0001]
	付け根:[0.0000,0.0001,0.0001,0.0000]
	開く:[0.0000,0.0007,0.0024,0.0000]
	だけ:[0.0014,0.0013,0.0014,0.0007]
	整える:[0.0000,0.0001,0.0003,0.0000]
	注意:[0.0003,0.0008,0.0007,0.0005]
	きれる:[0.0000,0.0001,0.0001,0.0000]
	塁審:[0.0001,0.0003,0.0008,0.0000]
	その:[0.0018,0.0030,0.0033,0.0011]
	両膝:[0.0000,0.0001,0.0001,0.0000]
	すぐ:[0.0003,0.0004,0.0005,0.0002]
	左右:[0.0003,0.0014,0.0001,0.0000]
	体重:[0.0001,0.0001,0.0001,0.0001]
	本塁:[0.0000,0.0001,0.0001,0.0000]
	わずかだ:[0.0000,0.0001,0.0001,0.0000]
	ところ:[0.0010,0.0004,0.0003,0.0007]
	位置:[0.0005,0.0061,0.0005,0.0001]
	近づく:[0.0001,0.0001,0.0001,0.0000]
	上体:[0.0000,0.0000,0.0001,0.0000]
	せる:[0.0005,0.0017,0.0029,0.0006]
	ながら:[0.0001,0.0005,0.0010,0.0005]
	ため:[0.0030,0.0032,0.0027,0.0024]
	自然だ:[0.0002,0.0004,0.0003,0.0001]
	着用:[0.0001,0.0001,0.0002,0.0000]
	太腿:[0.0000,0.0000,0.0001,0.0000]
	軽い:[0.0008,0.0009,0.0017,0.0000]
	大切だ:[0.0002,0.0003,0.0002,0.0001]
	捕手:[0.0000,0.0002,0.0005,0.0000]
	ない:[0.0105,0.0083,0.0076,0.0061]
	付近:[0.0000,0.0000,0.0001,0.0000]
	サイド:[0.0000,0.0004,0.0006,0.0000]
True-Positive

True-Negative:0
False-Positive:2
True-Positive:23
False-Negative:0
precision = 0.920000
recall = 1.000000
fvalue = 0.958333