Section:4
	Ｆｌａｇ：：００１０
	確かに、株式投資というのは元本の保証がないものです。
	Ａ社の株価が２倍になったり、半分になったりもします。
	ただ、お茶の間の話題になる株式投資の損失談というのは相当に極端なものが多く、一定のルールを守っている限りにおいて、破産するようなことはまずありません。
Score:0.00357495688213
EACH_TAG_SCORE:
	image:0.000965937913204
	table:0.000981131894753
	graph:0.00063910086581
	flow:0.000988786208362
PARA:
Clueword:
	守る:[0.0001,0.0000,0.0000,0.0002]
	元本:[0.0000,0.0000,0.0000,0.0001]
	話題:[0.0000,0.0001,0.0000,0.0002]
	多い:[0.0030,0.0023,0.0006,0.0031]
	なる:[0.0107,0.0090,0.0073,0.0068]
	する:[0.0377,0.0379,0.0453,0.0180]
	いる:[0.0124,0.0129,0.0079,0.0099]
	確かだ:[0.0000,0.0001,0.0000,0.0001]
	こと:[0.0097,0.0093,0.0086,0.0051]
	半分:[0.0001,0.0001,0.0000,0.0001]
	株価:[0.0005,0.0009,0.0004,0.0050]
	もの:[0.0026,0.0031,0.0015,0.0008]
	おく:[0.0014,0.0010,0.0010,0.0012]
	茶の間:[0.0000,0.0000,0.0000,0.0001]
	保証:[0.0001,0.0000,0.0000,0.0001]
	限り:[0.0001,0.0001,0.0000,0.0001]
	ようだ:[0.0039,0.0045,0.0062,0.0016]
	ただ:[0.0004,0.0000,0.0002,0.0003]
	いう:[0.0059,0.0048,0.0034,0.0042]
	相当だ:[0.0000,0.0000,0.0000,0.0001]
	一定:[0.0001,0.0001,0.0000,0.0001]
	ます:[0.0228,0.0269,0.0224,0.0150]
	まず:[0.0007,0.0007,0.0187,0.0001]
	極端だ:[0.0000,0.0001,0.0000,0.0003]
	投資:[0.0003,0.0004,0.0003,0.0012]
	破産:[0.0000,0.0000,0.0000,0.0001]
	ある:[0.0113,0.0103,0.0051,0.0037]
	損失:[0.0007,0.0001,0.0000,0.0041]
	ルール:[0.0001,0.0000,0.0000,0.0002]
	株式:[0.0002,0.0002,0.0000,0.0004]
	ない:[0.0105,0.0083,0.0076,0.0061]
True-Positive

Section:2
	Ｆｌａｇ：：００１０
	「株大損」「株損失」といったキーワードがＧｏｏｇｌｅ検索される回数は、「株大儲け」「株利益」の数倍にも上るようです。
Score:0.00308540820891
EACH_TAG_SCORE:
	image:0.0008133180925
	table:0.000830802428772
	graph:0.000542398205354
	flow:0.000898889482286
PARA:
Clueword:
	する:[0.0377,0.0379,0.0453,0.0180]
	損だ:[0.0001,0.0001,0.0000,0.0002]
	いう:[0.0059,0.0048,0.0034,0.0042]
	損失:[0.0007,0.0001,0.0000,0.0041]
	上る:[0.0000,0.0000,0.0000,0.0001]
	回数:[0.0002,0.0000,0.0001,0.0001]
	大儲け:[0.0000,0.0000,0.0000,0.0001]
	れる:[0.0087,0.0086,0.0069,0.0045]
	利益:[0.0000,0.0002,0.0001,0.0044]
	検索:[0.0000,0.0000,0.0000,0.0001]
	ようだ:[0.0039,0.0045,0.0062,0.0016]
	キーワード:[0.0000,0.0000,0.0000,0.0001]
True-Positive

Section:18
	Ｆｌａｇ：：００００
	上記の事例５では「経営不安がささやかれていたシャープ株の空売りで、１月余りの間に１８００万円を溶かした」とありました。
Score:0.00277506245005
EACH_TAG_SCORE:
	image:0.00086679415446
	table:0.000809164996835
	graph:0.000492265368847
	flow:0.000606837929909
PARA:
Clueword:
	上記:[0.0005,0.0012,0.0000,0.0000]
	溶かす:[0.0000,0.0000,0.0000,0.0000]
	不安だ:[0.0001,0.0001,0.0001,0.0008]
	れる:[0.0087,0.0086,0.0069,0.0045]
	いる:[0.0124,0.0129,0.0079,0.0099]
	ます:[0.0228,0.0269,0.0224,0.0150]
	ある:[0.0113,0.0103,0.0051,0.0037]
	経営:[0.0002,0.0000,0.0000,0.0000]
	シャープだ:[0.0002,0.0005,0.0000,0.0006]
	空売り:[0.0000,0.0000,0.0000,0.0000]
	事例:[0.0005,0.0001,0.0000,0.0000]
False-Positive

Section:6
	Ｆｌａｇ：：１０００
	この時、コンピューターの画面には注文内容の異常を警告する表示が出ていましたが、担当者はこれを無視して注文を執行しました。
	当時の報道によると、「警告はたまに表示されるため、つい無視してしまった」とのことです。
	この注文によってジェイコムの株価は急落し、みずほ証券のみならず、東京証券取引所をも巻き込んだ大問題に発展しました。
	巨額の損失が出たことは言うまでもありません。
Score:0.00254436085901
EACH_TAG_SCORE:
	image:0.000756779003297
	table:0.000696056981146
	graph:0.000459007755012
	flow:0.000632517119551
PARA:
Clueword:
	表示:[0.0002,0.0046,0.0004,0.0002]
	報道:[0.0000,0.0000,0.0000,0.0000]
	東京:[0.0001,0.0007,0.0002,0.0011]
	巨額だ:[0.0000,0.0000,0.0000,0.0000]
	証券:[0.0003,0.0002,0.0000,0.0004]
	急落:[0.0000,0.0000,0.0000,0.0008]
	画面:[0.0004,0.0029,0.0003,0.0000]
	取引:[0.0001,0.0003,0.0003,0.0005]
	巻く:[0.0000,0.0002,0.0000,0.0000]
	ジェイコム:[0.0000,0.0000,0.0000,0.0000]
	まで:[0.0020,0.0014,0.0016,0.0015]
	ます:[0.0228,0.0269,0.0224,0.0150]
	のみ:[0.0003,0.0002,0.0000,0.0000]
	れる:[0.0087,0.0086,0.0069,0.0045]
	しまう:[0.0018,0.0022,0.0024,0.0012]
	ため:[0.0030,0.0032,0.0027,0.0024]
	込む:[0.0006,0.0010,0.0006,0.0004]
	無視:[0.0000,0.0001,0.0000,0.0000]
	発展:[0.0000,0.0001,0.0000,0.0009]
	よる:[0.0024,0.0030,0.0030,0.0025]
	注文:[0.0002,0.0002,0.0001,0.0002]
	ある:[0.0113,0.0103,0.0051,0.0037]
	する:[0.0377,0.0379,0.0453,0.0180]
	言う:[0.0010,0.0013,0.0005,0.0004]
	いる:[0.0124,0.0129,0.0079,0.0099]
	たまだ:[0.0000,0.0001,0.0000,0.0000]
	これ:[0.0015,0.0020,0.0024,0.0011]
	みずほ:[0.0000,0.0000,0.0000,0.0000]
	コンピューター:[0.0001,0.0001,0.0000,0.0000]
	損失:[0.0007,0.0001,0.0000,0.0041]
	この:[0.0023,0.0031,0.0023,0.0014]
	なる:[0.0107,0.0090,0.0073,0.0068]
	異常だ:[0.0004,0.0005,0.0001,0.0000]
	株価:[0.0005,0.0009,0.0004,0.0050]
	担当:[0.0002,0.0001,0.0000,0.0003]
	問題:[0.0005,0.0008,0.0003,0.0003]
	出る:[0.0009,0.0008,0.0003,0.0006]
	執行:[0.0000,0.0000,0.0000,0.0000]
	こと:[0.0097,0.0093,0.0086,0.0051]
	内容:[0.0013,0.0007,0.0006,0.0001]
	当時:[0.0002,0.0000,0.0000,0.0000]
	警告:[0.0000,0.0001,0.0000,0.0000]
	つい:[0.0000,0.0000,0.0000,0.0002]
True-Positive

Section:12
	Ｆｌａｇ：：１１００
	ここで一度、３つの敗因について対策を整理しましょう。
	１．不勉強：知識が無いのに大金をかけてしまうケース→事例１、事例３
	対策１：まずは以下の３記事を読んで勉強する
	対策２：経済ニュースを読み、理解し、先読みする習慣を見につける
Score:0.00241343276958
EACH_TAG_SCORE:
	image:0.000678432313565
	table:0.000651476254225
	graph:0.000344342121529
	flow:0.000739182080261
PARA:
Clueword:
	以下:[0.0010,0.0024,0.0011,0.0002]
	整理:[0.0005,0.0005,0.0000,0.0000]
	勉強:[0.0009,0.0001,0.0000,0.0003]
	習慣:[0.0000,0.0001,0.0000,0.0002]
	ます:[0.0228,0.0269,0.0224,0.0150]
	のだ:[0.0071,0.0068,0.0053,0.0039]
	ニュース:[0.0002,0.0000,0.0000,0.0000]
	対策:[0.0005,0.0005,0.0011,0.0003]
	理解:[0.0003,0.0005,0.0000,0.0001]
	しまう:[0.0018,0.0022,0.0024,0.0012]
	知識:[0.0001,0.0000,0.0000,0.0001]
	つける:[0.0004,0.0008,0.0020,0.0000]
	記事:[0.0002,0.0002,0.0000,0.0002]
	する:[0.0377,0.0379,0.0453,0.0180]
	読む:[0.0003,0.0005,0.0000,0.0000]
	まずは:[0.0001,0.0002,0.0090,0.0002]
	見る:[0.0008,0.0020,0.0005,0.0013]
	かける:[0.0005,0.0008,0.0007,0.0003]
	つく:[0.0013,0.0015,0.0009,0.0004]
	無い:[0.0002,0.0001,0.0001,0.0000]
	大金:[0.0001,0.0000,0.0000,0.0000]
	事例:[0.0005,0.0001,0.0000,0.0000]
	敗因:[0.0000,0.0000,0.0000,0.0000]
	経済:[0.0002,0.0000,0.0011,0.0009]
	ここ:[0.0006,0.0005,0.0004,0.0003]
	ケース:[0.0036,0.0001,0.0000,0.0000]
True-Positive

Section:13
	Ｆｌａｇ：：００００
	日本経済新聞は、発行部数世界一の経済新聞（日本経済新聞社ホームページより）です。
	他紙に比べて産業や経済の情報が非常に多く、掲載企業は１日４００社以上とされています。
	日々目にする「日経平均株価」、「ＮＩＫＫＥＩ２２５」は、日経が算出する株価指数で、投資判断や勉強には欠かせません。
Score:0.00237128988801
EACH_TAG_SCORE:
	image:0.000635306272438
	table:0.000648195209736
	graph:0.000494614571236
	flow:0.000593173834596
PARA:
Clueword:
	欠かせる:[0.0000,0.0000,0.0000,0.0001]
	世界:[0.0007,0.0005,0.0008,0.0008]
	れる:[0.0087,0.0086,0.0069,0.0045]
	より:[0.0021,0.0013,0.0003,0.0013]
	掲載:[0.0000,0.0000,0.0000,0.0000]
	非常だ:[0.0005,0.0005,0.0000,0.0002]
	発行:[0.0003,0.0001,0.0001,0.0000]
	ます:[0.0228,0.0269,0.0224,0.0150]
	企業:[0.0005,0.0001,0.0011,0.0002]
	ホームページ:[0.0000,0.0000,0.0000,0.0000]
	勉強:[0.0009,0.0001,0.0000,0.0003]
	多い:[0.0030,0.0023,0.0006,0.0031]
	投資:[0.0003,0.0004,0.0003,0.0012]
	情報:[0.0007,0.0001,0.0002,0.0000]
	日本:[0.0009,0.0006,0.0009,0.0017]
	する:[0.0377,0.0379,0.0453,0.0180]
	判断:[0.0006,0.0007,0.0001,0.0000]
	いる:[0.0124,0.0129,0.0079,0.0099]
	産業:[0.0000,0.0000,0.0000,0.0000]
	比べる:[0.0012,0.0003,0.0000,0.0016]
	新聞:[0.0001,0.0000,0.0000,0.0000]
	平均:[0.0014,0.0001,0.0000,0.0085]
	株価:[0.0005,0.0009,0.0004,0.0050]
	以上:[0.0010,0.0009,0.0006,0.0017]
	日々:[0.0001,0.0000,0.0000,0.0000]
	経済:[0.0002,0.0000,0.0011,0.0009]
	日経:[0.0003,0.0000,0.0000,0.0000]
False-Positive

Section:10
	Ｆｌａｇ：：１０００
	事例５は少し難しいかもしれません。
	「信用取引」「空売り」という言葉が出てきました。
	これらについては第２章で解説するとして、現時点では、利益や損失を増幅する効果があるものだと理解してください。
	利益や損失を増幅する効果がある取引をしたうえに、損切りもできずに大きな損失を出してしまった事例です。
Score:0.00229783554271
EACH_TAG_SCORE:
	image:0.000673597437635
	table:0.000630649206628
	graph:0.000408672677489
	flow:0.000584916220963
PARA:
Clueword:
	大きな:[0.0005,0.0016,0.0003,0.0005]
	つく:[0.0013,0.0015,0.0009,0.0004]
	いう:[0.0059,0.0048,0.0034,0.0042]
	しれる:[0.0002,0.0003,0.0000,0.0001]
	取引:[0.0001,0.0003,0.0003,0.0005]
	うえ:[0.0000,0.0001,0.0001,0.0000]
	損だ:[0.0001,0.0001,0.0000,0.0002]
	できる:[0.0044,0.0045,0.0022,0.0015]
	ます:[0.0228,0.0269,0.0224,0.0150]
	くる:[0.0012,0.0016,0.0007,0.0011]
	少し:[0.0005,0.0010,0.0006,0.0002]
	解説:[0.0000,0.0005,0.0001,0.0000]
	理解:[0.0003,0.0005,0.0000,0.0001]
	しまう:[0.0018,0.0022,0.0024,0.0012]
	出す:[0.0007,0.0007,0.0006,0.0003]
	これ:[0.0015,0.0020,0.0024,0.0011]
	増幅:[0.0000,0.0001,0.0000,0.0016]
	する:[0.0377,0.0379,0.0453,0.0180]
	かも:[0.0003,0.0004,0.0000,0.0001]
	信用:[0.0000,0.0001,0.0000,0.0002]
	言葉:[0.0003,0.0001,0.0000,0.0000]
	ある:[0.0113,0.0103,0.0051,0.0037]
	時点:[0.0001,0.0001,0.0001,0.0018]
	損失:[0.0007,0.0001,0.0000,0.0041]
	くださる:[0.0005,0.0014,0.0021,0.0009]
	切る:[0.0002,0.0003,0.0001,0.0002]
	空売り:[0.0000,0.0000,0.0000,0.0000]
	出る:[0.0009,0.0008,0.0003,0.0006]
	事例:[0.0005,0.0001,0.0000,0.0000]
	利益:[0.0000,0.0002,0.0001,0.0044]
	もの:[0.0026,0.0031,0.0015,0.0008]
	効果:[0.0015,0.0010,0.0000,0.0005]
	難しい:[0.0003,0.0005,0.0001,0.0002]
True-Positive

Section:1
	Ｆｌａｇ：：１０１０
	信用取引の最大の特徴は、自己資金の約３倍の取引ができることです。
	たとえば、自己資金が２００万円の方は、約６００万円までの取引ができます。
	残りの約４００万円は証券会社から借りることになります。
	また、今現在、手元に株式を保有していなくても、証券会社からその株式を借りることで、「売り」から始めることもできます。
	Ｆｌａｇ：：００００
	株で大損・大失敗した５事例に学ぶ、株で人生を狂わせない３つの秘訣
Score:0.0022204509838
EACH_TAG_SCORE:
	image:0.000625039424484
	table:0.000646329286296
	graph:0.000365192804247
	flow:0.000583889468774
PARA:
Clueword:
	失敗:[0.0001,0.0002,0.0003,0.0000]
	学ぶ:[0.0002,0.0001,0.0000,0.0000]
	借りる:[0.0000,0.0001,0.0000,0.0002]
	証券:[0.0003,0.0002,0.0000,0.0004]
	取引:[0.0001,0.0003,0.0003,0.0005]
	事例:[0.0005,0.0001,0.0000,0.0000]
	特徴:[0.0100,0.0019,0.0000,0.0002]
	まで:[0.0020,0.0014,0.0016,0.0015]
	できる:[0.0044,0.0045,0.0022,0.0015]
	ます:[0.0228,0.0269,0.0224,0.0150]
	また:[0.0013,0.0021,0.0018,0.0011]
	から:[0.0057,0.0058,0.0057,0.0033]
	株式:[0.0002,0.0002,0.0000,0.0004]
	なる:[0.0107,0.0090,0.0073,0.0068]
	その:[0.0018,0.0030,0.0033,0.0011]
	する:[0.0377,0.0379,0.0453,0.0180]
	いる:[0.0124,0.0129,0.0079,0.0099]
	資金:[0.0000,0.0001,0.0001,0.0002]
	信用:[0.0000,0.0001,0.0000,0.0002]
	自己:[0.0002,0.0001,0.0000,0.0002]
	現在:[0.0004,0.0003,0.0014,0.0003]
	こと:[0.0097,0.0093,0.0086,0.0051]
	人生:[0.0000,0.0000,0.0000,0.0000]
	最大だ:[0.0002,0.0001,0.0000,0.0005]
	せる:[0.0005,0.0017,0.0029,0.0006]
	保有:[0.0002,0.0001,0.0000,0.0001]
	始める:[0.0004,0.0003,0.0001,0.0004]
	売る:[0.0001,0.0003,0.0010,0.0007]
	手元:[0.0000,0.0000,0.0000,0.0001]
	残る:[0.0001,0.0002,0.0002,0.0005]
	たとえば:[0.0003,0.0014,0.0001,0.0001]
	会社:[0.0013,0.0008,0.0013,0.0008]
	ない:[0.0105,0.0083,0.0076,0.0061]
	損だ:[0.0001,0.0001,0.0000,0.0002]
True-Positive

Section:14
	Ｆｌａｇ：：０１００
	しかし、いざ購読するとなると、これだけの購読料がかかります。
	種別	月額料金（税込）	年間購読料
	電子版（※）	４２００円	５０４００円
	宅配	４５０９円	５４１０８円
	宅配＋電子版	５５０９円	６６１０８円
	※会員種別は有料会員、登録（無料）会員の２種類。
Score:0.00216154286492
EACH_TAG_SCORE:
	image:0.000575883976896
	table:0.000690851954301
	graph:0.00032216570659
	flow:0.000572641227137
PARA:
Clueword:
	宅配:[0.0001,0.0000,0.0000,0.0000]
	いざ:[0.0000,0.0000,0.0000,0.0000]
	ます:[0.0228,0.0269,0.0224,0.0150]
	年間:[0.0007,0.0003,0.0000,0.0016]
	種別:[0.0005,0.0000,0.0000,0.0000]
	かかる:[0.0011,0.0002,0.0002,0.0002]
	なる:[0.0107,0.0090,0.0073,0.0068]
	登録:[0.0002,0.0001,0.0004,0.0000]
	有料:[0.0001,0.0000,0.0000,0.0002]
	する:[0.0377,0.0379,0.0453,0.0180]
	これ:[0.0015,0.0020,0.0024,0.0011]
	無料:[0.0012,0.0001,0.0000,0.0004]
	種類:[0.0166,0.0024,0.0001,0.0004]
	月額:[0.0007,0.0000,0.0000,0.0000]
	料金:[0.0006,0.0000,0.0000,0.0002]
	購読:[0.0001,0.0000,0.0000,0.0000]
	電子:[0.0001,0.0000,0.0000,0.0000]
	会員:[0.0002,0.0000,0.0000,0.0000]
	だけ:[0.0014,0.0013,0.0014,0.0007]
	しかし:[0.0004,0.0004,0.0007,0.0004]
True-Positive

Section:11
	Ｆｌａｇ：：００００
	事例３－５では、「損切り」ルールの不徹底が大損につながることが多いことをご理解いただけたと思います。
	１．２３つの敗因とその対策
Score:0.00200637391506
EACH_TAG_SCORE:
	image:0.000601891379631
	table:0.000538523716745
	graph:0.000346925153267
	flow:0.000519033665415
PARA:
Clueword:
	いただける:[0.0001,0.0001,0.0000,0.0001]
	損だ:[0.0001,0.0001,0.0000,0.0002]
	多い:[0.0030,0.0023,0.0006,0.0031]
	不徹底だ:[0.0001,0.0000,0.0000,0.0000]
	つながる:[0.0000,0.0001,0.0002,0.0003]
	切る:[0.0002,0.0003,0.0001,0.0002]
	ルール:[0.0001,0.0000,0.0000,0.0002]
	ます:[0.0228,0.0269,0.0224,0.0150]
	思う:[0.0011,0.0020,0.0027,0.0005]
	敗因:[0.0000,0.0000,0.0000,0.0000]
	事例:[0.0005,0.0001,0.0000,0.0000]
	理解:[0.0003,0.0005,0.0000,0.0001]
	こと:[0.0097,0.0093,0.0086,0.0051]
	その:[0.0018,0.0030,0.0033,0.0011]
	対策:[0.0005,0.0005,0.0011,0.0003]
False-Positive

Section:8
	Ｆｌａｇ：：０１００
	１．不勉強：知識がないのに大金をかけてしまうケース→事例１、事例３
	２．不注意：うっかり注文を間違えてしまうケース→事例２
	３．不徹底：損失が拡大しないよう、あらかじめ最大損失額を定めて行うのが株式投資の鉄則ですが、このルールを守れずに損失が拡大してしまうケース→事例３、事例４、事例５
Score:0.00157414317966
EACH_TAG_SCORE:
	image:0.000406674124587
	table:0.000445918304751
	graph:0.000283430405089
	flow:0.000438120345237
PARA:
Clueword:
	不徹底だ:[0.0001,0.0000,0.0000,0.0000]
	する:[0.0377,0.0379,0.0453,0.0180]
	行う:[0.0007,0.0006,0.0022,0.0001]
	拡大:[0.0002,0.0012,0.0001,0.0054]
	定める:[0.0002,0.0000,0.0000,0.0002]
	のだ:[0.0071,0.0068,0.0053,0.0039]
	勉強:[0.0009,0.0001,0.0000,0.0003]
	株式:[0.0002,0.0002,0.0000,0.0004]
	しまう:[0.0018,0.0022,0.0024,0.0012]
	知識:[0.0001,0.0000,0.0000,0.0001]
	鉄則:[0.0001,0.0000,0.0000,0.0001]
	守れる:[0.0001,0.0000,0.0000,0.0000]
	あらかじめ:[0.0001,0.0000,0.0000,0.0000]
	注文:[0.0002,0.0002,0.0001,0.0002]
	不注意だ:[0.0001,0.0000,0.0000,0.0000]
	うっかり:[0.0001,0.0000,0.0000,0.0000]
	損失:[0.0007,0.0001,0.0000,0.0041]
	この:[0.0023,0.0031,0.0023,0.0014]
	最大だ:[0.0002,0.0001,0.0000,0.0005]
	かける:[0.0005,0.0008,0.0007,0.0003]
	よう:[0.0002,0.0001,0.0004,0.0000]
	投資:[0.0003,0.0004,0.0003,0.0012]
	ルール:[0.0001,0.0000,0.0000,0.0002]
	大金:[0.0001,0.0000,0.0000,0.0000]
	事例:[0.0005,0.0001,0.0000,0.0000]
	間違える:[0.0001,0.0001,0.0007,0.0000]
	ケース:[0.0036,0.0001,0.0000,0.0000]
	ない:[0.0105,0.0083,0.0076,0.0061]
True-Positive

Section:15
	Ｆｌａｇ：：００００
	いくら投資判断のためとはいえ、年間５万円以上の出費は痛い、と頭を悩ませている方もいらっしゃると思います。
	電子版の登録会員（無料）になれば、月１０本まで有料記事を無料で読むことも可能ですが、日々動いているマーケットや企業の最新の動きを捉えるにはいささか心もとないように思えます。
	しかし、ここでネット証券を活用すれば、日経を実質無料で読むことができるのです。
	ネット証券は、顧客サービスの一環として情報提供サービスを行っています。
	日経を読むのであれば、おすすめは楽天証券です。
	楽天証券に口座を開設（無料）すると、無料で「日経テレコン（楽天版）」が使うことができます。
	「日経テレコン（楽天版）」では、以下のことができます。
	しかも、楽天証券の口座開設・口座維持費は無料です。
	活用しない手はありませんね。
Score:0.00153748941377
EACH_TAG_SCORE:
	image:0.000437257979469
	table:0.000445470774152
	graph:0.00025922678319
	flow:0.000395533876957
PARA:
Clueword:
	会員:[0.0002,0.0000,0.0000,0.0000]
	楽天:[0.0000,0.0001,0.0000,0.0002]
	できる:[0.0044,0.0045,0.0022,0.0015]
	日経:[0.0003,0.0000,0.0000,0.0000]
	しかも:[0.0000,0.0000,0.0000,0.0000]
	悩む:[0.0001,0.0009,0.0009,0.0000]
	情報:[0.0007,0.0001,0.0002,0.0000]
	有料:[0.0001,0.0000,0.0000,0.0002]
	する:[0.0377,0.0379,0.0453,0.0180]
	いる:[0.0124,0.0129,0.0079,0.0099]
	なる:[0.0107,0.0090,0.0073,0.0068]
	口座:[0.0002,0.0000,0.0000,0.0004]
	思う:[0.0011,0.0020,0.0027,0.0005]
	思える:[0.0002,0.0000,0.0000,0.0000]
	いらっしゃる:[0.0000,0.0001,0.0000,0.0001]
	以下:[0.0010,0.0024,0.0011,0.0002]
	以上:[0.0010,0.0009,0.0006,0.0017]
	日々:[0.0001,0.0000,0.0000,0.0000]
	すすめる:[0.0008,0.0007,0.0003,0.0001]
	ネット:[0.0001,0.0000,0.0000,0.0001]
	ここ:[0.0006,0.0005,0.0004,0.0003]
	動く:[0.0004,0.0008,0.0009,0.0004]
	最新だ:[0.0000,0.0000,0.0000,0.0000]
	ようだ:[0.0039,0.0045,0.0062,0.0016]
	電子:[0.0001,0.0000,0.0000,0.0000]
	登録:[0.0002,0.0001,0.0004,0.0000]
	いう:[0.0059,0.0048,0.0034,0.0042]
	証券:[0.0003,0.0002,0.0000,0.0004]
	企業:[0.0005,0.0001,0.0011,0.0002]
	痛い:[0.0001,0.0002,0.0000,0.0000]
	読む:[0.0003,0.0005,0.0000,0.0000]
	まで:[0.0020,0.0014,0.0016,0.0015]
	ます:[0.0228,0.0269,0.0224,0.0150]
	のだ:[0.0071,0.0068,0.0053,0.0039]
	行く:[0.0006,0.0004,0.0002,0.0002]
	いくら:[0.0000,0.0001,0.0000,0.0000]
	捉える:[0.0001,0.0000,0.0000,0.0000]
	可能だ:[0.0009,0.0006,0.0008,0.0009]
	無料:[0.0012,0.0001,0.0000,0.0004]
	投資:[0.0003,0.0004,0.0003,0.0012]
	記事:[0.0002,0.0002,0.0000,0.0002]
	判断:[0.0006,0.0007,0.0001,0.0000]
	維持:[0.0001,0.0001,0.0001,0.0023]
	年間:[0.0007,0.0003,0.0000,0.0016]
	開設:[0.0000,0.0000,0.0013,0.0000]
	ある:[0.0113,0.0103,0.0051,0.0037]
	せる:[0.0005,0.0017,0.0029,0.0006]
	活用:[0.0003,0.0000,0.0000,0.0002]
	ため:[0.0030,0.0032,0.0027,0.0024]
	提供:[0.0002,0.0000,0.0004,0.0000]
	こと:[0.0097,0.0093,0.0086,0.0051]
	サービス:[0.0016,0.0002,0.0006,0.0000]
	ない:[0.0105,0.0083,0.0076,0.0061]
	使う:[0.0028,0.0024,0.0010,0.0006]
	しかし:[0.0004,0.0004,0.0007,0.0004]
	顧客:[0.0001,0.0000,0.0000,0.0001]
False-Positive

Section:17
	Ｆｌａｇ：：０１００
	２．不注意：うっかり注文を間違えてしまうケース→事例２
	対策：注文入力時はミスが無いか指さし確認を徹底する
	３．不徹底：損失が拡大しないよう、あらかじめ最大損失額を定めて行うのが株式投資の鉄則ですが、このルールを守れずに損失が拡大してしまうケース→事例３、事例４、事例５
	対策：「何％株価が下がったら売却する」という損切りルールを定め、確実に実行する
Score:0.00151157579362
EACH_TAG_SCORE:
	image:0.000342950135223
	table:0.000378845447998
	graph:0.00041148267771
	flow:0.000378297532684
PARA:
Clueword:
	％:[0.0004,0.0000,0.0000,0.0259]
	損だ:[0.0001,0.0001,0.0000,0.0002]
	いう:[0.0059,0.0048,0.0034,0.0042]
	不徹底だ:[0.0001,0.0000,0.0000,0.0000]
	する:[0.0377,0.0379,0.0453,0.0180]
	行う:[0.0007,0.0006,0.0022,0.0001]
	確認:[0.0005,0.0008,0.0010,0.0000]
	拡大:[0.0002,0.0012,0.0001,0.0054]
	定める:[0.0002,0.0000,0.0000,0.0002]
	切る:[0.0002,0.0003,0.0001,0.0002]
	対策:[0.0005,0.0005,0.0011,0.0003]
	株価:[0.0005,0.0009,0.0004,0.0050]
	確実だ:[0.0000,0.0001,0.0001,0.0000]
	株式:[0.0002,0.0002,0.0000,0.0004]
	しまう:[0.0018,0.0022,0.0024,0.0012]
	鉄則:[0.0001,0.0000,0.0000,0.0001]
	守れる:[0.0001,0.0000,0.0000,0.0000]
	あらかじめ:[0.0001,0.0000,0.0000,0.0000]
	注文:[0.0002,0.0002,0.0001,0.0002]
	売却:[0.0010,0.0005,0.0014,0.0000]
	不注意だ:[0.0001,0.0000,0.0000,0.0000]
	うっかり:[0.0001,0.0000,0.0000,0.0000]
	実行:[0.0005,0.0000,0.0001,0.0001]
	損失:[0.0007,0.0001,0.0000,0.0041]
	この:[0.0023,0.0031,0.0023,0.0014]
	最大だ:[0.0002,0.0001,0.0000,0.0005]
	指さす:[0.0000,0.0003,0.0003,0.0000]
	下がる:[0.0002,0.0004,0.0000,0.0016]
	よう:[0.0002,0.0001,0.0004,0.0000]
	投資:[0.0003,0.0004,0.0003,0.0012]
	ルール:[0.0001,0.0000,0.0000,0.0002]
	無い:[0.0002,0.0001,0.0001,0.0000]
	ミス:[0.0000,0.0000,0.0000,0.0000]
	事例:[0.0005,0.0001,0.0000,0.0000]
	間違える:[0.0001,0.0001,0.0007,0.0000]
	入力:[0.0003,0.0004,0.0009,0.0000]
	ケース:[0.0036,0.0001,0.0000,0.0000]
	ない:[0.0105,0.0083,0.0076,0.0061]
	徹底:[0.0001,0.0000,0.0000,0.0000]
True-Positive

Section:19
	Ｆｌａｇ：：００１０
	この投資家の方は、シャープの株価が下がると予想していたため、証券会社からシャープの株を借りてきて、その株を売りました。
	シャープの株価が下がったら、その時点でシャープの株を買い戻して、証券会社にシャープの株を返済するつもりでした。
	ところが、この投資家の意に反してシャープの株価は上昇してしまいました。
	この投資家の方は高い株価でシャープの株を買い戻して証券会社にシャープ株を返済する羽目になったのです。
	信用取引の場合は自己資金の約３倍の売買が可能になるため、利益も損失も大きくなりがちなのです。
	初心者の方は信用取引には決して手を出さず、最低３年程度は現物取引（通常の株式投資）で経験を積んでください。
	３まとめ
	株で大損しないために最低限すべきことをお分かりいただけたでしょうか。
	自分を守る最低限の知識は身に着ける、注文するときは細心の注意を払う、そして損切りルールを定めて冷徹にそれを実行する。
	とても地味ですが、この３つが株で大損しないための鉄則です。
	まずは、大損しないことを強く意識して投資経験を積み、勝率を上げていきましょう。
Score:0.00134798090357
EACH_TAG_SCORE:
	image:0.000329238489886
	table:0.000385212423273
	graph:0.000296790077404
	flow:0.000336739913009
PARA:
Clueword:
	いただける:[0.0001,0.0001,0.0000,0.0001]
	だろう:[0.0010,0.0005,0.0000,0.0003]
	地味だ:[0.0001,0.0001,0.0000,0.0001]
	現物:[0.0000,0.0000,0.0000,0.0001]
	取引:[0.0001,0.0003,0.0003,0.0005]
	それ:[0.0013,0.0009,0.0018,0.0009]
	積む:[0.0000,0.0000,0.0000,0.0004]
	損する:[0.0000,0.0000,0.0000,0.0002]
	しまう:[0.0018,0.0022,0.0024,0.0012]
	出す:[0.0007,0.0007,0.0006,0.0003]
	なる:[0.0107,0.0090,0.0073,0.0068]
	とても:[0.0002,0.0002,0.0000,0.0001]
	自分:[0.0013,0.0009,0.0012,0.0008]
	ルール:[0.0001,0.0000,0.0000,0.0002]
	注文:[0.0002,0.0002,0.0001,0.0002]
	知識:[0.0001,0.0000,0.0000,0.0001]
	する:[0.0377,0.0379,0.0453,0.0180]
	分かる:[0.0002,0.0002,0.0001,0.0002]
	守る:[0.0001,0.0000,0.0000,0.0002]
	いる:[0.0124,0.0129,0.0079,0.0099]
	資金:[0.0000,0.0001,0.0001,0.0002]
	信用:[0.0000,0.0001,0.0000,0.0002]
	最低:[0.0001,0.0000,0.0001,0.0001]
	下がる:[0.0002,0.0004,0.0000,0.0016]
	こと:[0.0097,0.0093,0.0086,0.0051]
	証券:[0.0003,0.0002,0.0000,0.0004]
	まずは:[0.0001,0.0002,0.0090,0.0002]
	くださる:[0.0005,0.0014,0.0021,0.0009]
	株価:[0.0005,0.0009,0.0004,0.0050]
	つもりだ:[0.0000,0.0000,0.0000,0.0001]
	株式:[0.0002,0.0002,0.0000,0.0004]
	予想:[0.0000,0.0004,0.0013,0.0011]
	まとめる:[0.0001,0.0002,0.0001,0.0002]
	決する:[0.0000,0.0001,0.0001,0.0001]
	シャープだ:[0.0002,0.0005,0.0000,0.0006]
	返済:[0.0000,0.0000,0.0000,0.0002]
	着ける:[0.0000,0.0001,0.0002,0.0001]
	反す:[0.0000,0.0000,0.0000,0.0001]
	べし:[0.0001,0.0003,0.0000,0.0001]
	いく:[0.0011,0.0015,0.0022,0.0005]
	損だ:[0.0001,0.0001,0.0000,0.0002]
	鉄則:[0.0001,0.0000,0.0000,0.0001]
	借りる:[0.0000,0.0001,0.0000,0.0002]
	意識:[0.0003,0.0001,0.0005,0.0001]
	買い戻す:[0.0000,0.0000,0.0000,0.0002]
	場合:[0.0353,0.0044,0.0023,0.0045]
	上昇:[0.0004,0.0001,0.0013,0.0114]
	ます:[0.0228,0.0269,0.0224,0.0150]
	羽目:[0.0000,0.0000,0.0000,0.0001]
	くる:[0.0012,0.0016,0.0007,0.0011]
	定める:[0.0002,0.0000,0.0000,0.0002]
	実行:[0.0005,0.0000,0.0001,0.0001]
	のだ:[0.0071,0.0068,0.0053,0.0039]
	から:[0.0057,0.0058,0.0057,0.0033]
	がちだ:[0.0003,0.0002,0.0000,0.0001]
	会社:[0.0013,0.0008,0.0013,0.0008]
	大きい:[0.0011,0.0018,0.0014,0.0029]
	可能だ:[0.0009,0.0006,0.0008,0.0009]
	注意:[0.0003,0.0008,0.0007,0.0005]
	投資:[0.0003,0.0004,0.0003,0.0012]
	その:[0.0018,0.0030,0.0033,0.0011]
	程度:[0.0014,0.0010,0.0007,0.0018]
	上げる:[0.0002,0.0003,0.0005,0.0004]
	とき:[0.0006,0.0019,0.0029,0.0005]
	自己:[0.0002,0.0001,0.0000,0.0002]
	高い:[0.0015,0.0007,0.0005,0.0100]
	勝率:[0.0000,0.0000,0.0000,0.0009]
	強い:[0.0006,0.0004,0.0000,0.0001]
	損失:[0.0007,0.0001,0.0000,0.0041]
	初心:[0.0003,0.0002,0.0002,0.0001]
	細心だ:[0.0000,0.0000,0.0000,0.0001]
	切る:[0.0002,0.0003,0.0001,0.0002]
	ため:[0.0030,0.0032,0.0027,0.0024]
	売る:[0.0001,0.0003,0.0010,0.0007]
	売買:[0.0006,0.0010,0.0018,0.0004]
	そして:[0.0004,0.0004,0.0025,0.0001]
	ところが:[0.0000,0.0000,0.0000,0.0002]
	最低だ:[0.0001,0.0000,0.0000,0.0002]
	利益:[0.0000,0.0002,0.0001,0.0044]
	通常:[0.0003,0.0003,0.0003,0.0006]
	経験:[0.0003,0.0001,0.0007,0.0002]
	冷徹だ:[0.0000,0.0000,0.0000,0.0001]
	ない:[0.0105,0.0083,0.0076,0.0061]
	払う:[0.0002,0.0000,0.0000,0.0002]
	時点:[0.0001,0.0001,0.0001,0.0018]
	この:[0.0023,0.0031,0.0023,0.0014]
True-Positive

Section:7
	Ｆｌａｇ：：００００
	大損事例３－何となく投資してしまい、損切りも出来ず
	「トヨタだったら大丈夫だろう」と考えて株を買ったら、リーマンショックで資金を半分にしてしまった。
	結局、銘柄の選択基準が“だろう”だけで根拠がなく、何も考えてなかった。
	今はシナリオを描いて投資している。
	（２０１４／１２／１７日経電子版）
	大損事例４－株には詳しいベテランだか、損切りができず
	「私はどんなに含み損が出ていても損切りが嫌いで、これまで倒産してしまった株も数知れず．．．．．．」（株主優待名人の桐谷さん）
	（２０１５／１／２９ザイ・オンライン）
	大損事例５－信用取引で当てが外れ、損切りもできず
	経営不安がささやかれていたシャープ株の空売りで、１月余りの間に１８００万円を溶かした。
	（２０１４／１２／１７日経電子版）
	株式投資は元本が保証されないため、利益が出ることも損失が出ることも当然あります。
	しかし、その損失が巨額になる場合、次の３つの要素のいずれかが大きく関与しているものです。
	特に３番目は最も重要です。
Score:0.00133351018429
EACH_TAG_SCORE:
	image:0.000354810238461
	table:0.000430060796842
	graph:0.000240377547649
	flow:0.000308261601338
PARA:
Clueword:
	最も:[0.0030,0.0006,0.0001,0.0034]
	銘柄:[0.0001,0.0001,0.0000,0.0000]
	重要だ:[0.0007,0.0004,0.0000,0.0004]
	嫌いだ:[0.0000,0.0000,0.0000,0.0000]
	どんなに:[0.0000,0.0000,0.0000,0.0001]
	できる:[0.0044,0.0045,0.0022,0.0015]
	買う:[0.0002,0.0001,0.0006,0.0004]
	元本:[0.0000,0.0000,0.0000,0.0001]
	れる:[0.0087,0.0086,0.0069,0.0045]
	さん:[0.0004,0.0007,0.0003,0.0007]
	しまう:[0.0018,0.0022,0.0024,0.0012]
	要素:[0.0003,0.0004,0.0000,0.0000]
	何も:[0.0002,0.0001,0.0000,0.0000]
	する:[0.0377,0.0379,0.0453,0.0180]
	いる:[0.0124,0.0129,0.0079,0.0099]
	資金:[0.0000,0.0001,0.0001,0.0002]
	場合:[0.0353,0.0044,0.0023,0.0045]
	これ:[0.0015,0.0020,0.0024,0.0011]
	次の:[0.0006,0.0001,0.0015,0.0000]
	経営:[0.0002,0.0000,0.0000,0.0000]
	こと:[0.0097,0.0093,0.0086,0.0051]
	当てる:[0.0000,0.0001,0.0001,0.0000]
	半分:[0.0001,0.0001,0.0000,0.0001]
	オンライン:[0.0000,0.0000,0.0000,0.0000]
	当然だ:[0.0000,0.0000,0.0000,0.0000]
	電子:[0.0001,0.0000,0.0000,0.0000]
	株式:[0.0002,0.0002,0.0000,0.0004]
	事例:[0.0005,0.0001,0.0000,0.0000]
	出来る:[0.0004,0.0004,0.0002,0.0001]
	もの:[0.0026,0.0031,0.0015,0.0008]
	大丈夫だ:[0.0000,0.0001,0.0000,0.0000]
	シャープだ:[0.0002,0.0005,0.0000,0.0006]
	だけ:[0.0014,0.0013,0.0014,0.0007]
	巨額だ:[0.0000,0.0000,0.0000,0.0000]
	取引:[0.0001,0.0003,0.0003,0.0005]
	ます:[0.0228,0.0269,0.0224,0.0150]
	損だ:[0.0001,0.0001,0.0000,0.0002]
	特に:[0.0004,0.0003,0.0002,0.0003]
	信用:[0.0000,0.0001,0.0000,0.0002]
	まで:[0.0020,0.0014,0.0016,0.0015]
	溶かす:[0.0000,0.0000,0.0000,0.0000]
	不安だ:[0.0001,0.0001,0.0001,0.0008]
	トヨタ:[0.0000,0.0000,0.0000,0.0005]
	詳しい:[0.0002,0.0001,0.0000,0.0000]
	大きい:[0.0011,0.0018,0.0014,0.0029]
	結局:[0.0000,0.0000,0.0000,0.0001]
	関与:[0.0000,0.0000,0.0000,0.0001]
	投資:[0.0003,0.0004,0.0003,0.0012]
	その:[0.0018,0.0030,0.0033,0.0011]
	考える:[0.0013,0.0012,0.0004,0.0007]
	日経:[0.0003,0.0000,0.0000,0.0000]
	いずれ:[0.0000,0.0001,0.0001,0.0001]
	ある:[0.0113,0.0103,0.0051,0.0037]
	損失:[0.0007,0.0001,0.0000,0.0041]
	なる:[0.0107,0.0090,0.0073,0.0068]
	切る:[0.0002,0.0003,0.0001,0.0002]
	空売り:[0.0000,0.0000,0.0000,0.0000]
	ため:[0.0030,0.0032,0.0027,0.0024]
	描く:[0.0000,0.0001,0.0000,0.0000]
	出る:[0.0009,0.0008,0.0003,0.0006]
	利益:[0.0000,0.0002,0.0001,0.0044]
	選択:[0.0004,0.0003,0.0007,0.0000]
	保証:[0.0001,0.0000,0.0000,0.0001]
	ない:[0.0105,0.0083,0.0076,0.0061]
	基準:[0.0017,0.0001,0.0002,0.0002]
	しかし:[0.0004,0.0004,0.0007,0.0004]
False-Positive

Section:3
	Ｆｌａｇ：：００００
	他人の不幸は蜜の味なのでしょうか（笑）？あるいは、株に興味はあるけれど、芸能人が株で大損したなんて話を聞いて不安になる方が多いのでしょうか？
Score:0.00126248090021
EACH_TAG_SCORE:
	image:0.000358726715633
	table:0.000420650915334
	graph:0.000238795949851
	flow:0.000244307319394
PARA:
Clueword:
	あるいは:[0.0010,0.0001,0.0001,0.0000]
	多い:[0.0030,0.0023,0.0006,0.0031]
	芸能:[0.0001,0.0000,0.0000,0.0000]
	なんて:[0.0003,0.0002,0.0000,0.0003]
	のだ:[0.0071,0.0068,0.0053,0.0039]
	不安だ:[0.0001,0.0001,0.0001,0.0008]
	損する:[0.0000,0.0000,0.0000,0.0002]
	なる:[0.0107,0.0090,0.0073,0.0068]
	他人:[0.0000,0.0000,0.0001,0.0000]
	ある:[0.0113,0.0103,0.0051,0.0037]
	（笑）:[0.0000,0.0000,0.0000,0.0000]
	聞く:[0.0003,0.0001,0.0012,0.0006]
	興味:[0.0002,0.0000,0.0000,0.0000]
False-Positive

Section:9
	Ｆｌａｇ：：００００
	５つの事例を順に見ていきましょう。
	事例１のココリコ遠藤さんのケースは、一般的な上場株式の売買で損が出たわけではありません。
	「上場していない、一般には手に入らない株を買わないか？」「レアな株だからちょっと持っているだけで倍になるよ」と騙されてしまったものです。
	少し調べて勉強すれば「そんな美味しい話があるはずがない」ことは分かるはずですが、勉強不足が故に冷静さを欠いてしまったと言わざるを得ません。
	事例２は「ジェイコム事件」とも言われ、世間を騒がせました。
	プロである証券マンが注文時に価格と数量を反対に入力してしまい、大損害が出た事例です。
	不注意以外の何物でもありません。
	先にやや極端な事例を紹介しましたが、事例３－４は多くの個人投資家が直面しているケースです。
	事例３は、「トヨタなら大丈夫」と何となく株を買ったら、リーマンショックで株価が暴落し、大損したというものです。
	ご本人が「何も考えていなかった」とおっしゃっている通り、不勉強そのものです。
	加えて、この方は「何％株価が下がったら売却する」という損切りルールを定め、実行しなかったものと思われます。
	事例４は株主優待名人として有名な桐谷さんのインタビューです。
	桐谷さんほど株に詳しく取引経験も豊富なベテランですが、損切りができずに損失を出すことがあるそうです。
	桐谷さんは多くの銘柄に分散投資しているため、１銘柄で大損してもそれで破産するということはないようですが、ベテランでも損切りは難しいことを物語っています。
Score:0.00109250542596
EACH_TAG_SCORE:
	image:0.000296072985773
	table:0.000304626907308
	graph:0.000233259277078
	flow:0.000258546255797
PARA:
Clueword:
	不足:[0.0000,0.0000,0.0001,0.0001]
	やや:[0.0003,0.0002,0.0002,0.0003]
	銘柄:[0.0001,0.0001,0.0000,0.0000]
	事件:[0.0001,0.0000,0.0001,0.0001]
	できる:[0.0044,0.0045,0.0022,0.0015]
	買う:[0.0002,0.0001,0.0006,0.0004]
	はずだ:[0.0003,0.0003,0.0000,0.0001]
	れる:[0.0087,0.0086,0.0069,0.0045]
	一般:[0.0009,0.0006,0.0006,0.0000]
	損する:[0.0000,0.0000,0.0000,0.0002]
	極端だ:[0.0000,0.0001,0.0000,0.0003]
	なら:[0.0020,0.0011,0.0003,0.0013]
	なる:[0.0107,0.0090,0.0073,0.0068]
	本人:[0.0001,0.0001,0.0001,0.0000]
	不注意だ:[0.0001,0.0000,0.0000,0.0000]
	分かる:[0.0002,0.0002,0.0001,0.0002]
	言う:[0.0010,0.0013,0.0005,0.0004]
	思う:[0.0011,0.0020,0.0027,0.0005]
	損害:[0.0002,0.0001,0.0000,0.0000]
	わけだ:[0.0004,0.0003,0.0000,0.0001]
	それ:[0.0013,0.0009,0.0018,0.0009]
	株価:[0.0005,0.0009,0.0004,0.0050]
	破産:[0.0000,0.0000,0.0000,0.0001]
	大丈夫だ:[0.0000,0.0001,0.0000,0.0000]
	見る:[0.0008,0.0020,0.0005,0.0013]
	以外:[0.0017,0.0016,0.0001,0.0001]
	多く:[0.0005,0.0006,0.0001,0.0054]
	％:[0.0004,0.0000,0.0000,0.0259]
	そのもの:[0.0002,0.0000,0.0000,0.0001]
	価格:[0.0005,0.0003,0.0005,0.0006]
	紹介:[0.0003,0.0004,0.0000,0.0000]
	取引:[0.0001,0.0003,0.0003,0.0005]
	定める:[0.0002,0.0000,0.0000,0.0002]
	少し:[0.0005,0.0010,0.0006,0.0002]
	トヨタ:[0.0000,0.0000,0.0000,0.0005]
	詳しい:[0.0002,0.0001,0.0000,0.0000]
	加えて:[0.0000,0.0000,0.0000,0.0000]
	だけ:[0.0014,0.0013,0.0014,0.0007]
	投資:[0.0003,0.0004,0.0003,0.0012]
	直面:[0.0000,0.0000,0.0000,0.0001]
	考える:[0.0013,0.0012,0.0004,0.0007]
	ある:[0.0113,0.0103,0.0051,0.0037]
	はず:[0.0001,0.0001,0.0001,0.0001]
	ようだ:[0.0039,0.0045,0.0062,0.0016]
	個人:[0.0004,0.0001,0.0004,0.0002]
	ため:[0.0030,0.0032,0.0027,0.0024]
	ルール:[0.0001,0.0000,0.0000,0.0002]
	売買:[0.0006,0.0010,0.0018,0.0004]
	順だ:[0.0002,0.0001,0.0003,0.0000]
	株式:[0.0002,0.0002,0.0000,0.0004]
	経験:[0.0003,0.0001,0.0007,0.0002]
	ない:[0.0105,0.0083,0.0076,0.0061]
	難しい:[0.0003,0.0005,0.0001,0.0002]
	美味しい:[0.0000,0.0001,0.0000,0.0000]
	さん:[0.0004,0.0007,0.0003,0.0007]
	売却:[0.0010,0.0005,0.0014,0.0000]
	暴落:[0.0000,0.0000,0.0000,0.0008]
	勉強:[0.0009,0.0001,0.0000,0.0003]
	しまう:[0.0018,0.0022,0.0024,0.0012]
	出す:[0.0007,0.0007,0.0006,0.0003]
	注文:[0.0002,0.0002,0.0001,0.0002]
	何も:[0.0002,0.0001,0.0000,0.0000]
	する:[0.0377,0.0379,0.0453,0.0180]
	いる:[0.0124,0.0129,0.0079,0.0099]
	通り:[0.0003,0.0002,0.0004,0.0002]
	得る:[0.0003,0.0002,0.0002,0.0002]
	下がる:[0.0002,0.0004,0.0000,0.0016]
	世間:[0.0000,0.0000,0.0000,0.0000]
	この:[0.0023,0.0031,0.0023,0.0014]
	有名だ:[0.0004,0.0001,0.0000,0.0000]
	入る:[0.0005,0.0010,0.0008,0.0003]
	事例:[0.0005,0.0001,0.0000,0.0000]
	もの:[0.0026,0.0031,0.0015,0.0008]
	入力:[0.0003,0.0004,0.0009,0.0000]
	いく:[0.0011,0.0015,0.0022,0.0005]
	調べる:[0.0001,0.0001,0.0000,0.0002]
	損だ:[0.0001,0.0001,0.0000,0.0002]
	いう:[0.0059,0.0048,0.0034,0.0042]
	証券:[0.0003,0.0002,0.0000,0.0004]
	そうだ:[0.0003,0.0008,0.0005,0.0007]
	的だ:[0.0049,0.0028,0.0019,0.0013]
	数量:[0.0000,0.0001,0.0000,0.0000]
	ます:[0.0228,0.0269,0.0224,0.0150]
	持つ:[0.0008,0.0007,0.0014,0.0001]
	から:[0.0057,0.0058,0.0057,0.0033]
	ジェイコム:[0.0000,0.0000,0.0000,0.0000]
	損失:[0.0007,0.0001,0.0000,0.0041]
	でも:[0.0029,0.0018,0.0004,0.0017]
	ちょっと:[0.0002,0.0001,0.0000,0.0003]
	実行:[0.0005,0.0000,0.0001,0.0001]
	冷静だ:[0.0000,0.0001,0.0000,0.0000]
	せる:[0.0005,0.0017,0.0029,0.0006]
	ほど:[0.0009,0.0005,0.0000,0.0003]
	切る:[0.0002,0.0003,0.0001,0.0002]
	そんな:[0.0002,0.0001,0.0000,0.0005]
	出る:[0.0009,0.0008,0.0003,0.0006]
	マン:[0.0000,0.0000,0.0000,0.0000]
	一般に:[0.0001,0.0004,0.0000,0.0000]
	反対だ:[0.0001,0.0002,0.0001,0.0000]
	こと:[0.0097,0.0093,0.0086,0.0051]
	ケース:[0.0036,0.0001,0.0000,0.0000]
	豊富だ:[0.0000,0.0000,0.0000,0.0001]
False-Positive

Section:5
	Ｆｌａｇ：：００００
	ここでは、実際にネット上で確認された大損事例を見ながら、大損・大失敗事例の共通項は何か、そして大損・大失敗を回避して賢くお金を増やすにはどうすれば良いかをお話します。
	まずは、５つの大損事例を見てください。
	社会問題レベルの大きな話から、一個人の感想レベルのものまで幅広いですが、いずれもネットメディアで報じられた事例です。
	大損事例１－未公開株詐欺
	お笑いコンビ・ココリコの遠藤章造（４４）が、１９日に読売テレビで放送された「黄金列伝！」に相方の田中直樹（４４）とコンビで出演。
	タレント・千秋との離婚の裏に、未公開株詐欺にひっかかり、数千万円の大金を失ったことが影響していたことを明かした。
	～中略～「未公開のアレ（株）なんで、２週間置いてるだけで、倍になります」と言われ、手を出したことを告白。
	（２０１５／７／１９デイリースポーツオンライン）
	大損事例２－誤発注
	２００５年１２月８日午前９時２７分、東証マザーズ市場に新規上場した総合人材サービス会社ジェイコムの株式（発行済み株式数１４５００株）に関して、みずほ証券の担当者が「６１万円１株売り」と注文すべきところを「１円６１万株売り」と誤ってコンピューターに入力。
Score:0.000960922926101
EACH_TAG_SCORE:
	image:0.000269125882377
	table:0.000262336432841
	graph:0.000160913283419
	flow:0.000268547327465
PARA:
Clueword:
	まずは:[0.0001,0.0002,0.0090,0.0002]
	失う:[0.0000,0.0001,0.0000,0.0000]
	れる:[0.0087,0.0086,0.0069,0.0045]
	です:[0.0011,0.0009,0.0005,0.0006]
	言う:[0.0010,0.0013,0.0005,0.0004]
	話す:[0.0001,0.0002,0.0005,0.0007]
	みずほ:[0.0000,0.0000,0.0000,0.0000]
	問題:[0.0005,0.0008,0.0003,0.0003]
	担当:[0.0002,0.0001,0.0000,0.0003]
	ネット:[0.0001,0.0000,0.0000,0.0001]
	見る:[0.0008,0.0020,0.0005,0.0013]
	どう:[0.0005,0.0006,0.0004,0.0003]
	レベル:[0.0005,0.0000,0.0002,0.0001]
	大きな:[0.0005,0.0016,0.0003,0.0005]
	置く:[0.0002,0.0007,0.0005,0.0003]
	誤る:[0.0001,0.0001,0.0000,0.0000]
	んだ:[0.0003,0.0006,0.0002,0.0003]
	発行:[0.0003,0.0001,0.0001,0.0000]
	ここ:[0.0006,0.0005,0.0004,0.0003]
	週間:[0.0002,0.0000,0.0000,0.0002]
	良い:[0.0013,0.0011,0.0010,0.0006]
	いずれ:[0.0000,0.0001,0.0001,0.0001]
	サービス:[0.0016,0.0002,0.0006,0.0000]
	個人:[0.0004,0.0001,0.0004,0.0002]
	売る:[0.0001,0.0003,0.0010,0.0007]
	テレビ:[0.0002,0.0003,0.0000,0.0000]
	影響:[0.0004,0.0006,0.0005,0.0007]
	なる:[0.0107,0.0090,0.0073,0.0068]
	株式:[0.0002,0.0002,0.0000,0.0004]
	関する:[0.0002,0.0000,0.0001,0.0002]
	人材:[0.0000,0.0000,0.0000,0.0003]
	失敗:[0.0001,0.0002,0.0003,0.0000]
	共通:[0.0010,0.0002,0.0000,0.0000]
	実際:[0.0001,0.0003,0.0004,0.0007]
	確認:[0.0005,0.0008,0.0010,0.0000]
	社会:[0.0001,0.0004,0.0000,0.0007]
	出す:[0.0007,0.0007,0.0006,0.0003]
	注文:[0.0002,0.0002,0.0001,0.0002]
	する:[0.0377,0.0379,0.0453,0.0180]
	いる:[0.0124,0.0129,0.0079,0.0099]
	こと:[0.0097,0.0093,0.0086,0.0051]
	証券:[0.0003,0.0002,0.0000,0.0004]
	くださる:[0.0005,0.0014,0.0021,0.0009]
	コンピューター:[0.0001,0.0001,0.0000,0.0000]
	オンライン:[0.0000,0.0000,0.0000,0.0000]
	べし:[0.0001,0.0003,0.0000,0.0001]
	幅広い:[0.0001,0.0004,0.0000,0.0000]
	大金:[0.0001,0.0000,0.0000,0.0000]
	回避:[0.0000,0.0001,0.0000,0.0000]
	事例:[0.0005,0.0001,0.0000,0.0000]
	もの:[0.0026,0.0031,0.0015,0.0008]
	だけ:[0.0014,0.0013,0.0014,0.0007]
	入力:[0.0003,0.0004,0.0009,0.0000]
	損だ:[0.0001,0.0001,0.0000,0.0002]
	ところ:[0.0010,0.0004,0.0003,0.0007]
	午前:[0.0001,0.0000,0.0000,0.0000]
	増やす:[0.0005,0.0001,0.0004,0.0020]
	済む:[0.0001,0.0000,0.0001,0.0000]
	まで:[0.0020,0.0014,0.0016,0.0015]
	ます:[0.0228,0.0269,0.0224,0.0150]
	総合:[0.0000,0.0000,0.0007,0.0000]
	から:[0.0057,0.0058,0.0057,0.0033]
	ジェイコム:[0.0000,0.0000,0.0000,0.0000]
	市場:[0.0001,0.0001,0.0006,0.0000]
	笑う:[0.0000,0.0001,0.0000,0.0000]
	千秋:[0.0000,0.0000,0.0000,0.0000]
	詐欺:[0.0000,0.0001,0.0000,0.0000]
	られる:[0.0026,0.0025,0.0012,0.0015]
	ながら:[0.0001,0.0005,0.0010,0.0005]
	そして:[0.0004,0.0004,0.0025,0.0001]
	会社:[0.0013,0.0008,0.0013,0.0008]
	新規だ:[0.0000,0.0001,0.0000,0.0001]
False-Positive

Section:16
	Ｆｌａｇ：：０１００
	日経速報ニュースの閲覧
	日経（朝刊・夕刊）、日経産業新聞、日経ＭＪ、日経地方経済面、日経プラスワンの閲覧（３日分）
	過去１年分の新聞記事検索（日経各紙および速報ニュース）
	詳細に興味がある方は、「日経新聞が無料で読み放題？ネット証券のお得な活用法」をご覧ください。
Score:0.000341087148927
EACH_TAG_SCORE:
	image:9.23572292316e-05
	table:0.000115026777915
	graph:5.77361140612e-05
	flow:7.59670277196e-05
PARA:
Clueword:
	放題:[0.0000,0.0000,0.0000,0.0000]
	証券:[0.0003,0.0002,0.0000,0.0004]
	各紙:[0.0000,0.0000,0.0000,0.0000]
	朝刊:[0.0000,0.0000,0.0000,0.0000]
	日経:[0.0003,0.0000,0.0000,0.0000]
	活用:[0.0003,0.0000,0.0000,0.0002]
	地方:[0.0001,0.0000,0.0000,0.0001]
	ニュース:[0.0002,0.0000,0.0000,0.0000]
	速報:[0.0001,0.0000,0.0000,0.0000]
	閲覧:[0.0001,0.0000,0.0000,0.0000]
	無料:[0.0012,0.0001,0.0000,0.0004]
	プラスワン:[0.0000,0.0000,0.0000,0.0000]
	記事:[0.0002,0.0002,0.0000,0.0002]
	読む:[0.0003,0.0005,0.0000,0.0000]
	産業:[0.0000,0.0000,0.0000,0.0000]
	新聞:[0.0001,0.0000,0.0000,0.0000]
	過去:[0.0002,0.0001,0.0017,0.0009]
	詳細だ:[0.0004,0.0001,0.0007,0.0000]
	くださる:[0.0005,0.0014,0.0021,0.0009]
	ある:[0.0113,0.0103,0.0051,0.0037]
	ご覧:[0.0000,0.0001,0.0001,0.0000]
	ネット:[0.0001,0.0000,0.0000,0.0001]
	興味:[0.0002,0.0000,0.0000,0.0000]
	得だ:[0.0001,0.0000,0.0000,0.0004]
	経済:[0.0002,0.0000,0.0011,0.0009]
	および:[0.0000,0.0000,0.0000,0.0000]
	検索:[0.0000,0.0000,0.0000,0.0001]
	夕刊:[0.0000,0.0000,0.0000,0.0000]
False-Negative

True-Negative:0
False-Positive:8
True-Positive:10
False-Negative:1
precision = 0.555556
recall = 0.909091
fvalue = 0.689655