Section:4
	Ｆｌａｇ：：１０００
	下の図を見てほしい。
	例えば１００万円で買った株式が期間終了時に３０万円に値下がりしていると、その株式の取得価格は３０万円となる。
	その後、５０万円で売却した場合、本来なら５０万円の損なのに、新取得価格との差額の２０万円が利益と見なされ課税されてしまうのだ。
Score:0.00280116535657
EACH_TAG_SCORE:
	image:0.000694063183814
	table:0.000886173459756
	graph:0.000509411933803
	flow:0.0007115167792
PARA:
Clueword:
	損だ:[0.0001,0.0001,0.0000,0.0002]
	期間:[0.0003,0.0002,0.0005,0.0040]
	終了:[0.0000,0.0002,0.0000,0.0000]
	れる:[0.0087,0.0086,0.0069,0.0045]
	場合:[0.0353,0.0044,0.0023,0.0045]
	取得:[0.0001,0.0002,0.0000,0.0000]
	課税:[0.0001,0.0000,0.0000,0.0004]
	価格:[0.0005,0.0003,0.0005,0.0006]
	差額:[0.0000,0.0000,0.0000,0.0018]
	売却:[0.0010,0.0005,0.0014,0.0000]
	買う:[0.0002,0.0001,0.0006,0.0004]
	１００万:[0.0001,0.0000,0.0000,0.0000]
	利益:[0.0000,0.0002,0.0001,0.0044]
	しまう:[0.0018,0.0022,0.0024,0.0012]
	なら:[0.0020,0.0011,0.0003,0.0013]
	なる:[0.0107,0.0090,0.0073,0.0068]
	その:[0.0018,0.0030,0.0033,0.0011]
	する:[0.0377,0.0379,0.0453,0.0180]
	いる:[0.0124,0.0129,0.0079,0.0099]
	例えば:[0.0008,0.0052,0.0003,0.0003]
	本来:[0.0001,0.0001,0.0000,0.0000]
	見なす:[0.0000,0.0000,0.0000,0.0000]
	その後:[0.0002,0.0002,0.0133,0.0001]
	値下がり:[0.0000,0.0000,0.0000,0.0054]
	見る:[0.0008,0.0020,0.0005,0.0013]
	のだ:[0.0071,0.0068,0.0053,0.0039]
	株式:[0.0002,0.0002,0.0000,0.0004]
	ほしい:[0.0002,0.0002,0.0000,0.0000]
True-Positive

Section:5
	Ｆｌａｇ：：００００
	ＮＩＳＡ口座の期間が終了すると実際は損失なのに課税される
	ＮＩＳＡ口座で投資したがゆえに、損失が出ていても課税されてしまうリスクがあるのだ。
	向いてそうで不向きな高リターン狙いの商品
	ついつい「売却益が非課税なので、ＮＩＳＡでは高リターンを狙える商品を買おう」と考えがちだ。
	しかし、高いリターンが望める商品は当然、高リスクで裏目に出れば大きなマイナスになる。
	値下がりに弱いＮＩＳＡ向きとは言いがたい。
	それでも高リスクの株式投資で高リターンを狙いたい投資家もいるだろう。
	その場合、個別株ではなく株式投信の、積み立て投資が選択肢となる。
	売買タイミングを分散することでリスクを下げることができ、ＮＩＳＡ向けの中リスク・中リターン投資に近づけることができるからだ。
Score:0.00159480172855
EACH_TAG_SCORE:
	image:0.000404553249579
	table:0.00051643005194
	graph:0.00031225323148
	flow:0.000361565195554
PARA:
Clueword:
	だろう:[0.0010,0.0005,0.0000,0.0003]
	期間:[0.0003,0.0002,0.0005,0.0040]
	狙う:[0.0001,0.0001,0.0000,0.0000]
	弱い:[0.0007,0.0001,0.0000,0.0000]
	売却:[0.0010,0.0005,0.0014,0.0000]
	買う:[0.0002,0.0001,0.0006,0.0004]
	積む:[0.0000,0.0000,0.0000,0.0004]
	れる:[0.0087,0.0086,0.0069,0.0045]
	しまう:[0.0018,0.0022,0.0024,0.0012]
	なる:[0.0107,0.0090,0.0073,0.0068]
	する:[0.0377,0.0379,0.0453,0.0180]
	いる:[0.0124,0.0129,0.0079,0.0099]
	個別:[0.0001,0.0000,0.0002,0.0000]
	口座:[0.0002,0.0000,0.0000,0.0004]
	こと:[0.0097,0.0093,0.0086,0.0051]
	ゆえ:[0.0000,0.0000,0.0000,0.0000]
	それ:[0.0013,0.0009,0.0018,0.0009]
	そう:[0.0002,0.0003,0.0008,0.0001]
	選択肢:[0.0004,0.0000,0.0000,0.0000]
	大きな:[0.0005,0.0016,0.0003,0.0005]
	実際:[0.0001,0.0003,0.0004,0.0007]
	当然だ:[0.0000,0.0000,0.0000,0.0000]
	商品:[0.0008,0.0001,0.0006,0.0002]
	場合:[0.0353,0.0044,0.0023,0.0045]
	タイミング:[0.0006,0.0000,0.0000,0.0018]
	課税:[0.0001,0.0000,0.0000,0.0004]
	投信:[0.0000,0.0000,0.0000,0.0002]
	立てる:[0.0001,0.0001,0.0003,0.0005]
	マイナスだ:[0.0001,0.0002,0.0000,0.0000]
	向け:[0.0003,0.0000,0.0000,0.0001]
	たい:[0.0012,0.0013,0.0014,0.0010]
	のだ:[0.0071,0.0068,0.0053,0.0039]
	から:[0.0057,0.0058,0.0057,0.0033]
	がちだ:[0.0003,0.0002,0.0000,0.0001]
	投資:[0.0003,0.0004,0.0003,0.0012]
	その:[0.0018,0.0030,0.0033,0.0011]
	向き:[0.0000,0.0007,0.0000,0.0000]
	向く:[0.0001,0.0003,0.0002,0.0001]
	できる:[0.0044,0.0045,0.0022,0.0015]
	終了:[0.0000,0.0002,0.0000,0.0000]
	考える:[0.0013,0.0012,0.0004,0.0007]
	高い:[0.0015,0.0007,0.0005,0.0100]
	ある:[0.0113,0.0103,0.0051,0.0037]
	下げる:[0.0000,0.0001,0.0003,0.0001]
	損失:[0.0007,0.0001,0.0000,0.0041]
	売買:[0.0006,0.0010,0.0018,0.0004]
	値下がり:[0.0000,0.0000,0.0000,0.0054]
	出る:[0.0009,0.0008,0.0003,0.0006]
	株式:[0.0002,0.0002,0.0000,0.0004]
	でも:[0.0029,0.0018,0.0004,0.0017]
	ない:[0.0105,0.0083,0.0076,0.0061]
	リスク:[0.0002,0.0003,0.0003,0.0000]
	しかし:[0.0004,0.0004,0.0007,0.0004]
False-Positive

Section:6
	Ｆｌａｇ：：００１０
	バランス型投信がオススメの理由【１】
	長期＋分散投資なら元本割れは避けられる
	３０年以上のデータから（下図）、１０年間の長期分散投資を続ければ、最終的な投資結果でマイナス（元本割れ）を避けられることがわかる。
	運用成績は１００万円を投資していた場合、平均で１９１万円にもなった。
	ＮＩＳＡ口座なら１０年間なら課税ゼロ。
	ＮＩＳＡの非課税期間である５年間投資（ロールオーバーはしない）だったとしても、マイナスは３８回中３回だけと１割以下の確率でしかない。
	運用成績は１００万円を投資していた場合、平均で１３６万円となった。
	積み立てのように時間を分散して投資すれば、高リスク・高リターンの部類に入る株式型の投信も中リスク・中リターンに近づけることができ、ＮＩＳＡ口座での投資に使える商品となる。
	毎月５万円ずつ積み立てても年間６０万円で、分配金を再投資しても非課税枠は十分に足りる。
	非課税口座の積み立てなら資産形成のペースも早くなる。
	１４年から、ＮＩＳＡを利用した投信の積み立ては、資産形成の最も有力な手段となる。
Score:0.00108891331823
EACH_TAG_SCORE:
	image:0.000255451162303
	table:0.000353733211855
	graph:0.000247815388985
	flow:0.000231913555089
PARA:
Clueword:
	最も:[0.0030,0.0006,0.0001,0.0034]
	運用:[0.0001,0.0000,0.0001,0.0004]
	成績:[0.0000,0.0000,0.0000,0.0004]
	できる:[0.0044,0.0045,0.0022,0.0015]
	確率:[0.0004,0.0001,0.0000,0.0110]
	最終だ:[0.0000,0.0000,0.0000,0.0000]
	元本:[0.0000,0.0000,0.0000,0.0001]
	積む:[0.0000,0.0000,0.0000,0.0004]
	なら:[0.0020,0.0011,0.0003,0.0013]
	なる:[0.0107,0.0090,0.0073,0.0068]
	形成:[0.0003,0.0005,0.0002,0.0002]
	する:[0.0377,0.0379,0.0453,0.0180]
	いる:[0.0124,0.0129,0.0079,0.0099]
	オススメ:[0.0004,0.0004,0.0003,0.0002]
	期間:[0.0003,0.0002,0.0005,0.0040]
	口座:[0.0002,0.0000,0.0000,0.0004]
	こと:[0.0097,0.0093,0.0086,0.0051]
	バランス:[0.0003,0.0020,0.0002,0.0054]
	株式:[0.0002,0.0002,0.0000,0.0004]
	割る:[0.0001,0.0000,0.0000,0.0003]
	入る:[0.0005,0.0010,0.0008,0.0003]
	以下:[0.0010,0.0024,0.0011,0.0002]
	以上:[0.0010,0.0009,0.0006,0.0017]
	結果:[0.0004,0.0004,0.0007,0.0011]
	ようだ:[0.0039,0.0045,0.0062,0.0016]
	続ける:[0.0004,0.0001,0.0000,0.0005]
	手段:[0.0005,0.0000,0.0000,0.0000]
	商品:[0.0008,0.0001,0.0006,0.0002]
	場合:[0.0353,0.0044,0.0023,0.0045]
	使える:[0.0007,0.0004,0.0001,0.0000]
	課税:[0.0001,0.0000,0.0000,0.0004]
	早い:[0.0000,0.0001,0.0001,0.0003]
	投信:[0.0000,0.0000,0.0000,0.0002]
	立てる:[0.0001,0.0001,0.0003,0.0005]
	理由:[0.0005,0.0003,0.0001,0.0006]
	有力だ:[0.0000,0.0000,0.0000,0.0000]
	１００万:[0.0001,0.0000,0.0000,0.0000]
	十分だ:[0.0002,0.0002,0.0003,0.0001]
	から:[0.0057,0.0058,0.0057,0.0033]
	立つ:[0.0004,0.0004,0.0009,0.0004]
	足りる:[0.0000,0.0000,0.0000,0.0000]
	だけ:[0.0014,0.0013,0.0014,0.0007]
	資産:[0.0002,0.0000,0.0003,0.0003]
	長期:[0.0002,0.0001,0.0003,0.0007]
	投資:[0.0003,0.0004,0.0003,0.0012]
	データ:[0.0004,0.0003,0.0008,0.0001]
	避ける:[0.0001,0.0001,0.0002,0.0003]
	年間:[0.0007,0.0003,0.0000,0.0016]
	しか:[0.0006,0.0006,0.0000,0.0011]
	られる:[0.0026,0.0025,0.0012,0.0015]
	時間:[0.0010,0.0004,0.0003,0.0010]
	ゼロ:[0.0000,0.0001,0.0000,0.0003]
	平均:[0.0014,0.0001,0.0000,0.0085]
	オーバー:[0.0001,0.0000,0.0001,0.0000]
	毎月:[0.0001,0.0000,0.0000,0.0000]
	部類:[0.0038,0.0000,0.0000,0.0000]
	ペース:[0.0001,0.0001,0.0000,0.0002]
	マイナス:[0.0007,0.0002,0.0004,0.0053]
	的だ:[0.0049,0.0028,0.0019,0.0013]
	利用:[0.0010,0.0003,0.0000,0.0002]
	ない:[0.0105,0.0083,0.0076,0.0061]
	リスク:[0.0002,0.0003,0.0003,0.0000]
	わかる:[0.0006,0.0009,0.0004,0.0002]
True-Positive

Section:2
	Ｆｌａｇ：：０１００
	ＮＩＳＡ口座は金融機関によって使い勝手が異なるため、まず商品やコストで比較してみよう！また、一度開設すると金融機関の変更が不可能なので、自分の投資スタイルに適した金融機関を選びたい。
	ＮＩＳＡ向きの商品やＮＩＳＡの落とし穴、誤解されやすいポイントも紹介しよう！
	制度や運用の相談をするなら大手証券の窓口も候補に
	ＮＩＳＡの難点をどこまでカバーできるか、利用者の多い６種類の金融機関を比較してみた。
	株式投資を念頭に入れるなら、証券会社での開設が絶対条件となる。
	コスト面や品ぞろえではネット証券が有利だ。
	ただし、複雑なＮＩＳＡの説明を受けたい、運用の相談がしたい人は対面の証券や銀行がいい。
	大手証券なら投信の品ぞろえも豊富な上、コストの安いネット取引も併用可能なので有力な候補となる。
	身近で全国展開するゆうちょ銀行は居住地の移転への対応は万全だが、投信の品ぞろえの拡充に期待。
Score:0.00107749856239
EACH_TAG_SCORE:
	image:0.000259291695866
	table:0.00035825876937
	graph:0.000182697221228
	flow:0.00027725087593
PARA:
Clueword:
	ゆう:[0.0000,0.0002,0.0000,0.0000]
	説明:[0.0005,0.0003,0.0001,0.0001]
	運用:[0.0001,0.0000,0.0001,0.0004]
	カバー:[0.0002,0.0000,0.0000,0.0001]
	誤解:[0.0001,0.0000,0.0000,0.0000]
	変更:[0.0002,0.0001,0.0000,0.0000]
	よる:[0.0024,0.0030,0.0030,0.0025]
	取引:[0.0001,0.0003,0.0003,0.0005]
	窓口:[0.0000,0.0000,0.0000,0.0000]
	対面:[0.0000,0.0000,0.0000,0.0000]
	選ぶ:[0.0012,0.0007,0.0000,0.0000]
	安い:[0.0006,0.0001,0.0000,0.0003]
	絶対:[0.0000,0.0002,0.0004,0.0000]
	できる:[0.0044,0.0045,0.0022,0.0015]
	銀行:[0.0003,0.0000,0.0003,0.0005]
	れる:[0.0087,0.0086,0.0069,0.0045]
	落とし穴:[0.0000,0.0000,0.0000,0.0000]
	みる:[0.0011,0.0014,0.0005,0.0011]
	なら:[0.0020,0.0011,0.0003,0.0013]
	展開:[0.0000,0.0000,0.0000,0.0000]
	勝手だ:[0.0002,0.0001,0.0000,0.0000]
	条件:[0.0063,0.0007,0.0006,0.0001]
	受ける:[0.0004,0.0001,0.0002,0.0002]
	自分:[0.0013,0.0009,0.0012,0.0008]
	有力だ:[0.0000,0.0000,0.0000,0.0000]
	有利だ:[0.0001,0.0000,0.0000,0.0001]
	する:[0.0377,0.0379,0.0453,0.0180]
	なる:[0.0107,0.0090,0.0073,0.0068]
	口座:[0.0002,0.0000,0.0000,0.0004]
	豊富だ:[0.0000,0.0000,0.0000,0.0001]
	種類:[0.0166,0.0024,0.0001,0.0004]
	ネット:[0.0001,0.0000,0.0000,0.0001]
	入れる:[0.0004,0.0003,0.0002,0.0000]
	利用:[0.0010,0.0003,0.0000,0.0002]
	金融:[0.0000,0.0000,0.0003,0.0002]
	コスト:[0.0004,0.0000,0.0000,0.0003]
	併用:[0.0000,0.0000,0.0001,0.0000]
	ポイント:[0.0025,0.0005,0.0000,0.0014]
	比較:[0.0082,0.0011,0.0003,0.0104]
	制度:[0.0002,0.0000,0.0000,0.0000]
	多い:[0.0030,0.0023,0.0006,0.0031]
	いい:[0.0008,0.0008,0.0002,0.0005]
	不可能だ:[0.0001,0.0000,0.0000,0.0002]
	品ぞろえ:[0.0000,0.0000,0.0000,0.0000]
	証券:[0.0003,0.0002,0.0000,0.0004]
	商品:[0.0008,0.0001,0.0006,0.0002]
	投信:[0.0000,0.0000,0.0000,0.0002]
	期待:[0.0001,0.0001,0.0001,0.0002]
	まで:[0.0020,0.0014,0.0016,0.0015]
	適す:[0.0003,0.0002,0.0000,0.0000]
	まず:[0.0007,0.0007,0.0187,0.0001]
	たい:[0.0012,0.0013,0.0014,0.0010]
	対応:[0.0002,0.0000,0.0000,0.0000]
	異なる:[0.0019,0.0007,0.0002,0.0001]
	また:[0.0013,0.0021,0.0018,0.0011]
	のだ:[0.0071,0.0068,0.0053,0.0039]
	どこ:[0.0002,0.0002,0.0001,0.0002]
	会社:[0.0013,0.0008,0.0013,0.0008]
	念頭:[0.0001,0.0000,0.0000,0.0000]
	相談:[0.0006,0.0001,0.0001,0.0003]
	可能だ:[0.0009,0.0006,0.0008,0.0009]
	投資:[0.0003,0.0004,0.0003,0.0012]
	向き:[0.0000,0.0007,0.0000,0.0000]
	全国:[0.0001,0.0000,0.0000,0.0007]
	紹介:[0.0003,0.0004,0.0000,0.0000]
	開設:[0.0000,0.0000,0.0013,0.0000]
	移転:[0.0000,0.0002,0.0008,0.0000]
	ただし:[0.0006,0.0003,0.0000,0.0000]
	候補:[0.0001,0.0000,0.0000,0.0000]
	ため:[0.0030,0.0032,0.0027,0.0024]
	スタイル:[0.0003,0.0006,0.0010,0.0001]
	複雑だ:[0.0002,0.0002,0.0000,0.0000]
	株式:[0.0002,0.0002,0.0000,0.0004]
	やすい:[0.0028,0.0023,0.0011,0.0006]
	使う:[0.0028,0.0024,0.0010,0.0006]
	大手:[0.0004,0.0004,0.0000,0.0000]
	機関:[0.0001,0.0001,0.0001,0.0001]
True-Positive

Section:3
	Ｆｌａｇ：：０１００
	通常の口座で取引と比較し、損をすることもある！
	ＮＩＳＡ向きの商品や投資法は、ＮＩＳＡのデメリットに注意し、ＮＩＳＡ口座に不向きな商品や投資法を考えると見えてくる。
	じつはＮＩＳＡで購入した株式や投信が値下がりして損失が確定すると、大きなデメリットが発生する。
	通常の口座なら、損失が出ると他の投資商品で得た利益と相殺（損益通算）して税金を減らせる。
	だがＮＩＳＡの損失は損益通算の対象外。
	通常の口座で若干の利益が出る一方で、ＮＩＳＡ口座内で損失が大きく、トータルではマイナスだったとしても課税されてしまうのだ。
	さらに資産が値下がりしたまま非課税期間の終了を迎えると、取得価格は非課税期間が終了した時の時価に変更（値洗い）される。
	将来の価格回復を期待して一般口座などに移し持ち続け、若干値上がりしたところで売却すると、課税されるのだ。
Score:0.00106921327433
EACH_TAG_SCORE:
	image:0.000271649035042
	table:0.000311523230913
	graph:0.000238966281381
	flow:0.000247074726998
PARA:
Clueword:
	期間:[0.0003,0.0002,0.0005,0.0040]
	変更:[0.0002,0.0001,0.0000,0.0000]
	取引:[0.0001,0.0003,0.0003,0.0005]
	対象:[0.0003,0.0001,0.0000,0.0003]
	期待:[0.0001,0.0001,0.0001,0.0002]
	売却:[0.0010,0.0005,0.0014,0.0000]
	れる:[0.0087,0.0086,0.0069,0.0045]
	一般:[0.0009,0.0006,0.0006,0.0000]
	損益:[0.0000,0.0000,0.0000,0.0000]
	しまう:[0.0018,0.0022,0.0024,0.0012]
	なら:[0.0020,0.0011,0.0003,0.0013]
	時価:[0.0000,0.0000,0.0000,0.0000]
	する:[0.0377,0.0379,0.0453,0.0180]
	迎える:[0.0003,0.0002,0.0000,0.0005]
	さらに:[0.0005,0.0007,0.0031,0.0007]
	口座:[0.0002,0.0000,0.0000,0.0004]
	こと:[0.0097,0.0093,0.0086,0.0051]
	トータル:[0.0000,0.0000,0.0000,0.0000]
	通算:[0.0000,0.0000,0.0000,0.0000]
	一方:[0.0034,0.0002,0.0001,0.0026]
	株式:[0.0002,0.0002,0.0000,0.0004]
	移す:[0.0000,0.0000,0.0000,0.0000]
	だが:[0.0001,0.0000,0.0000,0.0000]
	購入:[0.0001,0.0002,0.0009,0.0000]
	税金:[0.0000,0.0000,0.0000,0.0002]
	比較:[0.0082,0.0011,0.0003,0.0104]
	続ける:[0.0004,0.0001,0.0000,0.0005]
	大きな:[0.0005,0.0016,0.0003,0.0005]
	損だ:[0.0001,0.0001,0.0000,0.0002]
	まま:[0.0003,0.0002,0.0001,0.0002]
	得る:[0.0003,0.0002,0.0002,0.0002]
	ところ:[0.0010,0.0004,0.0003,0.0007]
	商品:[0.0008,0.0001,0.0006,0.0002]
	他の:[0.0003,0.0003,0.0002,0.0003]
	取得:[0.0001,0.0002,0.0000,0.0000]
	課税:[0.0001,0.0000,0.0000,0.0004]
	投信:[0.0000,0.0000,0.0000,0.0002]
	価格:[0.0005,0.0003,0.0005,0.0006]
	マイナスだ:[0.0001,0.0002,0.0000,0.0000]
	発生:[0.0006,0.0007,0.0008,0.0007]
	くる:[0.0012,0.0016,0.0007,0.0011]
	持つ:[0.0008,0.0007,0.0014,0.0001]
	のだ:[0.0071,0.0068,0.0053,0.0039]
	デメリット:[0.0044,0.0006,0.0000,0.0001]
	大きい:[0.0011,0.0018,0.0014,0.0029]
	回復:[0.0003,0.0001,0.0004,0.0004]
	見える:[0.0005,0.0007,0.0007,0.0001]
	資産:[0.0002,0.0000,0.0003,0.0003]
	注意:[0.0003,0.0008,0.0007,0.0005]
	値上がり:[0.0000,0.0000,0.0000,0.0000]
	投資:[0.0003,0.0004,0.0003,0.0012]
	若干:[0.0003,0.0019,0.0000,0.0036]
	向き:[0.0000,0.0007,0.0000,0.0000]
	洗う:[0.0000,0.0000,0.0000,0.0000]
	終了:[0.0000,0.0002,0.0000,0.0000]
	考える:[0.0013,0.0012,0.0004,0.0007]
	ある:[0.0113,0.0103,0.0051,0.0037]
	損失:[0.0007,0.0001,0.0000,0.0041]
	など:[0.0054,0.0053,0.0021,0.0019]
	値下がり:[0.0000,0.0000,0.0000,0.0054]
	出る:[0.0009,0.0008,0.0003,0.0006]
	利益:[0.0000,0.0002,0.0001,0.0044]
	通常:[0.0003,0.0003,0.0003,0.0006]
	将来:[0.0000,0.0001,0.0001,0.0001]
True-Positive

Section:1
	Ｆｌａｇ：：００００
	金融機関別にＮＩＳＡ口座を比較！
	ＮＩＳＡ向きの商品、ＮＩＳＡの落とし穴も紹介！
Score:0.000479298164986
EACH_TAG_SCORE:
	image:4.60101480325e-05
	table:0.000190349272709
	graph:0.000217661616341
	flow:2.52771279035e-05
PARA:
Clueword:
	紹介:[0.0003,0.0004,0.0000,0.0000]
	向き:[0.0000,0.0007,0.0000,0.0000]
	口座:[0.0002,0.0000,0.0000,0.0004]
	落とし穴:[0.0000,0.0000,0.0000,0.0000]
	機関:[0.0001,0.0001,0.0001,0.0001]
	商品:[0.0008,0.0001,0.0006,0.0002]
	金融:[0.0000,0.0000,0.0003,0.0002]
	比較:[0.0082,0.0011,0.0003,0.0104]
True-Negative

True-Negative:1
False-Positive:1
True-Positive:4
False-Negative:0
precision = 0.800000
recall = 1.000000
fvalue = 0.888889