Section:6
	Ｆｌａｇ：：０１００
	「一般基準」とは、農地転用の申請目的が達成できるかどうかを判断するもので、単に農地をつぶして更地にしておきたいといった、安易な目的では認められません。
Score:0.00348108082961
EACH_TAG_SCORE:
	image:0.000996300846581
	table:0.0010102603983
	graph:0.000524684031184
	flow:0.000949835553547
PARA:
Clueword:
	いう:[0.0059,0.0048,0.0034,0.0042]
	転用:[0.0009,0.0004,0.0001,0.0000]
	申請:[0.0002,0.0002,0.0004,0.0001]
	られる:[0.0026,0.0025,0.0012,0.0015]
	更地:[0.0000,0.0000,0.0000,0.0000]
	できる:[0.0044,0.0045,0.0022,0.0015]
	ます:[0.0228,0.0269,0.0224,0.0150]
	たい:[0.0012,0.0013,0.0014,0.0010]
	農地:[0.0018,0.0008,0.0011,0.0007]
	一般:[0.0009,0.0006,0.0006,0.0000]
	認める:[0.0004,0.0001,0.0001,0.0000]
	安易だ:[0.0000,0.0000,0.0000,0.0000]
	どう:[0.0005,0.0006,0.0004,0.0003]
	する:[0.0377,0.0379,0.0453,0.0180]
	判断:[0.0006,0.0007,0.0001,0.0000]
	目的:[0.0008,0.0003,0.0001,0.0000]
	つぶす:[0.0000,0.0000,0.0000,0.0000]
	単に:[0.0001,0.0000,0.0000,0.0000]
	もの:[0.0026,0.0031,0.0015,0.0008]
	達成:[0.0002,0.0000,0.0000,0.0004]
	おく:[0.0014,0.0010,0.0010,0.0012]
	基準:[0.0017,0.0001,0.0002,0.0002]
True-Positive

Section:12
	Ｆｌａｇ：：００００
	農地価格の安さは、仲介する不動産会社にとっても仲介手数料の安さに繋がり、利益が出にくいとなれば、取り扱われないのも無理はないでしょう。
	また、広域で見た場合、比較的安い地域は北海道、東北、九州、比較的高い地域は東海、近畿、四国で、北海道が最も安く東海地方が最も高くなります。
Score:0.00295808103562
EACH_TAG_SCORE:
	image:0.00072589712484
	table:0.00098988634011
	graph:0.00055689656564
	flow:0.000685401005028
PARA:
Clueword:
	最も:[0.0030,0.0006,0.0001,0.0034]
	だろう:[0.0010,0.0005,0.0000,0.0003]
	繋がる:[0.0001,0.0001,0.0000,0.0000]
	場合:[0.0353,0.0044,0.0023,0.0045]
	安い:[0.0006,0.0001,0.0000,0.0003]
	仲介:[0.0003,0.0003,0.0005,0.0000]
	ます:[0.0228,0.0269,0.0224,0.0150]
	農地:[0.0018,0.0008,0.0011,0.0007]
	無理:[0.0000,0.0000,0.0001,0.0000]
	地方:[0.0001,0.0000,0.0000,0.0001]
	にくい:[0.0010,0.0008,0.0004,0.0001]
	四国:[0.0000,0.0000,0.0000,0.0000]
	価格:[0.0005,0.0003,0.0005,0.0006]
	とる:[0.0004,0.0007,0.0005,0.0001]
	不動産:[0.0005,0.0006,0.0014,0.0000]
	なる:[0.0107,0.0090,0.0073,0.0068]
	取り扱う:[0.0001,0.0001,0.0000,0.0000]
	比較的:[0.0044,0.0005,0.0000,0.0028]
	会社:[0.0013,0.0008,0.0013,0.0008]
	する:[0.0377,0.0379,0.0453,0.0180]
	地域:[0.0008,0.0004,0.0000,0.0007]
	手数:[0.0002,0.0002,0.0003,0.0000]
	高い:[0.0015,0.0007,0.0005,0.0100]
	れる:[0.0087,0.0086,0.0069,0.0045]
	出る:[0.0009,0.0008,0.0003,0.0006]
	見る:[0.0008,0.0020,0.0005,0.0013]
	また:[0.0013,0.0021,0.0018,0.0011]
	利益:[0.0000,0.0002,0.0001,0.0044]
	ない:[0.0105,0.0083,0.0076,0.0061]
False-Positive

Section:13
	Ｆｌａｇ：：００１０
	その差は純農業地域で約９倍、都市的農業地域なら１２倍～１３倍と激しいので、同じ農地でも地域格差が大きく広がっています。
Score:0.00293906916641
EACH_TAG_SCORE:
	image:0.000850754959401
	table:0.000861165638807
	graph:0.000582715228147
	flow:0.000644433340058
PARA:
Clueword:
	的だ:[0.0049,0.0028,0.0019,0.0013]
	同じだ:[0.0013,0.0010,0.0005,0.0009]
	ます:[0.0228,0.0269,0.0224,0.0150]
	農地:[0.0018,0.0008,0.0011,0.0007]
	のだ:[0.0071,0.0068,0.0053,0.0039]
	大きい:[0.0011,0.0018,0.0014,0.0029]
	なら:[0.0020,0.0011,0.0003,0.0013]
	都市:[0.0006,0.0000,0.0001,0.0002]
	その:[0.0018,0.0030,0.0033,0.0011]
	激しい:[0.0000,0.0000,0.0000,0.0002]
	いる:[0.0124,0.0129,0.0079,0.0099]
	広がる:[0.0001,0.0001,0.0000,0.0004]
	地域:[0.0008,0.0004,0.0000,0.0007]
	格差:[0.0000,0.0000,0.0000,0.0002]
	でも:[0.0029,0.0018,0.0004,0.0017]
	農業:[0.0005,0.0002,0.0005,0.0005]
True-Positive

Section:5
	Ｆｌａｇ：：００００
	まずは、保有農地がどの区分に該当するか、地域の農業委員会（行政の組織なので市区町村役場）に聞くのが確実です。
Score:0.00287440569711
EACH_TAG_SCORE:
	image:0.00072794027926
	table:0.000787657000742
	graph:0.000382610636859
	flow:0.000976197780246
PARA:
Clueword:
	する:[0.0377,0.0379,0.0453,0.0180]
	該当:[0.0007,0.0005,0.0001,0.0000]
	聞く:[0.0003,0.0001,0.0012,0.0006]
	まずは:[0.0001,0.0002,0.0090,0.0002]
	地域:[0.0008,0.0004,0.0000,0.0007]
	どの:[0.0005,0.0001,0.0001,0.0000]
	行政:[0.0000,0.0000,0.0000,0.0001]
	組織:[0.0002,0.0000,0.0000,0.0000]
	保有:[0.0002,0.0001,0.0000,0.0001]
	委員:[0.0001,0.0002,0.0005,0.0000]
	農地:[0.0018,0.0008,0.0011,0.0007]
	のだ:[0.0071,0.0068,0.0053,0.0039]
	区分:[0.0011,0.0000,0.0001,0.0000]
	確実だ:[0.0000,0.0001,0.0001,0.0000]
	農業:[0.0005,0.0002,0.0005,0.0005]
False-Positive

Section:10
	Ｆｌａｇ：：００１０
	傾向としては、売買価格が年々下落しており、長期的な展望における農業への不安から、買い手の減少が最大の理由です。
	農地に限らず売買の対象においては、買い需要が売り需要を下回れば価格は下がり、逆なら上がりますので、農地は売り需要が勝っている現状と言えます。
Score:0.00287128370682
EACH_TAG_SCORE:
	image:0.000737571877364
	table:0.000741788362361
	graph:0.000683151611647
	flow:0.00070877185545
PARA:
Clueword:
	ます:[0.0228,0.0269,0.0224,0.0150]
	減少:[0.0000,0.0000,0.0000,0.0090]
	需要:[0.0000,0.0000,0.0000,0.0009]
	的だ:[0.0049,0.0028,0.0019,0.0013]
	対象:[0.0003,0.0001,0.0000,0.0003]
	価格:[0.0005,0.0003,0.0005,0.0006]
	理由:[0.0005,0.0003,0.0001,0.0006]
	農地:[0.0018,0.0008,0.0011,0.0007]
	展望:[0.0000,0.0000,0.0000,0.0002]
	限る:[0.0002,0.0001,0.0000,0.0004]
	のだ:[0.0071,0.0068,0.0053,0.0039]
	不安だ:[0.0001,0.0001,0.0001,0.0008]
	から:[0.0057,0.0058,0.0057,0.0033]
	勝つ:[0.0000,0.0000,0.0000,0.0002]
	なら:[0.0020,0.0011,0.0003,0.0013]
	長期:[0.0002,0.0001,0.0003,0.0007]
	する:[0.0377,0.0379,0.0453,0.0180]
	いる:[0.0124,0.0129,0.0079,0.0099]
	買う:[0.0002,0.0001,0.0006,0.0004]
	現状:[0.0001,0.0001,0.0001,0.0003]
	下がる:[0.0002,0.0004,0.0000,0.0016]
	言える:[0.0002,0.0002,0.0000,0.0003]
	最大だ:[0.0002,0.0001,0.0000,0.0005]
	おる:[0.0001,0.0006,0.0000,0.0003]
	年々:[0.0000,0.0000,0.0000,0.0020]
	下落:[0.0003,0.0000,0.0000,0.0042]
	売る:[0.0001,0.0003,0.0010,0.0007]
	おく:[0.0014,0.0010,0.0010,0.0012]
	売買:[0.0006,0.0010,0.0018,0.0004]
	おける:[0.0002,0.0000,0.0000,0.0004]
	買い手:[0.0002,0.0001,0.0004,0.0002]
	逆だ:[0.0006,0.0003,0.0001,0.0003]
	農業:[0.0005,0.0002,0.0005,0.0005]
	下回る:[0.0000,0.0000,0.0000,0.0014]
	傾向:[0.0004,0.0002,0.0000,0.0114]
	上がる:[0.0002,0.0002,0.0006,0.0005]
True-Positive

Section:9
	Ｆｌａｇ：：０１００
	農地売買の相場
	一言で農地といっても、都市近郊型の農地から山間部の農地まで広く、同じ規模の農地でも、売買価格が異なって当然です。
	そこで、全国農業会議所が公表している、田畑売買価格の調査結果を１つの目安として、どのくらいで取引されているか確認してみました。
Score:0.00281702277542
EACH_TAG_SCORE:
	image:0.000781486233038
	table:0.000803312849502
	graph:0.00049064759051
	flow:0.000741576102366
PARA:
Clueword:
	一言:[0.0001,0.0001,0.0000,0.0000]
	調査:[0.0001,0.0000,0.0000,0.0004]
	そこ:[0.0005,0.0005,0.0006,0.0001]
	いう:[0.0059,0.0048,0.0034,0.0042]
	どの:[0.0005,0.0001,0.0001,0.0000]
	山間:[0.0000,0.0000,0.0000,0.0000]
	当然だ:[0.0000,0.0000,0.0000,0.0000]
	広い:[0.0002,0.0004,0.0001,0.0002]
	取引:[0.0001,0.0003,0.0003,0.0005]
	同じだ:[0.0013,0.0010,0.0005,0.0009]
	価格:[0.0005,0.0003,0.0005,0.0006]
	まで:[0.0020,0.0014,0.0016,0.0015]
	ます:[0.0228,0.0269,0.0224,0.0150]
	農地:[0.0018,0.0008,0.0011,0.0007]
	異なる:[0.0019,0.0007,0.0002,0.0001]
	から:[0.0057,0.0058,0.0057,0.0033]
	くらい:[0.0006,0.0003,0.0010,0.0001]
	れる:[0.0087,0.0086,0.0069,0.0045]
	公表:[0.0000,0.0000,0.0000,0.0002]
	みる:[0.0011,0.0014,0.0005,0.0011]
	都市:[0.0006,0.0000,0.0001,0.0002]
	会議:[0.0001,0.0000,0.0000,0.0003]
	目安:[0.0001,0.0000,0.0000,0.0001]
	する:[0.0377,0.0379,0.0453,0.0180]
	田畑:[0.0001,0.0000,0.0000,0.0000]
	いる:[0.0124,0.0129,0.0079,0.0099]
	確認:[0.0005,0.0008,0.0010,0.0000]
	規模:[0.0002,0.0002,0.0000,0.0003]
	相場:[0.0011,0.0003,0.0003,0.0015]
	売買:[0.0006,0.0010,0.0018,0.0004]
	結果:[0.0004,0.0004,0.0007,0.0011]
	でも:[0.0029,0.0018,0.0004,0.0017]
	農業:[0.0005,0.0002,0.0005,0.0005]
	近郊:[0.0001,0.0000,0.0000,0.0000]
	全国:[0.0001,0.0000,0.0000,0.0007]
True-Positive

Section:18
	Ｆｌａｇ：：００００
	宅地なら建物を建てる計画、雑種地なら駐車場や資材置き場などの計画が必要とされ、転用許可後は速やかに計画を実行する必要があります。
	そのため、先に転用する場合は、申請した転用目的を一旦は達成しなくてはならなくなり、売買が目的なら先に転用する方法は非効率です。
	もっとも、すぐには売れなくても、耕作もできない事情があるなら、一旦は比較的費用がかからない駐車場に転用して、長期的に売り出す方法は十分考えられます。
Score:0.0025065142218
EACH_TAG_SCORE:
	image:0.000645500810763
	table:0.000846560291934
	graph:0.000371327499382
	flow:0.00064312561972
PARA:
Clueword:
	建物:[0.0001,0.0001,0.0000,0.0000]
	売れる:[0.0001,0.0000,0.0001,0.0001]
	転用:[0.0009,0.0004,0.0001,0.0000]
	売る:[0.0001,0.0003,0.0010,0.0007]
	建てる:[0.0000,0.0000,0.0000,0.0000]
	達成:[0.0002,0.0000,0.0000,0.0004]
	場合:[0.0353,0.0044,0.0023,0.0045]
	すぐ:[0.0003,0.0004,0.0005,0.0002]
	効率:[0.0002,0.0001,0.0001,0.0008]
	できる:[0.0044,0.0045,0.0022,0.0015]
	ます:[0.0228,0.0269,0.0224,0.0150]
	速やかだ:[0.0000,0.0001,0.0000,0.0000]
	事情:[0.0000,0.0001,0.0000,0.0000]
	売買:[0.0006,0.0010,0.0018,0.0004]
	れる:[0.0087,0.0086,0.0069,0.0045]
	かかる:[0.0011,0.0002,0.0002,0.0002]
	なる:[0.0107,0.0090,0.0073,0.0068]
	比較的:[0.0044,0.0005,0.0000,0.0028]
	雑種:[0.0000,0.0000,0.0000,0.0000]
	方法:[0.0038,0.0019,0.0124,0.0001]
	許可:[0.0009,0.0007,0.0019,0.0000]
	なら:[0.0020,0.0011,0.0003,0.0013]
	的だ:[0.0049,0.0028,0.0019,0.0013]
	する:[0.0377,0.0379,0.0453,0.0180]
	計画:[0.0002,0.0001,0.0046,0.0004]
	必要だ:[0.0023,0.0013,0.0019,0.0006]
	られる:[0.0026,0.0025,0.0012,0.0015]
	考える:[0.0013,0.0012,0.0004,0.0007]
	目的:[0.0008,0.0003,0.0001,0.0000]
	ある:[0.0113,0.0103,0.0051,0.0037]
	長期:[0.0002,0.0001,0.0003,0.0007]
	実行:[0.0005,0.0000,0.0001,0.0001]
	など:[0.0054,0.0053,0.0021,0.0019]
	費用:[0.0004,0.0002,0.0003,0.0009]
	ため:[0.0030,0.0032,0.0027,0.0024]
	申請:[0.0002,0.0002,0.0004,0.0001]
	置き場:[0.0000,0.0000,0.0000,0.0000]
	その:[0.0018,0.0030,0.0033,0.0011]
	一旦:[0.0001,0.0000,0.0000,0.0003]
	もっとも:[0.0002,0.0001,0.0000,0.0000]
	出す:[0.0007,0.0007,0.0006,0.0003]
	ない:[0.0105,0.0083,0.0076,0.0061]
	宅地:[0.0002,0.0001,0.0003,0.0000]
False-Positive

Section:1
	Ｆｌａｇ：：００００
	農地の売買について。
	現在の価格相場と売却方法
	都市部を少し離れて田舎に向かうだけで、何も作られていない休耕地や、荒れてしまった耕作放棄地を目にすることは珍しくありません。
	農家の高齢化が問題になってから久しく、後継ぎがいないために農地を売却したい人、農地を相続した結果、農業ができずに不要になっている人が増えていると言います。
	ところが、国民の食料自給の礎となるべき農地は、その保護目的から売却に対し法律で極めて厳しい制限があり、自由に売却することができなくなっています。
Score:0.00229225506332
EACH_TAG_SCORE:
	image:0.000640022104631
	table:0.000656823094565
	graph:0.000364928401239
	flow:0.000630481462884
PARA:
Clueword:
	国民:[0.0000,0.0000,0.0000,0.0001]
	売却:[0.0010,0.0005,0.0014,0.0000]
	農家:[0.0000,0.0000,0.0000,0.0000]
	制限:[0.0003,0.0001,0.0000,0.0000]
	れる:[0.0087,0.0086,0.0069,0.0045]
	しまう:[0.0018,0.0022,0.0024,0.0012]
	相場:[0.0011,0.0003,0.0003,0.0015]
	なる:[0.0107,0.0090,0.0073,0.0068]
	方法:[0.0038,0.0019,0.0124,0.0001]
	何も:[0.0002,0.0001,0.0000,0.0000]
	する:[0.0377,0.0379,0.0453,0.0180]
	言う:[0.0010,0.0013,0.0005,0.0004]
	いる:[0.0124,0.0129,0.0079,0.0099]
	食料:[0.0000,0.0000,0.0000,0.0002]
	現在:[0.0004,0.0003,0.0014,0.0003]
	こと:[0.0097,0.0093,0.0086,0.0051]
	自給:[0.0000,0.0000,0.0000,0.0002]
	つく:[0.0013,0.0015,0.0009,0.0004]
	問題:[0.0005,0.0008,0.0003,0.0003]
	向かう:[0.0000,0.0001,0.0001,0.0001]
	結果:[0.0004,0.0004,0.0007,0.0011]
	だけ:[0.0014,0.0013,0.0014,0.0007]
	べし:[0.0001,0.0003,0.0000,0.0001]
	珍しい:[0.0000,0.0000,0.0000,0.0000]
	自由だ:[0.0002,0.0000,0.0000,0.0001]
	その:[0.0018,0.0030,0.0033,0.0011]
	価格:[0.0005,0.0003,0.0005,0.0006]
	がい:[0.0000,0.0000,0.0000,0.0000]
	たい:[0.0012,0.0013,0.0014,0.0010]
	農地:[0.0018,0.0008,0.0011,0.0007]
	少し:[0.0005,0.0010,0.0006,0.0002]
	から:[0.0057,0.0058,0.0057,0.0033]
	保護:[0.0000,0.0000,0.0000,0.0000]
	作る:[0.0012,0.0011,0.0018,0.0001]
	法律:[0.0004,0.0003,0.0001,0.0000]
	都市:[0.0006,0.0000,0.0001,0.0002]
	できる:[0.0044,0.0045,0.0022,0.0015]
	ます:[0.0228,0.0269,0.0224,0.0150]
	目的:[0.0008,0.0003,0.0001,0.0000]
	ある:[0.0113,0.0103,0.0051,0.0037]
	不要だ:[0.0001,0.0001,0.0000,0.0000]
	ため:[0.0030,0.0032,0.0027,0.0024]
	増える:[0.0005,0.0000,0.0004,0.0006]
	対する:[0.0008,0.0005,0.0003,0.0000]
	売買:[0.0006,0.0010,0.0018,0.0004]
	荒れる:[0.0000,0.0000,0.0000,0.0000]
	高齢:[0.0002,0.0001,0.0000,0.0013]
	ところが:[0.0000,0.0000,0.0000,0.0002]
	厳しい:[0.0000,0.0001,0.0000,0.0000]
	離れる:[0.0001,0.0002,0.0001,0.0000]
	ない:[0.0105,0.0083,0.0076,0.0061]
	農業:[0.0005,0.0002,0.0005,0.0005]
False-Positive

Section:20
	Ｆｌａｇ：：００００
	登記については、買主負担となる商習慣から、売主の負担はほとんど発生しませんが、費用負担は売買契約によって定められるので、売主負担になることもあります。
	まとめ
	農地の売買は、農地が持つ重要な役割から、法律で規制されています。
	また、農地以外に転用できるかどうかで、売買価格も買い手も異なります。
	農地転用が可能かどうかを知りたいのであれば、農地区分を農業委員会に確認してみるのが確実でしょう。
	また、売買や転用には農業委員会の許可が必要で、しかも許可されるまでには１ヶ月程度（届出による場合は１０日程度）要するため、手間も時間もかける覚悟は必要です。
Score:0.00219428442832
EACH_TAG_SCORE:
	image:0.000593577726748
	table:0.00071351812878
	graph:0.000351250468919
	flow:0.00053593810387
PARA:
Clueword:
	転用:[0.0009,0.0004,0.0001,0.0000]
	よる:[0.0024,0.0030,0.0030,0.0025]
	できる:[0.0044,0.0045,0.0022,0.0015]
	確認:[0.0005,0.0008,0.0010,0.0000]
	費用:[0.0004,0.0002,0.0003,0.0009]
	負担:[0.0000,0.0000,0.0000,0.0000]
	区分:[0.0011,0.0000,0.0001,0.0000]
	しかも:[0.0000,0.0000,0.0000,0.0000]
	れる:[0.0087,0.0086,0.0069,0.0045]
	みる:[0.0011,0.0014,0.0005,0.0011]
	なる:[0.0107,0.0090,0.0073,0.0068]
	する:[0.0377,0.0379,0.0453,0.0180]
	いる:[0.0124,0.0129,0.0079,0.0099]
	要する:[0.0001,0.0000,0.0001,0.0001]
	必要だ:[0.0023,0.0013,0.0019,0.0006]
	手間:[0.0000,0.0000,0.0000,0.0000]
	こと:[0.0097,0.0093,0.0086,0.0051]
	役割:[0.0001,0.0000,0.0000,0.0000]
	買主:[0.0001,0.0003,0.0005,0.0000]
	つく:[0.0013,0.0015,0.0009,0.0004]
	ほとんど:[0.0006,0.0007,0.0001,0.0018]
	重要だ:[0.0007,0.0004,0.0000,0.0004]
	ヶ月:[0.0001,0.0000,0.0001,0.0000]
	まとめる:[0.0001,0.0002,0.0001,0.0002]
	売主:[0.0000,0.0001,0.0001,0.0000]
	以外:[0.0017,0.0016,0.0001,0.0001]
	場合:[0.0353,0.0044,0.0023,0.0045]
	習慣:[0.0000,0.0001,0.0000,0.0002]
	価格:[0.0005,0.0003,0.0005,0.0006]
	委員:[0.0001,0.0002,0.0005,0.0000]
	ます:[0.0228,0.0269,0.0224,0.0150]
	たい:[0.0012,0.0013,0.0014,0.0010]
	農地:[0.0018,0.0008,0.0011,0.0007]
	定める:[0.0002,0.0000,0.0000,0.0002]
	異なる:[0.0019,0.0007,0.0002,0.0001]
	また:[0.0013,0.0021,0.0018,0.0011]
	のだ:[0.0071,0.0068,0.0053,0.0039]
	から:[0.0057,0.0058,0.0057,0.0033]
	登記:[0.0000,0.0004,0.0009,0.0000]
	確実だ:[0.0000,0.0001,0.0001,0.0000]
	可能だ:[0.0009,0.0006,0.0008,0.0009]
	契約:[0.0009,0.0009,0.0028,0.0000]
	法律:[0.0004,0.0003,0.0001,0.0000]
	まで:[0.0020,0.0014,0.0016,0.0015]
	許可:[0.0009,0.0007,0.0019,0.0000]
	どう:[0.0005,0.0006,0.0004,0.0003]
	程度:[0.0014,0.0010,0.0007,0.0018]
	られる:[0.0026,0.0025,0.0012,0.0015]
	ある:[0.0113,0.0103,0.0051,0.0037]
	時間:[0.0010,0.0004,0.0003,0.0010]
	かける:[0.0005,0.0008,0.0007,0.0003]
	規制:[0.0001,0.0000,0.0000,0.0000]
	ため:[0.0030,0.0032,0.0027,0.0024]
	持つ:[0.0008,0.0007,0.0014,0.0001]
	売買:[0.0006,0.0010,0.0018,0.0004]
	届出:[0.0000,0.0000,0.0001,0.0000]
	知る:[0.0007,0.0006,0.0002,0.0007]
	買い手:[0.0002,0.0001,0.0004,0.0002]
	発生:[0.0006,0.0007,0.0008,0.0007]
	農業:[0.0005,0.0002,0.0005,0.0005]
False-Positive

Section:3
	Ｆｌａｇ：：００００
	農地を売却する場合、宅地など農地以外へ転用できる農地と、農地として利用しなくてはならない農地では、買い手も異なり手続きも変わってきます。
	農地の売買で、知っておくべきことをまとめました。
	農地は用途が耕作と決まっており、農家や農業参入者以外は買うことができません。
	ただし、この制限は“農地”であって、“元は農地”なら誰にでも売ることができます。
	つまり、農地を農地以外にしてしまえば、買い手が農家や農業参入者に制限されないということで、農地以外にできるかどうかが１つの分かれ目です。
Score:0.00206542232755
EACH_TAG_SCORE:
	image:0.000551915150856
	table:0.000697847000733
	graph:0.000321594760807
	flow:0.000494065415151
PARA:
Clueword:
	転用:[0.0009,0.0004,0.0001,0.0000]
	利用:[0.0010,0.0003,0.0000,0.0002]
	おく:[0.0014,0.0010,0.0010,0.0012]
	できる:[0.0044,0.0045,0.0022,0.0015]
	買う:[0.0002,0.0001,0.0006,0.0004]
	農家:[0.0000,0.0000,0.0000,0.0000]
	れる:[0.0087,0.0086,0.0069,0.0045]
	しまう:[0.0018,0.0022,0.0024,0.0012]
	なら:[0.0020,0.0011,0.0003,0.0013]
	なる:[0.0107,0.0090,0.0073,0.0068]
	決まる:[0.0001,0.0000,0.0000,0.0001]
	する:[0.0377,0.0379,0.0453,0.0180]
	こと:[0.0097,0.0093,0.0086,0.0051]
	この:[0.0023,0.0031,0.0023,0.0014]
	知る:[0.0007,0.0006,0.0002,0.0007]
	まとめる:[0.0001,0.0002,0.0001,0.0002]
	用途:[0.0007,0.0001,0.0000,0.0000]
	制限:[0.0003,0.0001,0.0000,0.0000]
	変わる:[0.0005,0.0003,0.0003,0.0005]
	以外:[0.0017,0.0016,0.0001,0.0001]
	宅地:[0.0002,0.0001,0.0003,0.0000]
	べし:[0.0001,0.0003,0.0000,0.0001]
	分かれ目:[0.0000,0.0004,0.0000,0.0000]
	いう:[0.0059,0.0048,0.0034,0.0042]
	どう:[0.0005,0.0006,0.0004,0.0003]
	場合:[0.0353,0.0044,0.0023,0.0045]
	ただし:[0.0006,0.0003,0.0000,0.0000]
	くる:[0.0012,0.0016,0.0007,0.0011]
	異なる:[0.0019,0.0007,0.0002,0.0001]
	手続き:[0.0000,0.0000,0.0013,0.0000]
	売却:[0.0010,0.0005,0.0014,0.0000]
	ます:[0.0228,0.0269,0.0224,0.0150]
	など:[0.0054,0.0053,0.0021,0.0019]
	おる:[0.0001,0.0006,0.0000,0.0003]
	農地:[0.0018,0.0008,0.0011,0.0007]
	売る:[0.0001,0.0003,0.0010,0.0007]
	売買:[0.0006,0.0010,0.0018,0.0004]
	買い手:[0.0002,0.0001,0.0004,0.0002]
	でも:[0.0029,0.0018,0.0004,0.0017]
	ない:[0.0105,0.0083,0.0076,0.0061]
	農業:[0.0005,0.0002,0.0005,0.0005]
	つまり:[0.0002,0.0004,0.0000,0.0002]
False-Positive

Section:16
	Ｆｌａｇ：：００００
	農業委員会で不許可になった場合
	売買許可または転用許可は、必ずしも許可されるとは限らないため、農地の売買契約書では、不許可になった場合の条項も定めておきます。
	不許可になった場合は、売買契約が許可を前提としている性質上、当事者からの申し入れがなくても、当然に売買契約が失効して違約金も通常発生しません。
	手付金においても、不許可であればそのまま返還される、いわゆる白紙解除です。
	ただし、不許可を理由としない一方の都合による解約では、一般的な不動産取引と同様に、買主の手付金放棄または売主の手付金倍返しになります。
Score:0.00192915966464
EACH_TAG_SCORE:
	image:0.000497572431376
	table:0.000638759425838
	graph:0.000310247686849
	flow:0.000482580120577
PARA:
Clueword:
	そのまま:[0.0000,0.0002,0.0010,0.0001]
	転用:[0.0009,0.0004,0.0001,0.0000]
	れる:[0.0087,0.0086,0.0069,0.0045]
	よる:[0.0024,0.0030,0.0030,0.0025]
	おく:[0.0014,0.0010,0.0010,0.0012]
	取引:[0.0001,0.0003,0.0003,0.0005]
	一般:[0.0009,0.0006,0.0006,0.0000]
	不動産:[0.0005,0.0006,0.0014,0.0000]
	なる:[0.0107,0.0090,0.0073,0.0068]
	する:[0.0377,0.0379,0.0453,0.0180]
	または:[0.0006,0.0007,0.0008,0.0001]
	いる:[0.0124,0.0129,0.0079,0.0099]
	必ずしも:[0.0001,0.0001,0.0000,0.0000]
	買主:[0.0001,0.0003,0.0005,0.0000]
	性質:[0.0011,0.0001,0.0000,0.0001]
	いわゆる:[0.0001,0.0000,0.0000,0.0001]
	前提:[0.0000,0.0001,0.0001,0.0000]
	限る:[0.0002,0.0001,0.0000,0.0004]
	農業:[0.0005,0.0002,0.0005,0.0005]
	当然だ:[0.0000,0.0000,0.0000,0.0000]
	的だ:[0.0049,0.0028,0.0019,0.0013]
	場合:[0.0353,0.0044,0.0023,0.0045]
	同様だ:[0.0003,0.0003,0.0003,0.0000]
	売主:[0.0000,0.0001,0.0001,0.0000]
	委員:[0.0001,0.0002,0.0005,0.0000]
	ます:[0.0228,0.0269,0.0224,0.0150]
	農地:[0.0018,0.0008,0.0011,0.0007]
	定める:[0.0002,0.0000,0.0000,0.0002]
	から:[0.0057,0.0058,0.0057,0.0033]
	当事:[0.0000,0.0000,0.0000,0.0000]
	契約:[0.0009,0.0009,0.0028,0.0000]
	違約:[0.0000,0.0000,0.0001,0.0000]
	一方:[0.0034,0.0002,0.0001,0.0026]
	都合:[0.0000,0.0000,0.0000,0.0000]
	許可:[0.0009,0.0007,0.0019,0.0000]
	理由:[0.0005,0.0003,0.0001,0.0006]
	ただし:[0.0006,0.0003,0.0000,0.0000]
	ため:[0.0030,0.0032,0.0027,0.0024]
	売買:[0.0006,0.0010,0.0018,0.0004]
	条項:[0.0000,0.0000,0.0001,0.0000]
	発生:[0.0006,0.0007,0.0008,0.0007]
	通常:[0.0003,0.0003,0.0003,0.0006]
	ない:[0.0105,0.0083,0.0076,0.0061]
False-Positive

Section:4
	Ｆｌａｇ：：０１００
	農地を農地以外にするための条件
	農地から農地以外の土地に変更することを転用と呼び、残念ながら転用はすべての農地で可能になっていません。
	許可されるかどうかは、「立地基準」と「一般基準」という２つの基準が関係します。
	「立地基準」とは、農地の区分で許可・不許可を決めるもので、優良で大規模な農地ほど許可されず、市街地に近いほど許可されやすくなります。
	農用地区域内農地：原則不許可
	甲種農地：原則不許可
	第１種農地：原則不許可
	第２種農地：周辺の他の土地に代えられなければ許可
	第３種農地：原則許可
	立地基準から、第２種農地と第３種農地以外は原則不許可で望み薄です。
Score:0.00178879005162
EACH_TAG_SCORE:
	image:0.000508611604659
	table:0.000548434775719
	graph:0.000287071786324
	flow:0.000444671884919
PARA:
Clueword:
	呼ぶ:[0.0011,0.0007,0.0003,0.0000]
	周辺:[0.0001,0.0000,0.0000,0.0000]
	変更:[0.0002,0.0001,0.0000,0.0000]
	転用:[0.0009,0.0004,0.0001,0.0000]
	条件:[0.0063,0.0007,0.0006,0.0001]
	望む:[0.0000,0.0000,0.0000,0.0000]
	区分:[0.0011,0.0000,0.0001,0.0000]
	れる:[0.0087,0.0086,0.0069,0.0045]
	一般:[0.0009,0.0006,0.0006,0.0000]
	なる:[0.0107,0.0090,0.0073,0.0068]
	する:[0.0377,0.0379,0.0453,0.0180]
	いる:[0.0124,0.0129,0.0079,0.0099]
	こと:[0.0097,0.0093,0.0086,0.0051]
	原則:[0.0002,0.0000,0.0000,0.0000]
	残念だ:[0.0000,0.0000,0.0000,0.0002]
	もの:[0.0026,0.0031,0.0015,0.0008]
	立地:[0.0001,0.0000,0.0000,0.0000]
	近い:[0.0004,0.0012,0.0000,0.0003]
	以外:[0.0017,0.0016,0.0001,0.0001]
	決める:[0.0004,0.0001,0.0004,0.0001]
	いう:[0.0059,0.0048,0.0034,0.0042]
	優良だ:[0.0000,0.0000,0.0000,0.0002]
	ます:[0.0228,0.0269,0.0224,0.0150]
	農地:[0.0018,0.0008,0.0011,0.0007]
	関係:[0.0030,0.0039,0.0003,0.0010]
	から:[0.0057,0.0058,0.0057,0.0033]
	代える:[0.0000,0.0000,0.0000,0.0000]
	土地:[0.0002,0.0001,0.0004,0.0000]
	可能だ:[0.0009,0.0006,0.0008,0.0009]
	農用:[0.0001,0.0000,0.0000,0.0000]
	許可:[0.0009,0.0007,0.0019,0.0000]
	どう:[0.0005,0.0006,0.0004,0.0003]
	られる:[0.0026,0.0025,0.0012,0.0015]
	規模:[0.0002,0.0002,0.0000,0.0003]
	やすい:[0.0028,0.0023,0.0011,0.0006]
	市街:[0.0003,0.0000,0.0000,0.0000]
	ほど:[0.0009,0.0005,0.0000,0.0003]
	ながら:[0.0001,0.0005,0.0010,0.0005]
	ため:[0.0030,0.0032,0.0027,0.0024]
	すべて:[0.0004,0.0008,0.0002,0.0006]
	区域:[0.0006,0.0000,0.0000,0.0000]
	ない:[0.0105,0.0083,0.0076,0.0061]
	基準:[0.0017,0.0001,0.0002,0.0002]
True-Positive

Section:8
	Ｆｌａｇ：：００００
	それほど農地は守るべき土地であり、食料という不可欠な物を生み出す用地を、無駄に失わせないという意図があるのです。
Score:0.00178039099553
EACH_TAG_SCORE:
	image:0.000509059198116
	table:0.000571632325601
	graph:0.000302979402454
	flow:0.000396720069356
PARA:
Clueword:
	食料:[0.0000,0.0000,0.0000,0.0002]
	いう:[0.0059,0.0048,0.0034,0.0042]
	ある:[0.0113,0.0103,0.0051,0.0037]
	守る:[0.0001,0.0000,0.0000,0.0002]
	それほど:[0.0001,0.0000,0.0000,0.0000]
	無駄だ:[0.0000,0.0000,0.0000,0.0002]
	失う:[0.0000,0.0001,0.0000,0.0000]
	せる:[0.0005,0.0017,0.0029,0.0006]
	意図:[0.0000,0.0001,0.0000,0.0000]
	生む:[0.0001,0.0001,0.0001,0.0002]
	農地:[0.0018,0.0008,0.0011,0.0007]
	のだ:[0.0071,0.0068,0.0053,0.0039]
	土地:[0.0002,0.0001,0.0004,0.0000]
	出す:[0.0007,0.0007,0.0006,0.0003]
	ない:[0.0105,0.0083,0.0076,0.0061]
	べし:[0.0001,0.0003,0.0000,0.0001]
False-Positive

Section:19
	Ｆｌａｇ：：１０００
	農地売買の手数料
	農地として売る場合、個人間売買や農業関連機関の斡旋（あっせん）を利用する形態が主で、手数料は登記費用（登録免許税や司法書士報酬）くらいしか発生しません。
	転用による売買では、不動産会社に仲介依頼して売買できるので、登記費用の他にも不動産会社に対して仲介手数料を支払います。
	転用による売買では、転用前提であることを明示すれば、転用許可後に地目変更できるので、農地であっても宅地や雑種地同様に買いやすく、広く買主を探せます。
	したがって、売買価格も農地のまま売るよりも高くなることが想定され、不動産会社への仲介手数料も多くなります。
Score:0.00175598094262
EACH_TAG_SCORE:
	image:0.000450679997297
	table:0.000574046689962
	graph:0.000298245098946
	flow:0.000433009156409
PARA:
Clueword:
	司法書士:[0.0000,0.0000,0.0000,0.0000]
	くらい:[0.0006,0.0003,0.0010,0.0001]
	想定:[0.0000,0.0000,0.0001,0.0001]
	しか:[0.0006,0.0006,0.0000,0.0011]
	したがって:[0.0000,0.0001,0.0000,0.0000]
	より:[0.0021,0.0013,0.0003,0.0013]
	利用:[0.0010,0.0003,0.0000,0.0002]
	多い:[0.0030,0.0023,0.0006,0.0031]
	雑種:[0.0000,0.0000,0.0000,0.0000]
	できる:[0.0044,0.0045,0.0022,0.0015]
	買う:[0.0002,0.0001,0.0006,0.0004]
	変更:[0.0002,0.0001,0.0000,0.0000]
	不動産:[0.0005,0.0006,0.0014,0.0000]
	なる:[0.0107,0.0090,0.0073,0.0068]
	報酬:[0.0001,0.0001,0.0001,0.0000]
	する:[0.0377,0.0379,0.0453,0.0180]
	関連:[0.0000,0.0000,0.0000,0.0003]
	転用:[0.0009,0.0004,0.0001,0.0000]
	こと:[0.0097,0.0093,0.0086,0.0051]
	手数:[0.0002,0.0002,0.0003,0.0000]
	費用:[0.0004,0.0002,0.0003,0.0009]
	買主:[0.0001,0.0003,0.0005,0.0000]
	よる:[0.0024,0.0030,0.0030,0.0025]
	斡旋:[0.0000,0.0001,0.0000,0.0000]
	前提:[0.0000,0.0001,0.0001,0.0000]
	宅地:[0.0002,0.0001,0.0003,0.0000]
	探せる:[0.0000,0.0000,0.0000,0.0000]
	登録:[0.0002,0.0001,0.0004,0.0000]
	まま:[0.0003,0.0002,0.0001,0.0002]
	支払う:[0.0001,0.0001,0.0003,0.0001]
	広い:[0.0002,0.0004,0.0001,0.0002]
	明示:[0.0000,0.0000,0.0000,0.0000]
	主だ:[0.0005,0.0004,0.0000,0.0000]
	免許:[0.0001,0.0001,0.0001,0.0000]
	場合:[0.0353,0.0044,0.0023,0.0045]
	同様だ:[0.0003,0.0003,0.0003,0.0000]
	価格:[0.0005,0.0003,0.0005,0.0006]
	仲介:[0.0003,0.0003,0.0005,0.0000]
	ます:[0.0228,0.0269,0.0224,0.0150]
	農地:[0.0018,0.0008,0.0011,0.0007]
	のだ:[0.0071,0.0068,0.0053,0.0039]
	依頼:[0.0002,0.0001,0.0003,0.0000]
	登記:[0.0000,0.0004,0.0009,0.0000]
	許可:[0.0009,0.0007,0.0019,0.0000]
	対する:[0.0008,0.0005,0.0003,0.0000]
	高い:[0.0015,0.0007,0.0005,0.0100]
	個人:[0.0004,0.0001,0.0004,0.0002]
	れる:[0.0087,0.0086,0.0069,0.0045]
	売る:[0.0001,0.0003,0.0010,0.0007]
	売買:[0.0006,0.0010,0.0018,0.0004]
	あっする:[0.0000,0.0000,0.0000,0.0000]
	形態:[0.0001,0.0001,0.0000,0.0000]
	会社:[0.0013,0.0008,0.0013,0.0008]
	発生:[0.0006,0.0007,0.0008,0.0007]
	やすい:[0.0028,0.0023,0.0011,0.0006]
	農業:[0.0005,0.0002,0.0005,0.0005]
	機関:[0.0001,0.0001,0.0001,0.0001]
True-Positive

Section:7
	Ｆｌａｇ：：１０００
	農地を売買するからには、利用目的の主体が買主にあるため、売買での転用許可申請は、売主と買主の両方が申請者になり、おおむね次のような基準で判断されます。
	申請目的を実現できる資力や信用がある
	転用する農地の関係権利者から同意を得ている
	転用許可後速やかに申請目的のために使う見込みがある
	許認可が必要な事業で許認可を受けられる見込みがある
	事業のために必要な協議を行政と行っている
	転用する農地と一体に使用する土地を利用できる見込みがある
	事業の目的に適正な広さの農地である
	周囲の農地等への影響に適切な措置を講じる見込みがある
	一時的な転用では農地に戻されることが確実と認められる
	これらの条件から、「きちんと使えないなら転用させません」と分かります。
Score:0.00172957147602
EACH_TAG_SCORE:
	image:0.00049822790266
	table:0.000524059541657
	graph:0.000265182583594
	flow:0.000442101448109
PARA:
Clueword:
	転用:[0.0009,0.0004,0.0001,0.0000]
	申請:[0.0002,0.0002,0.0004,0.0001]
	利用:[0.0010,0.0003,0.0000,0.0002]
	措置:[0.0000,0.0000,0.0000,0.0000]
	講じる:[0.0000,0.0000,0.0000,0.0000]
	条件:[0.0063,0.0007,0.0006,0.0001]
	できる:[0.0044,0.0045,0.0022,0.0015]
	速やかだ:[0.0000,0.0001,0.0000,0.0000]
	同意:[0.0000,0.0000,0.0000,0.0000]
	れる:[0.0087,0.0086,0.0069,0.0045]
	受ける:[0.0004,0.0001,0.0002,0.0002]
	なら:[0.0020,0.0011,0.0003,0.0013]
	なる:[0.0107,0.0090,0.0073,0.0068]
	する:[0.0377,0.0379,0.0453,0.0180]
	分かる:[0.0002,0.0002,0.0001,0.0002]
	いる:[0.0124,0.0129,0.0079,0.0099]
	信用:[0.0000,0.0001,0.0000,0.0002]
	これ:[0.0015,0.0020,0.0024,0.0011]
	一体:[0.0000,0.0001,0.0000,0.0000]
	こと:[0.0097,0.0093,0.0086,0.0051]
	協議:[0.0000,0.0000,0.0000,0.0000]
	おおむね:[0.0005,0.0004,0.0000,0.0000]
	使える:[0.0007,0.0004,0.0001,0.0000]
	資力:[0.0000,0.0000,0.0000,0.0000]
	適切だ:[0.0000,0.0001,0.0001,0.0001]
	得る:[0.0003,0.0002,0.0002,0.0002]
	事業:[0.0000,0.0003,0.0000,0.0000]
	広い:[0.0002,0.0004,0.0001,0.0002]
	からに:[0.0000,0.0000,0.0000,0.0000]
	使用:[0.0008,0.0008,0.0013,0.0000]
	両方:[0.0004,0.0002,0.0000,0.0000]
	売主:[0.0000,0.0001,0.0001,0.0000]
	主体:[0.0001,0.0000,0.0000,0.0000]
	ます:[0.0228,0.0269,0.0224,0.0150]
	一時的だ:[0.0000,0.0001,0.0000,0.0003]
	農地:[0.0018,0.0008,0.0011,0.0007]
	関係:[0.0030,0.0039,0.0003,0.0010]
	行く:[0.0006,0.0004,0.0002,0.0002]
	から:[0.0057,0.0058,0.0057,0.0033]
	適正だ:[0.0000,0.0000,0.0000,0.0000]
	土地:[0.0002,0.0001,0.0004,0.0000]
	確実だ:[0.0000,0.0001,0.0001,0.0000]
	周囲:[0.0000,0.0000,0.0000,0.0000]
	必要だ:[0.0023,0.0013,0.0019,0.0006]
	認める:[0.0004,0.0001,0.0001,0.0000]
	許可:[0.0009,0.0007,0.0019,0.0000]
	判断:[0.0006,0.0007,0.0001,0.0000]
	きちんと:[0.0000,0.0001,0.0000,0.0002]
	目的:[0.0008,0.0003,0.0001,0.0000]
	られる:[0.0026,0.0025,0.0012,0.0015]
	ある:[0.0113,0.0103,0.0051,0.0037]
	見込む:[0.0000,0.0002,0.0000,0.0001]
	ようだ:[0.0039,0.0045,0.0062,0.0016]
	せる:[0.0005,0.0017,0.0029,0.0006]
	行政:[0.0000,0.0000,0.0000,0.0001]
	ため:[0.0030,0.0032,0.0027,0.0024]
	実現:[0.0002,0.0001,0.0001,0.0001]
	売買:[0.0006,0.0010,0.0018,0.0004]
	影響:[0.0004,0.0006,0.0005,0.0007]
	買主:[0.0001,0.0003,0.0005,0.0000]
	許認可:[0.0000,0.0001,0.0000,0.0000]
	ない:[0.0105,0.0083,0.0076,0.0061]
	使う:[0.0028,0.0024,0.0010,0.0006]
	基準:[0.0017,0.0001,0.0002,0.0002]
	権利:[0.0001,0.0001,0.0001,0.0000]
	戻す:[0.0001,0.0002,0.0003,0.0001]
True-Positive

Section:14
	Ｆｌａｇ：：００００
	農地の査定について
	後で述べるように、農地を農地のまま売買する場合は、農業関連機関を介して行うか、個人間で売買することが多くなっています。
	不動産会社も上記の通り、手数料が安い上に買い手が限られ、さらに手間も多いとなれば、積極的に取り扱いたい案件ではないでしょう。
	ただ、転用を前提とすれば話は違います。
	農地は一般的に広大であるため、場所によってはそのような広大な土地を探すことも難しく、マンション需要などで求められることがあります。
	（実際、私の実家の近くでは、１年ほど前に遊休農地にマンションが建ちました）
	農地売買に必要な手続きと手数料
	農地売買では、農地として売るか農地以外で売るかによって必要な手続きは異なり、いずれにしても農業委員会から許可を得なくてはなりません。
	どちらも売買の流れとして大きく変わりないですが、許可なくされた売買は無効になることから、通常の不動産売買とは少し流れが違います。
Score:0.00163101535973
EACH_TAG_SCORE:
	image:0.000439442033468
	table:0.000531026267152
	graph:0.000259907820231
	flow:0.00040063923888
PARA:
Clueword:
	だろう:[0.0010,0.0005,0.0000,0.0003]
	建つ:[0.0000,0.0000,0.0000,0.0000]
	転用:[0.0009,0.0004,0.0001,0.0000]
	無効だ:[0.0000,0.0001,0.0000,0.0000]
	よる:[0.0024,0.0030,0.0030,0.0025]
	需要:[0.0000,0.0000,0.0000,0.0009]
	です:[0.0011,0.0009,0.0005,0.0006]
	実際:[0.0001,0.0003,0.0004,0.0007]
	安い:[0.0006,0.0001,0.0000,0.0003]
	大きい:[0.0011,0.0018,0.0014,0.0029]
	そのような:[0.0000,0.0001,0.0000,0.0000]
	以外:[0.0017,0.0016,0.0001,0.0001]
	案件:[0.0002,0.0000,0.0001,0.0001]
	れる:[0.0087,0.0086,0.0069,0.0045]
	一般:[0.0009,0.0006,0.0006,0.0000]
	いずれ:[0.0000,0.0001,0.0001,0.0001]
	場所:[0.0005,0.0004,0.0000,0.0000]
	不動産:[0.0005,0.0006,0.0014,0.0000]
	なる:[0.0107,0.0090,0.0073,0.0068]
	探す:[0.0003,0.0001,0.0001,0.0000]
	ただ:[0.0004,0.0000,0.0002,0.0003]
	する:[0.0377,0.0379,0.0453,0.0180]
	いる:[0.0124,0.0129,0.0079,0.0099]
	通り:[0.0003,0.0002,0.0004,0.0002]
	関連:[0.0000,0.0000,0.0000,0.0003]
	必要だ:[0.0023,0.0013,0.0019,0.0006]
	さらに:[0.0005,0.0007,0.0031,0.0007]
	こと:[0.0097,0.0093,0.0086,0.0051]
	つく:[0.0013,0.0015,0.0009,0.0004]
	流れる:[0.0002,0.0004,0.0007,0.0001]
	変わる:[0.0005,0.0003,0.0003,0.0005]
	前提:[0.0000,0.0001,0.0001,0.0000]
	限る:[0.0002,0.0001,0.0000,0.0004]
	マンション:[0.0000,0.0000,0.0000,0.0000]
	近く:[0.0002,0.0005,0.0001,0.0000]
	上記:[0.0005,0.0012,0.0000,0.0000]
	まま:[0.0003,0.0002,0.0001,0.0002]
	多い:[0.0030,0.0023,0.0006,0.0031]
	得る:[0.0003,0.0002,0.0002,0.0002]
	場合:[0.0353,0.0044,0.0023,0.0045]
	求める:[0.0001,0.0001,0.0001,0.0000]
	委員:[0.0001,0.0002,0.0005,0.0000]
	行う:[0.0007,0.0006,0.0022,0.0001]
	ます:[0.0228,0.0269,0.0224,0.0150]
	たい:[0.0012,0.0013,0.0014,0.0010]
	農地:[0.0018,0.0008,0.0011,0.0007]
	異なる:[0.0019,0.0007,0.0002,0.0001]
	査定:[0.0000,0.0000,0.0001,0.0000]
	から:[0.0057,0.0058,0.0057,0.0033]
	土地:[0.0002,0.0001,0.0004,0.0000]
	手間:[0.0000,0.0000,0.0000,0.0000]
	述べる:[0.0001,0.0000,0.0000,0.0000]
	取り扱う:[0.0001,0.0001,0.0000,0.0000]
	手続き:[0.0000,0.0000,0.0013,0.0000]
	許可:[0.0009,0.0007,0.0019,0.0000]
	どちら:[0.0004,0.0003,0.0004,0.0000]
	られる:[0.0026,0.0025,0.0012,0.0015]
	ある:[0.0113,0.0103,0.0051,0.0037]
	積極:[0.0001,0.0001,0.0000,0.0000]
	など:[0.0054,0.0053,0.0021,0.0019]
	ようだ:[0.0039,0.0045,0.0062,0.0016]
	個人:[0.0004,0.0001,0.0004,0.0002]
	ほど:[0.0009,0.0005,0.0000,0.0003]
	ため:[0.0030,0.0032,0.0027,0.0024]
	売る:[0.0001,0.0003,0.0010,0.0007]
	売買:[0.0006,0.0010,0.0018,0.0004]
	少し:[0.0005,0.0010,0.0006,0.0002]
	買い手:[0.0002,0.0001,0.0004,0.0002]
	的だ:[0.0049,0.0028,0.0019,0.0013]
	難しい:[0.0003,0.0005,0.0001,0.0002]
	会社:[0.0013,0.0008,0.0013,0.0008]
	手数:[0.0002,0.0002,0.0003,0.0000]
	通常:[0.0003,0.0003,0.0003,0.0006]
	ない:[0.0105,0.0083,0.0076,0.0061]
	農業:[0.0005,0.0002,0.0005,0.0005]
	違う:[0.0011,0.0009,0.0003,0.0008]
	機関:[0.0001,0.0001,0.0001,0.0001]
False-Positive

Section:17
	Ｆｌａｇ：：０１００
	転用して売買する場合の注意点
	農地転用には２種類あります。
	農地の所有者が自ら農地以外の用途で使用する目的
	他者への売買を目的
	農地の所有者が自ら使用するための転用は、農地法４条による転用許可で、売買が目的の農地法５条による転用許可とは扱いが異なります。
	ただ、最終的に他者へ売却するのなら、２つの違いは転用のタイミングに過ぎません。
	先に転用してから売却するか、売却と同時に転用するかという違いです。
	転用はどちらが先でも同じように思えますが、転用許可の制度上、単に転用する許可申請は認められず、転用後の事業計画を必要とします。
	例えば、「とりあえず農地から宅地や雑種地にしておき、後から買主が現れるまで待つ」というような転用許可申請は認められません。
Score:0.00157582615369
EACH_TAG_SCORE:
	image:0.000413067778045
	table:0.000560601551256
	graph:0.000223031048636
	flow:0.000379125775755
PARA:
Clueword:
	他者:[0.0001,0.0000,0.0000,0.0000]
	転用:[0.0009,0.0004,0.0001,0.0000]
	申請:[0.0002,0.0002,0.0004,0.0001]
	よる:[0.0024,0.0030,0.0030,0.0025]
	同じだ:[0.0013,0.0010,0.0005,0.0009]
	雑種:[0.0000,0.0000,0.0000,0.0000]
	売却:[0.0010,0.0005,0.0014,0.0000]
	計画:[0.0002,0.0001,0.0046,0.0004]
	以外:[0.0017,0.0016,0.0001,0.0001]
	最終だ:[0.0000,0.0000,0.0000,0.0000]
	待つ:[0.0003,0.0003,0.0002,0.0001]
	なら:[0.0020,0.0011,0.0003,0.0013]
	自ら:[0.0002,0.0000,0.0000,0.0000]
	する:[0.0377,0.0379,0.0453,0.0180]
	単に:[0.0001,0.0000,0.0000,0.0000]
	例えば:[0.0008,0.0052,0.0003,0.0003]
	られる:[0.0026,0.0025,0.0012,0.0015]
	思える:[0.0002,0.0000,0.0000,0.0000]
	種類:[0.0166,0.0024,0.0001,0.0004]
	扱う:[0.0001,0.0001,0.0001,0.0000]
	買主:[0.0001,0.0003,0.0005,0.0000]
	用途:[0.0007,0.0001,0.0000,0.0000]
	おく:[0.0014,0.0010,0.0010,0.0012]
	ただ:[0.0004,0.0000,0.0002,0.0003]
	現れる:[0.0004,0.0002,0.0003,0.0000]
	制度:[0.0002,0.0000,0.0000,0.0000]
	いう:[0.0059,0.0048,0.0034,0.0042]
	事業:[0.0000,0.0003,0.0000,0.0000]
	的だ:[0.0049,0.0028,0.0019,0.0013]
	場合:[0.0353,0.0044,0.0023,0.0045]
	使用:[0.0008,0.0008,0.0013,0.0000]
	タイミング:[0.0006,0.0000,0.0000,0.0018]
	まで:[0.0020,0.0014,0.0016,0.0015]
	ます:[0.0228,0.0269,0.0224,0.0150]
	農地:[0.0018,0.0008,0.0011,0.0007]
	異なる:[0.0019,0.0007,0.0002,0.0001]
	のだ:[0.0071,0.0068,0.0053,0.0039]
	から:[0.0057,0.0058,0.0057,0.0033]
	注意:[0.0003,0.0008,0.0007,0.0005]
	必要だ:[0.0023,0.0013,0.0019,0.0006]
	認める:[0.0004,0.0001,0.0001,0.0000]
	許可:[0.0009,0.0007,0.0019,0.0000]
	とりあえず:[0.0000,0.0000,0.0000,0.0000]
	どちら:[0.0004,0.0003,0.0004,0.0000]
	所有:[0.0002,0.0003,0.0009,0.0000]
	目的:[0.0008,0.0003,0.0001,0.0000]
	ある:[0.0113,0.0103,0.0051,0.0037]
	ようだ:[0.0039,0.0045,0.0062,0.0016]
	同時に:[0.0001,0.0001,0.0005,0.0000]
	ため:[0.0030,0.0032,0.0027,0.0024]
	売買:[0.0006,0.0010,0.0018,0.0004]
	過ぎる:[0.0003,0.0003,0.0001,0.0002]
	宅地:[0.0002,0.0001,0.0003,0.0000]
	でも:[0.0029,0.0018,0.0004,0.0017]
	違う:[0.0011,0.0009,0.0003,0.0008]
True-Positive

Section:2
	Ｆｌａｇ：：００１０
	食料自給率がカロリーベースで４０％程度しかなく、国土面積も小さい日本では、優良な農地の確保は優先事項だからです。
Score:0.00155943033707
EACH_TAG_SCORE:
	image:0.000285114665274
	table:0.000337238896787
	graph:0.000694025369817
	flow:0.000243051405187
PARA:
Clueword:
	日本:[0.0009,0.0006,0.0009,0.0017]
	％:[0.0004,0.0000,0.0000,0.0259]
	程度:[0.0014,0.0010,0.0007,0.0018]
	しか:[0.0006,0.0006,0.0000,0.0011]
	優良だ:[0.0000,0.0000,0.0000,0.0002]
	小さい:[0.0006,0.0014,0.0001,0.0026]
	自給:[0.0000,0.0000,0.0000,0.0002]
	ベース:[0.0000,0.0001,0.0001,0.0003]
	農地:[0.0018,0.0008,0.0011,0.0007]
	食料:[0.0000,0.0000,0.0000,0.0002]
	事項:[0.0003,0.0004,0.0000,0.0002]
	面積:[0.0000,0.0000,0.0000,0.0002]
	国土:[0.0000,0.0000,0.0000,0.0006]
	カロリー:[0.0000,0.0000,0.0000,0.0007]
	確保:[0.0001,0.0000,0.0000,0.0004]
	優先:[0.0000,0.0000,0.0000,0.0002]
	ない:[0.0105,0.0083,0.0076,0.0061]
	から:[0.0057,0.0058,0.0057,0.0033]
True-Positive

Section:15
	Ｆｌａｇ：：１００１
	農地売買の大まかな流れ
	どのような農地売買でも、売買契約は農業委員会の許可を前提として締結されます。
	農地として売るなら農地法第３条による売買（所有権移転）許可、農地以外で売るなら農地法第５条による転用許可です（届出の場合もあります）。
	農地売買では、通常の不動産取引ではあまりない、「仮登記」を行うのが通常です。
	許可を条件とした売買契約を締結
	農業委員会に許可申請
	許可前に所有権移転請求権仮登記
	許可後に代金支払いと所有権移転登記（本登記）
	２．の農業委員会への許可申請と３．の仮登記は、順番が前後することに問題はなく、どちらも売買契約締結後、遅滞なく行う条項を１．の売買契約書に盛り込みます。
	また、３．仮登記は売買契約の絶対条件ではないですが、４．の許可まで買主が所有権を得られないために、買主による将来の確実な所有権移転を保全する目的で行われます。
	許可されると農業委員会から許可指令書が交付され、許可指令書がなければ農地の所有権移転登記は受け付けてもらえません。
	許可のない違法な所有権移転を防ぐために、このような仕組みになっています。
Score:0.00129006822929
EACH_TAG_SCORE:
	image:0.000340174102178
	table:0.000417880646752
	graph:0.000204536525677
	flow:0.000327476954678
PARA:
Clueword:
	転用:[0.0009,0.0004,0.0001,0.0000]
	れる:[0.0087,0.0086,0.0069,0.0045]
	申請:[0.0002,0.0002,0.0004,0.0001]
	よる:[0.0024,0.0030,0.0030,0.0025]
	盛り込む:[0.0000,0.0000,0.0001,0.0000]
	取引:[0.0001,0.0003,0.0003,0.0005]
	条件:[0.0063,0.0007,0.0006,0.0001]
	絶対:[0.0000,0.0002,0.0004,0.0000]
	もらえる:[0.0001,0.0001,0.0001,0.0000]
	あまり:[0.0006,0.0002,0.0001,0.0000]
	遅滞:[0.0000,0.0000,0.0001,0.0000]
	前後:[0.0006,0.0011,0.0026,0.0047]
	です:[0.0011,0.0009,0.0005,0.0006]
	なら:[0.0020,0.0011,0.0003,0.0013]
	不動産:[0.0005,0.0006,0.0014,0.0000]
	なる:[0.0107,0.0090,0.0073,0.0068]
	受け付ける:[0.0000,0.0001,0.0001,0.0000]
	代金:[0.0000,0.0000,0.0001,0.0000]
	保全:[0.0000,0.0000,0.0001,0.0000]
	する:[0.0377,0.0379,0.0453,0.0180]
	防ぐ:[0.0001,0.0002,0.0003,0.0001]
	交付:[0.0000,0.0000,0.0001,0.0000]
	得る:[0.0003,0.0002,0.0002,0.0002]
	支払う:[0.0001,0.0001,0.0003,0.0001]
	買主:[0.0001,0.0003,0.0005,0.0000]
	問題:[0.0005,0.0008,0.0003,0.0003]
	流れる:[0.0002,0.0004,0.0007,0.0001]
	いる:[0.0124,0.0129,0.0079,0.0099]
	以外:[0.0017,0.0016,0.0001,0.0001]
	どのような:[0.0003,0.0004,0.0001,0.0000]
	このような:[0.0003,0.0003,0.0001,0.0003]
	場合:[0.0353,0.0044,0.0023,0.0045]
	委員:[0.0001,0.0002,0.0005,0.0000]
	行う:[0.0007,0.0006,0.0022,0.0001]
	ます:[0.0228,0.0269,0.0224,0.0150]
	農地:[0.0018,0.0008,0.0011,0.0007]
	届出:[0.0000,0.0000,0.0001,0.0000]
	また:[0.0013,0.0021,0.0018,0.0011]
	から:[0.0057,0.0058,0.0057,0.0033]
	登記:[0.0000,0.0004,0.0009,0.0000]
	締結:[0.0001,0.0002,0.0008,0.0000]
	確実だ:[0.0000,0.0001,0.0001,0.0000]
	仕組む:[0.0001,0.0002,0.0005,0.0000]
	指令:[0.0000,0.0001,0.0003,0.0000]
	契約:[0.0009,0.0009,0.0028,0.0000]
	まで:[0.0020,0.0014,0.0016,0.0015]
	許可:[0.0009,0.0007,0.0019,0.0000]
	前提:[0.0000,0.0001,0.0001,0.0000]
	将来:[0.0000,0.0001,0.0001,0.0001]
	どちら:[0.0004,0.0003,0.0004,0.0000]
	目的:[0.0008,0.0003,0.0001,0.0000]
	所有:[0.0002,0.0003,0.0009,0.0000]
	られる:[0.0026,0.0025,0.0012,0.0015]
	ある:[0.0113,0.0103,0.0051,0.0037]
	移転:[0.0000,0.0002,0.0008,0.0000]
	大まかだ:[0.0000,0.0000,0.0001,0.0000]
	違法だ:[0.0000,0.0000,0.0001,0.0000]
	ため:[0.0030,0.0032,0.0027,0.0024]
	売る:[0.0001,0.0003,0.0010,0.0007]
	請求:[0.0000,0.0000,0.0001,0.0000]
	売買:[0.0006,0.0010,0.0018,0.0004]
	条項:[0.0000,0.0000,0.0001,0.0000]
	こと:[0.0097,0.0093,0.0086,0.0051]
	通常:[0.0003,0.0003,0.0003,0.0006]
	でも:[0.0029,0.0018,0.0004,0.0017]
	ない:[0.0105,0.0083,0.0076,0.0061]
	農業:[0.0005,0.0002,0.0005,0.0005]
	順番:[0.0000,0.0000,0.0014,0.0000]
True-Positive

Section:11
	Ｆｌａｇ：：０１００
	標準的な営農水準における農地価格平均（１０アール：約１反）
	地域	田	畑
	純農業地域	１２７．０万円	９２．４万円
	都市的農業地域	３５８．９万円	３４６．７万円
	平成２７年田畑売買価格等に関する調査結果（平成２８年３月２１日発表）
	「純農業地域」とは、かんたんに言えば農村部（非線引き区域の農用地区域）で、「都市的農業地域」とは都市部周辺部（市街化調整区域の農用地区域）です。
	１０アールは１０００ｍ２で３０２．５坪ですから、価格の高い都市的農業地域でも、平均値で坪１万円強の世界です。
Score:0.000353073591393
EACH_TAG_SCORE:
	image:6.57120798191e-05
	table:0.000102116012237
	graph:0.000125395584419
	flow:5.98499149179e-05
PARA:
Clueword:
	周辺:[0.0001,0.0000,0.0000,0.0000]
	水準:[0.0000,0.0000,0.0002,0.0001]
	調整:[0.0002,0.0003,0.0000,0.0000]
	営農:[0.0000,0.0000,0.0000,0.0000]
	調査:[0.0001,0.0000,0.0000,0.0004]
	世界:[0.0007,0.0005,0.0008,0.0008]
	地域:[0.0008,0.0004,0.0000,0.0007]
	線引き:[0.0000,0.0000,0.0000,0.0000]
	おける:[0.0002,0.0000,0.0000,0.0004]
	結果:[0.0004,0.0004,0.0007,0.0011]
	かんたんだ:[0.0000,0.0000,0.0000,0.0000]
	でも:[0.0029,0.0018,0.0004,0.0017]
	発表:[0.0000,0.0001,0.0000,0.0002]
	平成:[0.0001,0.0000,0.0000,0.0004]
	的だ:[0.0049,0.0028,0.0019,0.0013]
	言う:[0.0010,0.0013,0.0005,0.0004]
	価格:[0.0005,0.0003,0.0005,0.0006]
	標準:[0.0000,0.0000,0.0002,0.0000]
	農地:[0.0018,0.0008,0.0011,0.0007]
	アール:[0.0001,0.0000,0.0000,0.0000]
	から:[0.0057,0.0058,0.0057,0.0033]
	都市:[0.0006,0.0000,0.0001,0.0002]
	農用:[0.0001,0.0000,0.0000,0.0000]
	田畑:[0.0001,0.0000,0.0000,0.0000]
	農村:[0.0000,0.0000,0.0000,0.0000]
	高い:[0.0015,0.0007,0.0005,0.0100]
	市街:[0.0003,0.0000,0.0000,0.0000]
	平均:[0.0014,0.0001,0.0000,0.0085]
	売買:[0.0006,0.0010,0.0018,0.0004]
	区域:[0.0006,0.0000,0.0000,0.0000]
	関する:[0.0002,0.0000,0.0001,0.0002]
	農業:[0.0005,0.0002,0.0005,0.0005]
False-Negative

True-Negative:0
False-Positive:9
True-Positive:10
False-Negative:1
precision = 0.526316
recall = 0.909091
fvalue = 0.666667