Section:8
	Ｆｌａｇ：：００１０
	６．キャンドルの芯にも注目を！
	キャンドルの芯に使われていた鉛は発がんの可能性があるとして２００３年にはアメリカにおいて製造禁止となっています。
	現在日本で販売されている物で鉛を使用している物の可能性は極めて低いですが、不安な方には”ＡｒｏｍａＡｒｃｈｉｔｅｃｔ”のキャンドルの芯は１００％コットン芯を使用しています。
	買われる前にはきちんとお店の方に聞きましょう！
Score:0.00224946695525
EACH_TAG_SCORE:
	image:0.000596338965374
	table:0.000595214885371
	graph:0.000514867012969
	flow:0.000543046091538
PARA:
Clueword:
	％:[0.0004,0.0000,0.0000,0.0259]
	使用:[0.0008,0.0008,0.0013,0.0000]
	キャンドル:[0.0000,0.0002,0.0000,0.0004]
	製造:[0.0002,0.0000,0.0001,0.0004]
	ます:[0.0228,0.0269,0.0224,0.0150]
	禁止:[0.0003,0.0000,0.0000,0.0002]
	不安だ:[0.0001,0.0001,0.0001,0.0008]
	です:[0.0011,0.0009,0.0005,0.0006]
	低い:[0.0006,0.0014,0.0003,0.0059]
	れる:[0.0087,0.0086,0.0069,0.0045]
	可能だ:[0.0009,0.0006,0.0008,0.0009]
	なる:[0.0107,0.0090,0.0073,0.0068]
	日本:[0.0009,0.0006,0.0009,0.0017]
	する:[0.0377,0.0379,0.0453,0.0180]
	いる:[0.0124,0.0129,0.0079,0.0099]
	販売:[0.0000,0.0001,0.0000,0.0001]
	ある:[0.0113,0.0103,0.0051,0.0037]
	現在:[0.0004,0.0003,0.0014,0.0003]
	アメリカ:[0.0000,0.0002,0.0001,0.0003]
	注目:[0.0002,0.0000,0.0000,0.0002]
	聞く:[0.0003,0.0001,0.0012,0.0006]
	きちんと:[0.0000,0.0001,0.0000,0.0002]
	買う:[0.0002,0.0001,0.0006,0.0004]
	おく:[0.0014,0.0010,0.0010,0.0012]
	発がん:[0.0000,0.0000,0.0000,0.0002]
	使う:[0.0028,0.0024,0.0010,0.0006]
True-Positive

Section:2
	Ｆｌａｇ：：１０００
	昨年２０１３年１２月１３日にはフランス発のアロマキャンドル”ディプティック”が東京の青山にオープンしたんです！お店の中にもいい香りが漂っているんでしょうね♪行ってみたいものです。
	こんなおしゃれで素敵な香りのするお店のアロマキャンドルをプレゼントされるとかなりのポイントアップですよね！
Score:0.00162057255639
EACH_TAG_SCORE:
	image:0.000462775238469
	table:0.0004529490334
	graph:0.00027859431522
	flow:0.000426253969298
PARA:
Clueword:
	香る:[0.0000,0.0003,0.0000,0.0000]
	青山:[0.0000,0.0000,0.0000,0.0000]
	いい:[0.0008,0.0008,0.0002,0.0005]
	する:[0.0377,0.0379,0.0453,0.0180]
	昨年:[0.0000,0.0000,0.0000,0.0003]
	れる:[0.0087,0.0086,0.0069,0.0045]
	キャンドル:[0.0000,0.0002,0.0000,0.0004]
	こんな:[0.0001,0.0003,0.0003,0.0001]
	ディプティック:[0.0000,0.0000,0.0000,0.0000]
	んだ:[0.0003,0.0006,0.0002,0.0003]
	かなり:[0.0005,0.0008,0.0003,0.0001]
	行く:[0.0006,0.0004,0.0002,0.0002]
	ポイント:[0.0025,0.0005,0.0000,0.0014]
	フランス:[0.0001,0.0000,0.0000,0.0000]
	みる:[0.0011,0.0014,0.0005,0.0011]
	素敵だ:[0.0000,0.0000,0.0000,0.0001]
	アロマ:[0.0000,0.0002,0.0000,0.0000]
	東京:[0.0001,0.0007,0.0002,0.0011]
	たい:[0.0012,0.0013,0.0014,0.0010]
	漂う:[0.0000,0.0000,0.0000,0.0001]
	オープン:[0.0000,0.0000,0.0000,0.0000]
	いる:[0.0124,0.0129,0.0079,0.0099]
	アップ:[0.0002,0.0006,0.0003,0.0024]
	プレゼント:[0.0001,0.0001,0.0000,0.0003]
	おしゃれだ:[0.0002,0.0002,0.0001,0.0000]
	もの:[0.0026,0.0031,0.0015,0.0008]
True-Positive

Section:1
	Ｆｌａｇ：：００００
	リラックス効果倍増☆アロマキャンドルを効果的に使う７つの方法
	時代のせいなのか景気のせいなのか・・・ストレスといった言葉をよく耳にします。
	ストレスの無い人間なんていないと思うのですが、さて皆さんはどうやって日々のストレス解消されているんでしょう！
	好きな曲を聞きながら好きな事をする、好きな物を食べる、好きなテレビやＤＶＤを見る、といっぱいありますが、人間の嗅覚をついた香りで刺激するってどうですか？香りっていい匂い、嫌な匂いとありますがいい匂いを嗅いだ時の心理としてはドキドキや嬉しさ楽しさで知らないうちに笑顔になっているんです！
	これを使ってストレスを減少させリラックス出来る”アロマキャンドル”を試して頂きたい！アロマと一言で言ってもかなりの種類もありその中で自分の好みの香りを選んでいくという工程もとても楽しい時間となりますよね。
Score:0.0015802921056
EACH_TAG_SCORE:
	image:0.000433616521728
	table:0.000473074117984
	graph:0.000262662960902
	flow:0.000410938504983
PARA:
Clueword:
	香る:[0.0000,0.0003,0.0000,0.0000]
	皆さん:[0.0000,0.0000,0.0000,0.0001]
	嫌だ:[0.0000,0.0000,0.0005,0.0002]
	時間:[0.0010,0.0004,0.0003,0.0010]
	って:[0.0005,0.0004,0.0000,0.0003]
	キャンドル:[0.0000,0.0002,0.0000,0.0004]
	選ぶ:[0.0012,0.0007,0.0000,0.0000]
	やる:[0.0004,0.0003,0.0011,0.0001]
	かなり:[0.0005,0.0008,0.0003,0.0001]
	れる:[0.0087,0.0086,0.0069,0.0045]
	うち:[0.0001,0.0002,0.0000,0.0006]
	ストレス:[0.0001,0.0000,0.0000,0.0000]
	いっぱいだ:[0.0000,0.0001,0.0000,0.0000]
	なる:[0.0107,0.0090,0.0073,0.0068]
	とても:[0.0002,0.0002,0.0000,0.0001]
	自分:[0.0013,0.0009,0.0012,0.0008]
	方法:[0.0038,0.0019,0.0124,0.0001]
	人間:[0.0001,0.0002,0.0001,0.0000]
	する:[0.0377,0.0379,0.0453,0.0180]
	いる:[0.0124,0.0129,0.0079,0.0099]
	つく:[0.0013,0.0015,0.0009,0.0004]
	好み:[0.0000,0.0000,0.0000,0.0001]
	言葉:[0.0003,0.0001,0.0000,0.0000]
	心理:[0.0000,0.0001,0.0000,0.0001]
	思う:[0.0011,0.0020,0.0027,0.0005]
	種類:[0.0166,0.0024,0.0001,0.0004]
	解消:[0.0000,0.0002,0.0000,0.0000]
	食べる:[0.0004,0.0006,0.0003,0.0001]
	無い:[0.0002,0.0001,0.0001,0.0000]
	工程:[0.0000,0.0000,0.0040,0.0000]
	楽しい:[0.0001,0.0000,0.0000,0.0001]
	日々:[0.0001,0.0000,0.0000,0.0000]
	見る:[0.0008,0.0020,0.0005,0.0013]
	効果:[0.0015,0.0010,0.0000,0.0005]
	出来る:[0.0004,0.0004,0.0002,0.0001]
	テレビ:[0.0002,0.0003,0.0000,0.0000]
	いく:[0.0011,0.0015,0.0022,0.0005]
	減少:[0.0000,0.0000,0.0000,0.0090]
	いう:[0.0059,0.0048,0.0034,0.0042]
	いい:[0.0008,0.0008,0.0002,0.0005]
	一言:[0.0001,0.0001,0.0000,0.0000]
	好きだ:[0.0001,0.0002,0.0001,0.0001]
	的だ:[0.0049,0.0028,0.0019,0.0013]
	景気:[0.0002,0.0000,0.0008,0.0005]
	言う:[0.0010,0.0013,0.0005,0.0004]
	んだ:[0.0003,0.0006,0.0002,0.0003]
	ます:[0.0228,0.0269,0.0224,0.0150]
	なんて:[0.0003,0.0002,0.0000,0.0003]
	たい:[0.0012,0.0013,0.0014,0.0010]
	笑顔:[0.0000,0.0001,0.0000,0.0000]
	時代:[0.0002,0.0001,0.0001,0.0003]
	のだ:[0.0071,0.0068,0.0053,0.0039]
	これ:[0.0015,0.0020,0.0024,0.0011]
	その:[0.0018,0.0030,0.0033,0.0011]
	アロマ:[0.0000,0.0002,0.0000,0.0000]
	どう:[0.0005,0.0006,0.0004,0.0003]
	匂う:[0.0000,0.0001,0.0000,0.0000]
	頂く:[0.0000,0.0000,0.0000,0.0000]
	リラックス:[0.0000,0.0000,0.0000,0.0001]
	ある:[0.0113,0.0103,0.0051,0.0037]
	聞く:[0.0003,0.0001,0.0012,0.0006]
	せる:[0.0005,0.0017,0.0029,0.0006]
	さて:[0.0000,0.0001,0.0000,0.0001]
	ながら:[0.0001,0.0005,0.0010,0.0005]
	よい:[0.0014,0.0014,0.0003,0.0004]
	嬉しい:[0.0000,0.0000,0.0000,0.0000]
	知る:[0.0007,0.0006,0.0002,0.0007]
	試す:[0.0002,0.0000,0.0000,0.0000]
	刺激:[0.0000,0.0001,0.0000,0.0000]
	ドキドキ:[0.0000,0.0001,0.0000,0.0000]
	ない:[0.0105,0.0083,0.0076,0.0061]
	使う:[0.0028,0.0024,0.0010,0.0006]
False-Positive

Section:4
	Ｆｌａｇ：：０１００
	最初に重要な香り選びです！ラベンダーはリラックスして眠りたい時に良質の眠りをさそう効果があります。
	レモングラスは気分をリフレッシュしたい時に最適です。
	ローズは生理痛や更年期障害にも効果があります。
	オレンジは食欲促進効果があります。
	スイートピーは緊張した心を癒してくれます。
	イランイランやムスクには大人のムードを引き出してくれますね。
Score:0.00155257190231
EACH_TAG_SCORE:
	image:0.000460302570819
	table:0.000447505654664
	graph:0.000223109543653
	flow:0.000421654133176
PARA:
Clueword:
	気分:[0.0000,0.0001,0.0000,0.0002]
	香る:[0.0000,0.0003,0.0000,0.0000]
	ラベンダー:[0.0000,0.0000,0.0000,0.0000]
	ローズ:[0.0000,0.0000,0.0000,0.0000]
	重要だ:[0.0007,0.0004,0.0000,0.0004]
	スイートピー:[0.0000,0.0000,0.0000,0.0000]
	良質だ:[0.0001,0.0001,0.0001,0.0001]
	引き出す:[0.0001,0.0000,0.0000,0.0000]
	最適だ:[0.0002,0.0001,0.0000,0.0000]
	生理:[0.0001,0.0001,0.0000,0.0000]
	選ぶ:[0.0012,0.0007,0.0000,0.0000]
	大人:[0.0001,0.0001,0.0000,0.0000]
	ます:[0.0228,0.0269,0.0224,0.0150]
	たい:[0.0012,0.0013,0.0014,0.0010]
	ムスク:[0.0000,0.0000,0.0000,0.0000]
	くれる:[0.0004,0.0006,0.0000,0.0000]
	癒す:[0.0000,0.0000,0.0000,0.0000]
	オレンジ:[0.0000,0.0008,0.0000,0.0000]
	促進:[0.0002,0.0001,0.0000,0.0000]
	イランイラン:[0.0000,0.0000,0.0000,0.0000]
	する:[0.0377,0.0379,0.0453,0.0180]
	リラックス:[0.0000,0.0000,0.0000,0.0001]
	リフレッシュ:[0.0000,0.0000,0.0000,0.0000]
	ある:[0.0113,0.0103,0.0051,0.0037]
	ムード:[0.0000,0.0000,0.0000,0.0000]
	さそう:[0.0000,0.0000,0.0000,0.0000]
	更年期:[0.0001,0.0001,0.0000,0.0003]
	障害:[0.0004,0.0003,0.0000,0.0001]
	眠る:[0.0001,0.0000,0.0000,0.0000]
	食欲:[0.0001,0.0000,0.0000,0.0000]
	レモングラス:[0.0000,0.0000,0.0000,0.0000]
	最初だ:[0.0000,0.0003,0.0003,0.0000]
	効果:[0.0015,0.0010,0.0000,0.0005]
	緊張:[0.0001,0.0001,0.0000,0.0000]
True-Positive

Section:7
	Ｆｌａｇ：：１００１
	５．案外難しい火の消し方
	火の消し方ですが、９割の方がフ～ッと息を吹きかけて消すと思いますが、１番いいのはピンセットを使い火をつまんで消します。
	芯を立てる作業に使いますが消すと同時に立てておけば次回使う時に火がつきやすくなるので一石二鳥ですよ！
Score:0.00136505873076
EACH_TAG_SCORE:
	image:0.000409090159197
	table:0.000385995926134
	graph:0.000228538399357
	flow:0.000341434246077
PARA:
Clueword:
	いい:[0.0008,0.0008,0.0002,0.0005]
	立てる:[0.0001,0.0001,0.0003,0.0005]
	一石二鳥:[0.0000,0.0000,0.0001,0.0000]
	吹きかける:[0.0000,0.0001,0.0002,0.0000]
	ます:[0.0228,0.0269,0.0224,0.0150]
	のだ:[0.0071,0.0068,0.0053,0.0039]
	なる:[0.0107,0.0090,0.0073,0.0068]
	消す:[0.0000,0.0004,0.0006,0.0000]
	つく:[0.0013,0.0015,0.0009,0.0004]
	案外:[0.0000,0.0000,0.0001,0.0000]
	ピンセット:[0.0000,0.0000,0.0001,0.0000]
	思う:[0.0011,0.0020,0.0027,0.0005]
	同時に:[0.0001,0.0001,0.0005,0.0000]
	おく:[0.0014,0.0010,0.0010,0.0012]
	つまむ:[0.0000,0.0001,0.0003,0.0000]
	やすい:[0.0028,0.0023,0.0011,0.0006]
	使う:[0.0028,0.0024,0.0010,0.0006]
	作業:[0.0001,0.0002,0.0011,0.0001]
	難しい:[0.0003,0.0005,0.0001,0.0002]
	次回:[0.0000,0.0001,0.0001,0.0000]
True-Positive

Section:6
	Ｆｌａｇ：：１０００
	火のつけ方ですが、最初が肝心で新品のキャンドルには表面部分のロウが全て溶けるまで、火をつけておくことです。
	途中で消してしまっては最後まできれいに溶けずに残ってしまいます。
	初めにロウを溶かしておいた部分しか溶けないので注意して下さいね。
	最初に使われるなら、夜に電気を消して灯りの代わりに使っていただくとすぐに消すようにはならないと思いますし、薄暗い中での良い香りはとっても精神的に安定する時間です！
	忙しくてスパに行けないという方には１時間自宅使っていると同程度の効果があります。
	４．キレイな炎を作る
	火の灯りが一定でない時には調整します。
	きれいに燃やすためには０．５ｃｍほどがベストです。
	長すぎるのはよくありませんので長ければハサミで芯を切って調整します。
	キレイな炎だと最後まで使える事が出来ます。
	いつでもすぐに使えるように灯りの調整は重要です。
	あっては困ることですが、もしもの災害時には停電になったりすることもありますが、そういう時にもアロマキャンドルを使うというのもあります。
	普通のロウソクより太く安定していますし、そこに不安な時間もアロマの香りで少しでも解消できるのではないかと思います。
Score:0.00125877378826
EACH_TAG_SCORE:
	image:0.000371998375381
	table:0.00037188604036
	graph:0.00020772780152
	flow:0.000307161570998
PARA:
Clueword:
	香る:[0.0000,0.0003,0.0000,0.0000]
	灯る:[0.0000,0.0001,0.0000,0.0000]
	普通だ:[0.0002,0.0002,0.0000,0.0001]
	行ける:[0.0000,0.0001,0.0000,0.0000]
	しか:[0.0006,0.0006,0.0000,0.0011]
	より:[0.0021,0.0013,0.0003,0.0013]
	溶ける:[0.0001,0.0002,0.0000,0.0000]
	キャンドル:[0.0000,0.0002,0.0000,0.0004]
	途中:[0.0001,0.0001,0.0000,0.0000]
	下さる:[0.0003,0.0004,0.0000,0.0001]
	よい:[0.0014,0.0014,0.0003,0.0004]
	最初:[0.0000,0.0001,0.0013,0.0000]
	できる:[0.0044,0.0045,0.0022,0.0015]
	ロウ:[0.0000,0.0001,0.0000,0.0000]
	電気:[0.0000,0.0004,0.0000,0.0000]
	そこ:[0.0005,0.0005,0.0006,0.0001]
	きれいだ:[0.0002,0.0002,0.0000,0.0000]
	れる:[0.0087,0.0086,0.0069,0.0045]
	あう:[0.0007,0.0005,0.0002,0.0001]
	しまう:[0.0018,0.0022,0.0024,0.0012]
	なら:[0.0020,0.0011,0.0003,0.0013]
	なる:[0.0107,0.0090,0.0073,0.0068]
	代わり:[0.0000,0.0001,0.0000,0.0000]
	燃やす:[0.0000,0.0001,0.0001,0.0000]
	ベストだ:[0.0000,0.0002,0.0000,0.0002]
	つける:[0.0004,0.0008,0.0020,0.0000]
	する:[0.0377,0.0379,0.0453,0.0180]
	いる:[0.0124,0.0129,0.0079,0.0099]
	すぎる:[0.0006,0.0007,0.0003,0.0001]
	スパ:[0.0000,0.0000,0.0000,0.0000]
	こと:[0.0097,0.0093,0.0086,0.0051]
	薄暗い:[0.0000,0.0000,0.0000,0.0000]
	表面:[0.0001,0.0005,0.0000,0.0000]
	困る:[0.0001,0.0000,0.0000,0.0000]
	全て:[0.0001,0.0001,0.0000,0.0000]
	忙しい:[0.0000,0.0000,0.0001,0.0001]
	とっても:[0.0000,0.0000,0.0000,0.0000]
	重要だ:[0.0007,0.0004,0.0000,0.0004]
	残る:[0.0001,0.0002,0.0002,0.0005]
	ロウソク:[0.0000,0.0000,0.0000,0.0000]
	ハサミ:[0.0000,0.0000,0.0000,0.0000]
	おく:[0.0014,0.0010,0.0010,0.0012]
	効果:[0.0015,0.0010,0.0000,0.0005]
	出来る:[0.0004,0.0004,0.0002,0.0001]
	ようだ:[0.0039,0.0045,0.0062,0.0016]
	解消:[0.0000,0.0002,0.0000,0.0000]
	災害:[0.0000,0.0000,0.0000,0.0000]
	いう:[0.0059,0.0048,0.0034,0.0042]
	キレイだ:[0.0000,0.0003,0.0000,0.0000]
	消す:[0.0000,0.0004,0.0006,0.0000]
	初め:[0.0001,0.0000,0.0000,0.0000]
	使える:[0.0007,0.0004,0.0001,0.0000]
	一定:[0.0001,0.0001,0.0000,0.0001]
	すぐ:[0.0003,0.0004,0.0005,0.0002]
	作る:[0.0012,0.0011,0.0018,0.0001]
	アロマ:[0.0000,0.0002,0.0000,0.0000]
	まで:[0.0020,0.0014,0.0016,0.0015]
	溶かす:[0.0000,0.0000,0.0000,0.0000]
	いつでも:[0.0000,0.0001,0.0000,0.0000]
	少し:[0.0005,0.0010,0.0006,0.0002]
	そういう:[0.0000,0.0000,0.0000,0.0000]
	のだ:[0.0071,0.0068,0.0053,0.0039]
	不安だ:[0.0001,0.0001,0.0001,0.0008]
	最後だ:[0.0001,0.0004,0.0009,0.0000]
	もしも:[0.0000,0.0000,0.0000,0.0000]
	注意:[0.0003,0.0008,0.0007,0.0005]
	太い:[0.0012,0.0017,0.0001,0.0004]
	自宅:[0.0000,0.0000,0.0000,0.0000]
	肝心だ:[0.0000,0.0000,0.0000,0.0000]
	部分:[0.0020,0.0038,0.0010,0.0001]
	いただく:[0.0001,0.0003,0.0000,0.0000]
	安定:[0.0001,0.0003,0.0000,0.0000]
	程度:[0.0014,0.0010,0.0007,0.0018]
	ます:[0.0228,0.0269,0.0224,0.0150]
	調整:[0.0002,0.0003,0.0000,0.0000]
	良い:[0.0013,0.0011,0.0010,0.0006]
	ある:[0.0113,0.0103,0.0051,0.0037]
	新品:[0.0000,0.0000,0.0000,0.0000]
	時間:[0.0010,0.0004,0.0003,0.0010]
	ほど:[0.0009,0.0005,0.0000,0.0003]
	切る:[0.0002,0.0003,0.0001,0.0002]
	ため:[0.0030,0.0032,0.0027,0.0024]
	長い:[0.0005,0.0013,0.0003,0.0022]
	精神:[0.0001,0.0001,0.0000,0.0000]
	停電:[0.0000,0.0000,0.0000,0.0000]
	的だ:[0.0049,0.0028,0.0019,0.0013]
	思う:[0.0011,0.0020,0.0027,0.0005]
	最初だ:[0.0000,0.0003,0.0003,0.0000]
	でも:[0.0029,0.0018,0.0004,0.0017]
	ない:[0.0105,0.0083,0.0076,0.0061]
	使う:[0.0028,0.0024,0.0010,0.0006]
True-Positive

Section:5
	Ｆｌａｇ：：００００
	今では雑貨屋さんや１００均といったお店にも売っていますが、人工香料等を使っている場合がありますので、不安な方はアロマ専用のお店に行かれるのが安心して良い香りと巡り会えるかと思います！
	２．楽しみ方は、インテリアｏｒゆらめきの２パターン
	キャンドルですが、火を灯さなくてもオイルの香りがあるのでインテリアとしても可愛い物が多いので見て香って楽しめることが出来ます。
	しばらくインテリアとして楽しめば香りが残っているうちに火を灯して使ってみましょう。
	ただ飾っているとどうしてもホコリがたまるので火を付ける前には必ずキレイに拭き取りましょう。
	お部屋のフレグランスに使われているのもよく見かけますが、家やお店でアロマの香りが漂ってくると自分だけでなくお客様にも優雅な時間を共に過ごすことが出来るので、心身共にリラックス出来ます。
	また、リラックスだけでなくアイディア力や企画力がＵＰされますよ！
	インテリアとしても最高ですが、キャンドルの灯りは心臓の鼓動と同じリズムを持つユラメキ。
	『１／ｆゆらぎ』なのでリラックスできると言われていますので、ぜひ火を灯してユラメキを体験してみて下さい。
	３．キャンドルの灯し方のコツ
Score:0.0011415600737
EACH_TAG_SCORE:
	image:0.00031726607759
	table:0.000373210408748
	graph:0.000187630447002
	flow:0.000263453140356
PARA:
Clueword:
	拭く:[0.0000,0.0000,0.0001,0.0000]
	香る:[0.0000,0.0003,0.0000,0.0000]
	灯る:[0.0000,0.0001,0.0000,0.0000]
	今では:[0.0000,0.0000,0.0000,0.0001]
	専用:[0.0000,0.0001,0.0000,0.0000]
	時間:[0.0010,0.0004,0.0003,0.0010]
	キャンドル:[0.0000,0.0002,0.0000,0.0004]
	下さる:[0.0003,0.0004,0.0000,0.0001]
	どうしても:[0.0001,0.0001,0.0000,0.0001]
	同じだ:[0.0013,0.0010,0.0005,0.0009]
	多い:[0.0030,0.0023,0.0006,0.0031]
	可愛い:[0.0000,0.0000,0.0000,0.0000]
	心身:[0.0000,0.0000,0.0000,0.0000]
	れる:[0.0087,0.0086,0.0069,0.0045]
	さん:[0.0004,0.0007,0.0003,0.0007]
	うち:[0.0001,0.0002,0.0000,0.0006]
	みる:[0.0011,0.0014,0.0005,0.0011]
	自分:[0.0013,0.0009,0.0012,0.0008]
	ただ:[0.0004,0.0000,0.0002,0.0003]
	する:[0.0377,0.0379,0.0453,0.0180]
	付ける:[0.0002,0.0004,0.0008,0.0001]
	いる:[0.0124,0.0129,0.0079,0.0099]
	人工:[0.0000,0.0000,0.0000,0.0000]
	こと:[0.0097,0.0093,0.0086,0.0051]
	必ず:[0.0002,0.0003,0.0003,0.0002]
	心臓:[0.0001,0.0000,0.0000,0.0001]
	過ごす:[0.0001,0.0000,0.0000,0.0000]
	ぜひ:[0.0000,0.0001,0.0000,0.0003]
	残る:[0.0001,0.0002,0.0002,0.0005]
	出来る:[0.0004,0.0004,0.0002,0.0001]
	言う:[0.0010,0.0013,0.0005,0.0004]
	見る:[0.0008,0.0020,0.0005,0.0013]
	だけ:[0.0014,0.0013,0.0014,0.0007]
	キレイだ:[0.0000,0.0003,0.0000,0.0000]
	いう:[0.0059,0.0048,0.0034,0.0042]
	取る:[0.0009,0.0006,0.0001,0.0003]
	見かける:[0.0000,0.0000,0.0000,0.0000]
	場合:[0.0353,0.0044,0.0023,0.0045]
	安心:[0.0001,0.0002,0.0000,0.0001]
	コツ:[0.0000,0.0001,0.0000,0.0000]
	ます:[0.0228,0.0269,0.0224,0.0150]
	楽しむ:[0.0002,0.0002,0.0000,0.0001]
	くる:[0.0012,0.0016,0.0007,0.0011]
	持つ:[0.0008,0.0007,0.0014,0.0001]
	部屋:[0.0000,0.0001,0.0000,0.0000]
	のだ:[0.0071,0.0068,0.0053,0.0039]
	不安だ:[0.0001,0.0001,0.0001,0.0008]
	楽しめる:[0.0000,0.0000,0.0000,0.0001]
	アロマ:[0.0000,0.0002,0.0000,0.0000]
	最高だ:[0.0000,0.0001,0.0000,0.0001]
	できる:[0.0044,0.0045,0.0022,0.0015]
	漂う:[0.0000,0.0000,0.0000,0.0001]
	リラックス:[0.0000,0.0000,0.0000,0.0001]
	しばらく:[0.0001,0.0001,0.0001,0.0001]
	良い:[0.0013,0.0011,0.0010,0.0006]
	ある:[0.0113,0.0103,0.0051,0.0037]
	使う:[0.0028,0.0024,0.0010,0.0006]
	共に:[0.0001,0.0001,0.0001,0.0000]
	よい:[0.0014,0.0014,0.0003,0.0004]
	売る:[0.0001,0.0003,0.0010,0.0007]
	オイル:[0.0000,0.0001,0.0000,0.0002]
	また:[0.0013,0.0021,0.0018,0.0011]
	巡る:[0.0000,0.0000,0.0000,0.0000]
	思う:[0.0011,0.0020,0.0027,0.0005]
	行く:[0.0006,0.0004,0.0002,0.0002]
	ない:[0.0105,0.0083,0.0076,0.0061]
	パターン:[0.0005,0.0002,0.0004,0.0001]
False-Positive

Section:9
	Ｆｌａｇ：：００００
	７．癒された後は、火の始末を。
	使うに当たっての１番重要な事です。
	火の始末です！使う時間帯にもよりますが、多いのは寝る前に付けてそのまま寝てしまったという話をよく聞きますがこれは危険です。
	１時間程度灯した後必ず火を消してから就寝またはお出かけして下さい。
	不安な方にアロマキャンドルは、お部屋だけでなくお風呂でも使っていただけます。
	湯船につかり電気を消してアロマキャンドルをつけるとあたたかい蒸気とともに良い香りも充満し普段のお風呂とはひと味もふた味も違って入っていただけると思います。
	入浴剤でも香りは取り込めますが、部屋の空気の香りだと身体全体が包み込まれているようで、気持ちよくはいれます。
	湯船に浮かべるキャンドルもあるので火の始末には安心して使えます！
	これらの注意を心がけながら心身共に健やかな時間を過ごすことが出来るアロマキャンドルを是非、未体験の方にもお試しできるかと思います。
	このストレス社会から少しの時間でも逃避できるんじゃないかなと感じています。
	自分に合った香り探しから始まり、その日の気分や体調に合わせて精油を変えることのできるちょっとした贅沢なじぶんだけの時間を作ってみてはいかがでしょうか！
	キャンドルからは、マイナスイオンが放出されていますが２００００個／ｃｍといわれていて自宅にいながら森林浴効果です！相乗効果として、キャンドルをつける際には白熱灯の間接照明がよりリラックスできます。
	エステやスパももちろんいいですが、自宅で気軽に出来るアロマキャンドルは現代の必需品といっても過言ではないかと思います♪
Score:0.000987415962263
EACH_TAG_SCORE:
	image:0.000286173778349
	table:0.00027985451624
	graph:0.00016927109682
	flow:0.000252116570854
PARA:
Clueword:
	香る:[0.0000,0.0003,0.0000,0.0000]
	気軽だ:[0.0000,0.0000,0.0000,0.0000]
	身体:[0.0001,0.0002,0.0002,0.0004]
	重要だ:[0.0007,0.0004,0.0000,0.0004]
	危険だ:[0.0001,0.0000,0.0000,0.0000]
	心身:[0.0000,0.0000,0.0000,0.0000]
	電気:[0.0000,0.0004,0.0000,0.0000]
	れる:[0.0087,0.0086,0.0069,0.0045]
	です:[0.0011,0.0009,0.0005,0.0006]
	みる:[0.0011,0.0014,0.0005,0.0011]
	当たる:[0.0001,0.0002,0.0005,0.0000]
	つける:[0.0004,0.0008,0.0020,0.0000]
	付ける:[0.0002,0.0004,0.0008,0.0001]
	思う:[0.0011,0.0020,0.0027,0.0005]
	必ず:[0.0002,0.0003,0.0003,0.0002]
	合う:[0.0004,0.0004,0.0000,0.0001]
	効果:[0.0015,0.0010,0.0000,0.0005]
	出来る:[0.0004,0.0004,0.0002,0.0001]
	体調:[0.0000,0.0001,0.0000,0.0000]
	多い:[0.0030,0.0023,0.0006,0.0031]
	取る:[0.0009,0.0006,0.0001,0.0003]
	就寝:[0.0000,0.0000,0.0000,0.0002]
	是非:[0.0001,0.0001,0.0000,0.0000]
	んだ:[0.0003,0.0006,0.0002,0.0003]
	探す:[0.0003,0.0001,0.0001,0.0000]
	イオン:[0.0000,0.0001,0.0000,0.0000]
	少し:[0.0005,0.0010,0.0006,0.0002]
	不安だ:[0.0001,0.0001,0.0001,0.0008]
	込む:[0.0006,0.0010,0.0006,0.0004]
	自宅:[0.0000,0.0000,0.0000,0.0000]
	その:[0.0018,0.0030,0.0033,0.0011]
	ひと:[0.0003,0.0008,0.0013,0.0004]
	相乗:[0.0000,0.0001,0.0000,0.0000]
	できる:[0.0044,0.0045,0.0022,0.0015]
	消す:[0.0000,0.0004,0.0006,0.0000]
	程度:[0.0014,0.0010,0.0007,0.0018]
	良い:[0.0013,0.0011,0.0010,0.0006]
	ある:[0.0113,0.0103,0.0051,0.0037]
	始まる:[0.0002,0.0000,0.0015,0.0001]
	照明:[0.0000,0.0000,0.0000,0.0000]
	寝る:[0.0000,0.0001,0.0000,0.0001]
	お出かけ:[0.0000,0.0000,0.0000,0.0000]
	部屋:[0.0000,0.0001,0.0000,0.0000]
	でも:[0.0029,0.0018,0.0004,0.0017]
	ない:[0.0105,0.0083,0.0076,0.0061]
	空気:[0.0001,0.0002,0.0001,0.0000]
	もちろん:[0.0003,0.0001,0.0005,0.0000]
	いただける:[0.0001,0.0001,0.0000,0.0001]
	そのまま:[0.0000,0.0002,0.0010,0.0001]
	感じる:[0.0009,0.0010,0.0004,0.0003]
	時間:[0.0010,0.0004,0.0003,0.0010]
	癒す:[0.0000,0.0000,0.0000,0.0000]
	より:[0.0021,0.0013,0.0003,0.0013]
	よる:[0.0024,0.0030,0.0030,0.0025]
	キャンドル:[0.0000,0.0002,0.0000,0.0004]
	下さる:[0.0003,0.0004,0.0000,0.0001]
	社会:[0.0001,0.0004,0.0000,0.0007]
	気持ちよい:[0.0000,0.0000,0.0000,0.0003]
	リラックス:[0.0000,0.0000,0.0000,0.0001]
	ストレス:[0.0001,0.0000,0.0000,0.0000]
	しまう:[0.0018,0.0022,0.0024,0.0012]
	スパ:[0.0000,0.0000,0.0000,0.0000]
	する:[0.0377,0.0379,0.0453,0.0180]
	いる:[0.0124,0.0129,0.0079,0.0099]
	こと:[0.0097,0.0093,0.0086,0.0051]
	この:[0.0023,0.0031,0.0023,0.0014]
	自分:[0.0013,0.0009,0.0012,0.0008]
	過ごす:[0.0001,0.0000,0.0000,0.0000]
	現代:[0.0001,0.0000,0.0000,0.0001]
	入る:[0.0005,0.0010,0.0008,0.0003]
	全体:[0.0003,0.0009,0.0013,0.0004]
	だけ:[0.0014,0.0013,0.0014,0.0007]
	ようだ:[0.0039,0.0045,0.0062,0.0016]
	共に:[0.0001,0.0001,0.0001,0.0000]
	気分:[0.0000,0.0001,0.0000,0.0002]
	いう:[0.0059,0.0048,0.0034,0.0042]
	いい:[0.0008,0.0008,0.0002,0.0005]
	ふた:[0.0000,0.0000,0.0000,0.0000]
	合わせる:[0.0004,0.0009,0.0001,0.0001]
	使える:[0.0007,0.0004,0.0001,0.0000]
	安心:[0.0001,0.0002,0.0000,0.0001]
	作る:[0.0012,0.0011,0.0018,0.0001]
	ます:[0.0228,0.0269,0.0224,0.0150]
	のだ:[0.0071,0.0068,0.0053,0.0039]
	から:[0.0057,0.0058,0.0057,0.0033]
	注意:[0.0003,0.0008,0.0007,0.0005]
	これ:[0.0015,0.0020,0.0024,0.0011]
	アロマ:[0.0000,0.0002,0.0000,0.0000]
	ともに:[0.0001,0.0001,0.0001,0.0002]
	包む:[0.0002,0.0002,0.0000,0.0000]
	または:[0.0006,0.0007,0.0008,0.0001]
	聞く:[0.0003,0.0001,0.0012,0.0006]
	ながら:[0.0001,0.0005,0.0010,0.0005]
	よい:[0.0014,0.0014,0.0003,0.0004]
	違う:[0.0011,0.0009,0.0003,0.0008]
	試す:[0.0002,0.0000,0.0000,0.0000]
	マイナス:[0.0007,0.0002,0.0004,0.0053]
	変える:[0.0002,0.0002,0.0000,0.0001]
	使う:[0.0028,0.0024,0.0010,0.0006]
	普段:[0.0000,0.0001,0.0000,0.0000]
False-Positive

Section:3
	Ｆｌａｇ：：００００
	１．専門店による香り選び
Score:0.000624974584593
EACH_TAG_SCORE:
	image:0.000188331326461
	table:0.000173846726135
	graph:0.00012629610807
	flow:0.000136500423927
PARA:
Clueword:
	香る:[0.0000,0.0003,0.0000,0.0000]
	よる:[0.0024,0.0030,0.0030,0.0025]
	専門:[0.0003,0.0003,0.0001,0.0004]
	選ぶ:[0.0012,0.0007,0.0000,0.0000]
False-Positive

True-Negative:0
False-Positive:4
True-Positive:5
False-Negative:0
precision = 0.555556
recall = 1.000000
fvalue = 0.714286