Section:4
	Ｆｌａｇ：：００００
	遠田さんに伺うと・・・
	“観賞用の菊を栽培していたときは、もっとずっと穏やかな花で、すぐアブラ虫がついて、その対策に大わらわだったけれど、高橋剛さんのご指導を受け、土にボカシ肥を混ぜて、食用菊「もってのほか」を育てるようになったら、無農薬でも虫も全くつかず、菊が荒々しく咲き誇るようになった”そうです。
	遠田さんの丹精こめた「もってのほか」は、すべて「バランスアルファ」の材料として、完全無農薬・無化学肥料で栽培されており、外側の緑色のガクもいっしょに摘み取られて、そのまま玄米等といっしょに醗酵させます。
Score:0.00154956582133
EACH_TAG_SCORE:
	image:0.000454395574604
	table:0.000406511831894
	graph:0.000263427816588
	flow:0.000425230598247
PARA:
Clueword:
	もっと:[0.0001,0.0001,0.0000,0.0000]
	そのまま:[0.0000,0.0002,0.0010,0.0001]
	完全だ:[0.0000,0.0001,0.0000,0.0001]
	遠田:[0.0000,0.0001,0.0000,0.0000]
	対策:[0.0005,0.0005,0.0011,0.0003]
	摘み取る:[0.0000,0.0000,0.0000,0.0000]
	混ぜる:[0.0001,0.0001,0.0002,0.0001]
	れる:[0.0087,0.0086,0.0069,0.0045]
	さん:[0.0004,0.0007,0.0003,0.0007]
	なる:[0.0107,0.0090,0.0073,0.0068]
	農薬:[0.0000,0.0000,0.0001,0.0000]
	受ける:[0.0004,0.0001,0.0002,0.0002]
	する:[0.0377,0.0379,0.0453,0.0180]
	緑色:[0.0000,0.0004,0.0000,0.0000]
	いる:[0.0124,0.0129,0.0079,0.0099]
	栽培:[0.0000,0.0001,0.0000,0.0000]
	指導:[0.0000,0.0001,0.0000,0.0002]
	肥料:[0.0000,0.0002,0.0000,0.0001]
	つく:[0.0013,0.0015,0.0009,0.0004]
	材料:[0.0000,0.0001,0.0000,0.0000]
	ずっと:[0.0001,0.0000,0.0000,0.0001]
	全く:[0.0000,0.0001,0.0000,0.0000]
	とき:[0.0006,0.0019,0.0029,0.0005]
	ようだ:[0.0039,0.0045,0.0062,0.0016]
	咲き誇る:[0.0000,0.0000,0.0000,0.0000]
	そうだ:[0.0003,0.0008,0.0005,0.0007]
	すぐ:[0.0003,0.0004,0.0005,0.0002]
	ます:[0.0228,0.0269,0.0224,0.0150]
	化学:[0.0003,0.0001,0.0004,0.0000]
	外側:[0.0003,0.0022,0.0010,0.0000]
	その:[0.0018,0.0030,0.0033,0.0011]
	もってのほかだ:[0.0000,0.0002,0.0000,0.0000]
	おる:[0.0001,0.0006,0.0000,0.0003]
	せる:[0.0005,0.0017,0.0029,0.0006]
	こめる:[0.0000,0.0000,0.0000,0.0000]
	すべて:[0.0004,0.0008,0.0002,0.0006]
	でも:[0.0029,0.0018,0.0004,0.0017]
	食用:[0.0001,0.0001,0.0000,0.0002]
	玄米:[0.0000,0.0000,0.0000,0.0002]
	バランス:[0.0003,0.0020,0.0002,0.0054]
False-Positive

Section:3
	Ｆｌａｇ：：１０００
	菊（もってのほか）の栽培農家を訪ねて
	山形県真室川の遠田さんの菊畑にお邪魔しました。
	遠田さんの畑は、真室川でも山側に位置し、時々クマも遊びに来るそうです。
	ハウスの中は、紫色の食用菊「もってのほか」がこれでもかと咲き誇り、あとは、摘み取りを待つばかり。
	天にむかって、花びらを突き上げる姿に、強い強い野生を感じました。
Score:0.00153140934731
EACH_TAG_SCORE:
	image:0.000471523601166
	table:0.000406256115148
	graph:0.000225958988783
	flow:0.000427670642211
PARA:
Clueword:
	感じる:[0.0009,0.0010,0.0004,0.0003]
	お邪魔:[0.0000,0.0000,0.0000,0.0000]
	栽培:[0.0000,0.0001,0.0000,0.0000]
	そうだ:[0.0003,0.0008,0.0005,0.0007]
	クマ:[0.0000,0.0000,0.0000,0.0000]
	遠田:[0.0000,0.0001,0.0000,0.0000]
	摘み取る:[0.0000,0.0000,0.0000,0.0000]
	突き上げる:[0.0000,0.0001,0.0000,0.0000]
	あと:[0.0006,0.0001,0.0000,0.0001]
	ます:[0.0228,0.0269,0.0224,0.0150]
	農家:[0.0000,0.0000,0.0000,0.0000]
	強い:[0.0006,0.0004,0.0000,0.0001]
	待つ:[0.0003,0.0003,0.0002,0.0001]
	遊ぶ:[0.0001,0.0000,0.0000,0.0000]
	さん:[0.0004,0.0007,0.0003,0.0007]
	紫色:[0.0000,0.0004,0.0000,0.0000]
	真室川:[0.0000,0.0001,0.0000,0.0000]
	これ:[0.0015,0.0020,0.0024,0.0011]
	時々:[0.0000,0.0000,0.0000,0.0000]
	する:[0.0377,0.0379,0.0453,0.0180]
	位置:[0.0005,0.0061,0.0005,0.0001]
	咲き誇る:[0.0000,0.0000,0.0000,0.0000]
	もってのほかだ:[0.0000,0.0002,0.0000,0.0000]
	ばかりだ:[0.0000,0.0001,0.0000,0.0001]
	ハウス:[0.0000,0.0000,0.0000,0.0000]
	野生:[0.0001,0.0000,0.0000,0.0000]
	むかう:[0.0000,0.0000,0.0000,0.0000]
	来る:[0.0002,0.0002,0.0002,0.0000]
	訪ねる:[0.0000,0.0002,0.0000,0.0002]
	山形:[0.0000,0.0001,0.0000,0.0000]
	でも:[0.0029,0.0018,0.0004,0.0017]
	食用:[0.0001,0.0001,0.0000,0.0002]
	花びら:[0.0000,0.0001,0.0000,0.0000]
True-Positive

Section:2
	Ｆｌａｇ：：１０００
	これは、菊の花に鎮痛作用や解毒作用、解熱作用があると考えられているためで、動脈硬化の漢方薬に配合されることもあります。
	日本大学薬学部・理学部の研究では・・・
	食用菊に含まれているクロロゲン酸とイソクロロゲン酸は、動脈硬化などの生活習慣病を引き起こす元凶となる悪玉コレステロールの低下、中性脂肪を低下させる効果があると発表されています。
	「もってのほか」には、クロロゲン酸とイソクロロゲン酸が特に多く含まれているそうです。
	また、山形県衛生研究所では、「もってのほか」の花びらに含まれるヘリアントリオールＣとファラジオールが発ガン予防に優れた効果を示していると実証されています。
	自律神経を安定させる働きも。
	これは、菊花の香りの成分（テルペン）は、リラックス効果が高くイライラを取り除いてくれるためだと言われています。
	最近の研究では菊の花の匂い成分が脳神経の機能を回復し、脳の老化を予防するという研究報告もあります。
Score:0.00130349431327
EACH_TAG_SCORE:
	image:0.000369646695799
	table:0.000357826422786
	graph:0.000262242257234
	flow:0.000313778937455
PARA:
Clueword:
	香る:[0.0000,0.0003,0.0000,0.0000]
	配合:[0.0000,0.0001,0.0000,0.0000]
	自律:[0.0000,0.0000,0.0000,0.0001]
	実証:[0.0000,0.0001,0.0000,0.0000]
	テルペン:[0.0000,0.0000,0.0000,0.0000]
	機能:[0.0007,0.0004,0.0000,0.0000]
	れる:[0.0087,0.0086,0.0069,0.0045]
	脂肪:[0.0004,0.0007,0.0000,0.0000]
	成分:[0.0005,0.0011,0.0000,0.0040]
	動脈:[0.0000,0.0001,0.0000,0.0000]
	理学部:[0.0000,0.0000,0.0000,0.0000]
	解毒:[0.0000,0.0000,0.0000,0.0000]
	作用:[0.0003,0.0002,0.0001,0.0001]
	日本:[0.0009,0.0006,0.0009,0.0017]
	特に:[0.0004,0.0003,0.0002,0.0003]
	含む:[0.0004,0.0008,0.0004,0.0006]
	いる:[0.0124,0.0129,0.0079,0.0099]
	研究:[0.0000,0.0003,0.0003,0.0004]
	なる:[0.0107,0.0090,0.0073,0.0068]
	引き起こす:[0.0000,0.0001,0.0003,0.0000]
	安定:[0.0001,0.0003,0.0000,0.0000]
	硬化:[0.0000,0.0003,0.0005,0.0000]
	いう:[0.0059,0.0048,0.0034,0.0042]
	鎮痛:[0.0001,0.0001,0.0000,0.0000]
	解熱:[0.0001,0.0001,0.0000,0.0000]
	漢方:[0.0000,0.0000,0.0000,0.0000]
	優れる:[0.0003,0.0001,0.0000,0.0000]
	薬学:[0.0000,0.0000,0.0000,0.0000]
	中性:[0.0000,0.0000,0.0000,0.0000]
	低下:[0.0002,0.0005,0.0036,0.0072]
	ファラジ:[0.0000,0.0000,0.0000,0.0000]
	花びら:[0.0000,0.0001,0.0000,0.0000]
	イライラ:[0.0000,0.0000,0.0000,0.0001]
	菊花:[0.0000,0.0000,0.0000,0.0000]
	言う:[0.0010,0.0013,0.0005,0.0004]
	山形:[0.0000,0.0001,0.0000,0.0000]
	効果:[0.0015,0.0010,0.0000,0.0005]
	取り除く:[0.0000,0.0001,0.0000,0.0000]
	働く:[0.0003,0.0004,0.0005,0.0002]
	発表:[0.0000,0.0001,0.0000,0.0002]
	多い:[0.0030,0.0023,0.0006,0.0031]
	する:[0.0377,0.0379,0.0453,0.0180]
	そうだ:[0.0003,0.0008,0.0005,0.0007]
	イソクロロゲン:[0.0000,0.0001,0.0000,0.0000]
	オール:[0.0000,0.0001,0.0000,0.0000]
	リラックス:[0.0000,0.0000,0.0000,0.0001]
	習慣:[0.0000,0.0001,0.0000,0.0002]
	示す:[0.0003,0.0009,0.0005,0.0001]
	クロロゲン酸:[0.0000,0.0001,0.0000,0.0000]
	ます:[0.0228,0.0269,0.0224,0.0150]
	報告:[0.0011,0.0003,0.0000,0.0001]
	生活:[0.0003,0.0004,0.0000,0.0001]
	また:[0.0013,0.0021,0.0018,0.0011]
	予防:[0.0003,0.0001,0.0000,0.0003]
	くれる:[0.0004,0.0006,0.0000,0.0000]
	回復:[0.0003,0.0001,0.0004,0.0004]
	発ガン:[0.0000,0.0000,0.0000,0.0000]
	これ:[0.0015,0.0020,0.0024,0.0011]
	匂う:[0.0000,0.0001,0.0000,0.0000]
	コレステロール:[0.0000,0.0001,0.0000,0.0000]
	衛生:[0.0000,0.0000,0.0000,0.0000]
	考える:[0.0013,0.0012,0.0004,0.0007]
	られる:[0.0026,0.0025,0.0012,0.0015]
	高い:[0.0015,0.0007,0.0005,0.0100]
	ある:[0.0113,0.0103,0.0051,0.0037]
	大学:[0.0004,0.0005,0.0000,0.0007]
	もってのほかだ:[0.0000,0.0002,0.0000,0.0000]
	最近:[0.0003,0.0002,0.0019,0.0018]
	神経:[0.0000,0.0001,0.0000,0.0001]
	など:[0.0054,0.0053,0.0021,0.0019]
	ヘリアントリオール:[0.0000,0.0000,0.0000,0.0000]
	老化:[0.0000,0.0000,0.0000,0.0000]
	せる:[0.0005,0.0017,0.0029,0.0006]
	ため:[0.0030,0.0032,0.0027,0.0024]
	こと:[0.0097,0.0093,0.0086,0.0051]
	悪玉:[0.0000,0.0000,0.0000,0.0000]
	食用:[0.0001,0.0001,0.0000,0.0002]
	元凶:[0.0000,0.0000,0.0000,0.0000]
True-Positive

Section:1
	Ｆｌａｇ：：００００
	菊（もってのほか）｜バランスアルファの原材料
	菊の【歴史・由来】
	キク科キク属。
	中国において、菊は古代より長寿の花として菊茶菊花酒漢方薬として飲まれていましたが・・・
	食用菊は、苦みが少なく花弁を大きく改良された品種のこと。
	日本で食用菊として栽培されている延命楽は奈良時代に中国から伝来し、江戸時代から一般的に食べられるようになったと言われています。
	延命楽は山形県では、「もってのほか」「もって菊」と呼ばれていますが、名前の由来は・・・
	「食べて見ると、もってのほか美味しい」など様々ですが、
	まさに思いの外美味しいのがこの品種。
	味の良さで『食用菊の横綱』と評価されています。
	もってのほかは一般的な食用菊とは違い、花びらは筒状になっていて調理の際に型崩れしにくいという特徴があり、苦みが少なく、繊維質が豊富で、カロテン、カリウム、カルシウム、リンを多く含んでいます。
	菊の【効果・効能】
	中国の薬草の古典「神農本草経」には、長い間菊花を服用しているといつまでも若さを保てるという内容が記されています。
	民間療法では・・・
	目の痛みや視力改善、高血圧症状の改善に有効とされていて、特にお湯で花を浸したものをまぶたの上に乗せることで、疲れ目の回復に用いられています。
	漢方の世界では・・・
	風邪をはじめ、悪寒や発熱といった症状に対して煎じ汁が飲用されています。
Score:0.0010019669071
EACH_TAG_SCORE:
	image:0.000290231562504
	table:0.000307126412136
	graph:0.000174023159094
	flow:0.000230585773366
PARA:
Clueword:
	呼ぶ:[0.0011,0.0007,0.0003,0.0000]
	古典:[0.0001,0.0001,0.0000,0.0000]
	より:[0.0021,0.0013,0.0003,0.0013]
	おく:[0.0014,0.0010,0.0010,0.0012]
	美味しい:[0.0000,0.0001,0.0000,0.0000]
	多い:[0.0030,0.0023,0.0006,0.0031]
	評価:[0.0000,0.0000,0.0001,0.0001]
	風邪:[0.0002,0.0001,0.0000,0.0000]
	にくい:[0.0010,0.0008,0.0004,0.0001]
	発熱:[0.0001,0.0000,0.0000,0.0001]
	特徴:[0.0100,0.0019,0.0000,0.0002]
	れる:[0.0087,0.0086,0.0069,0.0045]
	一般:[0.0009,0.0006,0.0006,0.0000]
	品種:[0.0000,0.0000,0.0000,0.0000]
	いう:[0.0059,0.0048,0.0034,0.0042]
	由来:[0.0000,0.0001,0.0000,0.0000]
	用いる:[0.0003,0.0002,0.0000,0.0000]
	はじめる:[0.0002,0.0002,0.0000,0.0000]
	日本:[0.0009,0.0006,0.0009,0.0017]
	する:[0.0377,0.0379,0.0453,0.0180]
	含む:[0.0004,0.0008,0.0004,0.0006]
	言う:[0.0010,0.0013,0.0005,0.0004]
	いる:[0.0124,0.0129,0.0079,0.0099]
	疲れる:[0.0000,0.0001,0.0000,0.0000]
	なる:[0.0107,0.0090,0.0073,0.0068]
	少ない:[0.0006,0.0012,0.0000,0.0014]
	古代:[0.0000,0.0000,0.0000,0.0000]
	世界:[0.0007,0.0005,0.0008,0.0008]
	乗せる:[0.0000,0.0000,0.0000,0.0000]
	バランス:[0.0003,0.0020,0.0002,0.0054]
	長寿:[0.0000,0.0000,0.0000,0.0000]
	漢方:[0.0000,0.0000,0.0000,0.0000]
	もつ:[0.0003,0.0006,0.0003,0.0000]
	民間:[0.0001,0.0000,0.0000,0.0001]
	食べる:[0.0004,0.0006,0.0003,0.0001]
	江戸:[0.0000,0.0000,0.0001,0.0000]
	見る:[0.0008,0.0020,0.0005,0.0013]
	菊花:[0.0000,0.0000,0.0000,0.0000]
	山形:[0.0000,0.0001,0.0000,0.0000]
	効果:[0.0015,0.0010,0.0000,0.0005]
	ようだ:[0.0039,0.0045,0.0062,0.0016]
	飲用:[0.0000,0.0000,0.0000,0.0000]
	花びら:[0.0000,0.0001,0.0000,0.0000]
	様々だ:[0.0003,0.0001,0.0000,0.0000]
	栽培:[0.0000,0.0001,0.0000,0.0000]
	特に:[0.0004,0.0003,0.0002,0.0003]
	崩れる:[0.0001,0.0000,0.0002,0.0001]
	療法:[0.0001,0.0001,0.0000,0.0000]
	ます:[0.0228,0.0269,0.0224,0.0150]
	まさに:[0.0000,0.0001,0.0000,0.0000]
	時代:[0.0002,0.0001,0.0001,0.0003]
	名前:[0.0003,0.0005,0.0008,0.0000]
	から:[0.0057,0.0058,0.0057,0.0033]
	歴史:[0.0003,0.0000,0.0000,0.0000]
	大きい:[0.0011,0.0018,0.0014,0.0029]
	回復:[0.0003,0.0001,0.0004,0.0004]
	原材料:[0.0000,0.0001,0.0000,0.0000]
	リン:[0.0000,0.0000,0.0000,0.0000]
	記す:[0.0000,0.0000,0.0000,0.0000]
	良い:[0.0013,0.0011,0.0010,0.0006]
	有効だ:[0.0003,0.0000,0.0001,0.0000]
	もの:[0.0026,0.0031,0.0015,0.0008]
	症状:[0.0044,0.0018,0.0003,0.0008]
	られる:[0.0026,0.0025,0.0012,0.0015]
	もってのほかだ:[0.0000,0.0002,0.0000,0.0000]
	飲む:[0.0002,0.0003,0.0006,0.0001]
	など:[0.0054,0.0053,0.0021,0.0019]
	豊富だ:[0.0000,0.0000,0.0000,0.0001]
	調理:[0.0003,0.0002,0.0000,0.0000]
	ある:[0.0113,0.0103,0.0051,0.0037]
	痛む:[0.0004,0.0006,0.0003,0.0001]
	対する:[0.0008,0.0005,0.0003,0.0000]
	長い:[0.0005,0.0013,0.0003,0.0022]
	血圧:[0.0000,0.0000,0.0000,0.0000]
	改善:[0.0003,0.0001,0.0001,0.0000]
	的だ:[0.0049,0.0028,0.0019,0.0013]
	繊維:[0.0005,0.0004,0.0000,0.0005]
	こと:[0.0097,0.0093,0.0086,0.0051]
	内容:[0.0013,0.0007,0.0006,0.0001]
	食用:[0.0001,0.0001,0.0000,0.0002]
	ほか:[0.0002,0.0002,0.0000,0.0001]
	違う:[0.0011,0.0009,0.0003,0.0008]
	この:[0.0023,0.0031,0.0023,0.0014]
False-Positive

True-Negative:0
False-Positive:2
True-Positive:2
False-Negative:0
precision = 0.500000
recall = 1.000000
fvalue = 0.666667