Section:1
	Ｆｌａｇ：：００００
	ペリカン限定・自分でやるペン先交換
	ペリカン・ペン先ユニット
	生活舎の万年筆では、『ペリカンのスーべレーンシリーズを使っているが、いまの胴軸を活用してペン先のサイズを太くしたい（細くしたい）』または『ペン先を落として曲げてしまった。
	生活舎でペン先だけを販売してもらえないだろうか』というご要望にお応えします。
	生活舎では、ペン先ユニット（ペン先とペン芯のソケットの一体型）をご購入いただきご自身でペン先交換を行えるよう、ペリカン・スーベレーンＭ３００～Ｍ１０００、９００トレドと７００トレド万年筆商品に限定したうえで、正しいペン先の交換方法の開示とペン先（ペン先とペン芯の一体型）の販売を試験的に行っています。
	＜ご注意：ただし、過去９７年以降に新品としてご購入いただいたペンに限定します。
	それ以前の旧型はネジ切り部分の長さが、現行のペン芯とは異なる場合があるからです。
	まずは、以下でご説明する『正しいペン先の外し方』をよくお読みいただき、ご自身でお試しください。
	なお、以下に記述するペン先の外し方および装着方法は、あくまでペリカンの万年筆に特化した機能ですので、ペリカン以外の万年筆で試みることはできませんので、予めご了承ください。
	新しいペン先のご購入については、ペリカンのペン先ユニットご注文ページをご用意しましたので、そちらからご注文をお願いします。
Score:0.00108482349535
EACH_TAG_SCORE:
	image:0.000294025371
	table:0.000345876616651
	graph:0.000157773808114
	flow:0.00028714769959
PARA:
Clueword:
	だろう:[0.0010,0.0005,0.0000,0.0003]
	やる:[0.0004,0.0003,0.0011,0.0001]
	説明:[0.0005,0.0003,0.0001,0.0001]
	くださる:[0.0005,0.0014,0.0021,0.0009]
	うえ:[0.0000,0.0001,0.0001,0.0000]
	もらえる:[0.0001,0.0001,0.0001,0.0000]
	ペリカン:[0.0000,0.0000,0.0001,0.0000]
	以外:[0.0017,0.0016,0.0001,0.0001]
	過去:[0.0002,0.0001,0.0017,0.0009]
	そちら:[0.0000,0.0000,0.0000,0.0000]
	切る:[0.0002,0.0003,0.0001,0.0002]
	しまう:[0.0018,0.0022,0.0024,0.0012]
	交換:[0.0000,0.0000,0.0000,0.0000]
	自分:[0.0013,0.0009,0.0012,0.0008]
	方法:[0.0038,0.0019,0.0124,0.0001]
	注文:[0.0002,0.0002,0.0001,0.0002]
	ある:[0.0113,0.0103,0.0051,0.0037]
	する:[0.0377,0.0379,0.0453,0.0180]
	または:[0.0006,0.0007,0.0008,0.0001]
	いる:[0.0124,0.0129,0.0079,0.0099]
	落とす:[0.0001,0.0002,0.0002,0.0000]
	以下:[0.0010,0.0024,0.0011,0.0002]
	販売:[0.0000,0.0001,0.0000,0.0001]
	願う:[0.0000,0.0000,0.0000,0.0000]
	シリーズ:[0.0000,0.0001,0.0000,0.0001]
	いう:[0.0059,0.0048,0.0034,0.0042]
	こと:[0.0097,0.0093,0.0086,0.0051]
	まずは:[0.0001,0.0002,0.0090,0.0002]
	それ:[0.0013,0.0009,0.0018,0.0009]
	限定:[0.0006,0.0003,0.0000,0.0001]
	および:[0.0000,0.0000,0.0000,0.0000]
	だけ:[0.0014,0.0013,0.0014,0.0007]
	できる:[0.0044,0.0045,0.0022,0.0015]
	特化:[0.0001,0.0000,0.0000,0.0001]
	正しい:[0.0002,0.0002,0.0001,0.0000]
	曲げる:[0.0000,0.0000,0.0001,0.0000]
	つく:[0.0013,0.0015,0.0009,0.0004]
	サイズ:[0.0001,0.0007,0.0001,0.0000]
	商品:[0.0008,0.0001,0.0006,0.0002]
	購入:[0.0001,0.0002,0.0009,0.0000]
	的だ:[0.0049,0.0028,0.0019,0.0013]
	場合:[0.0353,0.0044,0.0023,0.0045]
	自身:[0.0002,0.0001,0.0000,0.0000]
	用意:[0.0002,0.0000,0.0000,0.0000]
	外す:[0.0000,0.0000,0.0001,0.0000]
	読む:[0.0003,0.0005,0.0000,0.0000]
	ます:[0.0228,0.0269,0.0224,0.0150]
	機能:[0.0007,0.0004,0.0000,0.0000]
	たい:[0.0012,0.0013,0.0014,0.0010]
	生活:[0.0003,0.0004,0.0000,0.0001]
	異なる:[0.0019,0.0007,0.0002,0.0001]
	のだ:[0.0071,0.0068,0.0053,0.0039]
	行く:[0.0006,0.0004,0.0002,0.0002]
	から:[0.0057,0.0058,0.0057,0.0033]
	ただす:[0.0000,0.0000,0.0000,0.0000]
	以前:[0.0002,0.0000,0.0000,0.0000]
	いま:[0.0000,0.0000,0.0000,0.0000]
	注意:[0.0003,0.0008,0.0007,0.0005]
	スーベレーン:[0.0000,0.0000,0.0001,0.0000]
	太い:[0.0012,0.0017,0.0001,0.0004]
	記述:[0.0001,0.0004,0.0000,0.0000]
	部分:[0.0020,0.0038,0.0010,0.0001]
	いただく:[0.0001,0.0003,0.0000,0.0000]
	以降:[0.0001,0.0000,0.0019,0.0020]
	あくまで:[0.0000,0.0001,0.0000,0.0001]
	新しい:[0.0002,0.0002,0.0004,0.0001]
	試験:[0.0002,0.0000,0.0000,0.0000]
	細い:[0.0007,0.0014,0.0000,0.0001]
	使う:[0.0028,0.0024,0.0010,0.0006]
	活用:[0.0003,0.0000,0.0000,0.0002]
	よう:[0.0002,0.0001,0.0004,0.0000]
	よい:[0.0014,0.0014,0.0003,0.0004]
	長い:[0.0005,0.0013,0.0003,0.0022]
	万年筆:[0.0000,0.0003,0.0009,0.0000]
	試す:[0.0002,0.0000,0.0000,0.0000]
	ページ:[0.0003,0.0004,0.0004,0.0001]
	新品:[0.0000,0.0000,0.0000,0.0000]
	なお:[0.0003,0.0003,0.0002,0.0001]
	ない:[0.0105,0.0083,0.0076,0.0061]
	ペン:[0.0001,0.0011,0.0032,0.0000]
False-Positive

Section:2
	Ｆｌａｇ：：１００１
	ペン先のはずし方
	万年筆のペン先を一晩ぬるま湯につける
	（１）まず準備です。
	万年筆の中に残っているインクを抜きます。
	万年筆の胴軸からペン先を安全に取りはずすことができるように、水またはぬるま湯（４０度以下）をコップに注ぎ、万年筆をペン先から首軸までドップリ漬けた状態でひと晩おきます。
	（※しばらく使用しなかった万年筆は、インクの固形化によってペン先と首軸が固着された状態になっている場合があり、まずはそれを溶解しましょう）
	ご注意１：決して熱いお湯はご使用にはならないでください。
	本体は樹脂製のため変形する恐れがあります。
	形する恐れがあります。
	（２）ひと晩水に漬けておいた万年筆の胴軸を右手で持ちます。
	（３）左手の親指でペン芯（黒の部分）の腹の部分を押さえます。
	（４）左手のひと差し指でペン先の真ん中をしっかりと押さえます。
	（※取りはずす時に、ペン先とペン芯が微妙なズレを生じると、インク流量に不具合が生じるため、ペン先とペン芯は絶対にズラさないよう十分に気を付けてください）
	（５）左手の親指とひと指し指ではさんだペン先を動かさず、右手で掴んでいる胴軸だけをゆっくりと動かしながら回していきます（尻軸からみて時計と反対回り）。
	ご注意２：絶対にペン先を回転させようとしないでください。
	ペン先とペン芯がズレるおそれがあります。
	ご注意３：この時、かなり固く胴軸が動かない場合は、インクが固化した状態か変質または変形している場合がありますで、無理をせず、弊社までご相談ください。
	（６）胴軸をさらに回していくと、まずペン先とペン芯をホールドしている金属部分があらわれ、次にペン芯の最後部が現れます。
	これで取りはずしは完了です。
	新しいペン先の取り付け方は、この順序を逆にして行いましょう。
	新しいペン先を左手の親指とひと差し指ではさんだ状態で、胴軸だけを回転させながら、ペン先を挿入してください。
	まず最初に、お手持ちのペリカン・スーベレーン万年筆は８００か６００かわからないという方のために、ペンのサイズ表を掲示しましたので、こちらのページをご覧ください。
	また下の画像「ペン先の比較表」でご希望のペン先をクリックするだけで、ご希望のペン先の注文フォームまで飛ぶ事ができます。
Score:0.000877418979212
EACH_TAG_SCORE:
	image:0.000232418524147
	table:0.000247808092571
	graph:0.000128470545108
	flow:0.000268721817386
PARA:
Clueword:
	手持ち:[0.0000,0.0000,0.0001,0.0000]
	はさむ:[0.0000,0.0001,0.0003,0.0000]
	指す:[0.0000,0.0003,0.0002,0.0000]
	差す:[0.0000,0.0001,0.0003,0.0000]
	おく:[0.0014,0.0010,0.0010,0.0012]
	ゆっくり:[0.0000,0.0000,0.0001,0.0001]
	クリック:[0.0000,0.0007,0.0010,0.0000]
	はずす:[0.0000,0.0000,0.0001,0.0000]
	できる:[0.0044,0.0045,0.0022,0.0015]
	ペリカン:[0.0000,0.0000,0.0001,0.0000]
	無理:[0.0000,0.0000,0.0001,0.0000]
	かなり:[0.0005,0.0008,0.0003,0.0001]
	れる:[0.0087,0.0086,0.0069,0.0045]
	ドップリ:[0.0000,0.0000,0.0001,0.0000]
	みる:[0.0011,0.0014,0.0005,0.0011]
	なる:[0.0107,0.0090,0.0073,0.0068]
	安全だ:[0.0001,0.0001,0.0003,0.0002]
	希望:[0.0000,0.0002,0.0003,0.0000]
	つける:[0.0004,0.0008,0.0020,0.0000]
	または:[0.0006,0.0007,0.0008,0.0001]
	次に:[0.0001,0.0002,0.0131,0.0001]
	これ:[0.0015,0.0020,0.0024,0.0011]
	時計:[0.0000,0.0002,0.0001,0.0002]
	それ:[0.0013,0.0009,0.0018,0.0009]
	溶解:[0.0000,0.0000,0.0001,0.0000]
	一晩:[0.0000,0.0000,0.0001,0.0000]
	表:[0.0004,0.0000,0.0000,0.0000]
	左手:[0.0004,0.0017,0.0013,0.0000]
	取り付ける:[0.0000,0.0002,0.0001,0.0000]
	おそれる:[0.0000,0.0001,0.0001,0.0000]
	こちら:[0.0006,0.0004,0.0004,0.0000]
	樹脂:[0.0000,0.0000,0.0001,0.0000]
	まずは:[0.0001,0.0002,0.0090,0.0002]
	スーベレーン:[0.0000,0.0000,0.0001,0.0000]
	熱い:[0.0000,0.0000,0.0001,0.0000]
	使用:[0.0008,0.0008,0.0013,0.0000]
	順序:[0.0000,0.0000,0.0048,0.0000]
	抜く:[0.0001,0.0001,0.0002,0.0000]
	微妙だ:[0.0000,0.0001,0.0001,0.0001]
	金属:[0.0000,0.0001,0.0001,0.0000]
	掴む:[0.0000,0.0000,0.0001,0.0000]
	十分だ:[0.0002,0.0002,0.0003,0.0001]
	インク:[0.0000,0.0002,0.0005,0.0000]
	だけ:[0.0014,0.0013,0.0014,0.0007]
	変形:[0.0000,0.0001,0.0003,0.0000]
	部分:[0.0020,0.0038,0.0010,0.0001]
	後部:[0.0000,0.0002,0.0001,0.0000]
	ズレる:[0.0000,0.0000,0.0001,0.0000]
	ある:[0.0113,0.0103,0.0051,0.0037]
	準備:[0.0001,0.0002,0.0006,0.0000]
	ため:[0.0030,0.0032,0.0027,0.0024]
	万年筆:[0.0000,0.0003,0.0009,0.0000]
	注ぐ:[0.0000,0.0000,0.0001,0.0000]
	新しい:[0.0002,0.0002,0.0004,0.0001]
	比較:[0.0082,0.0011,0.0003,0.0104]
	逆だ:[0.0006,0.0003,0.0001,0.0003]
	固い:[0.0001,0.0001,0.0001,0.0000]
	最初だ:[0.0000,0.0003,0.0003,0.0000]
	わかる:[0.0006,0.0009,0.0004,0.0002]
	恐れる:[0.0000,0.0001,0.0003,0.0001]
	ペン:[0.0001,0.0011,0.0032,0.0000]
	動かす:[0.0001,0.0003,0.0013,0.0000]
	生じる:[0.0002,0.0002,0.0003,0.0000]
	固形:[0.0000,0.0001,0.0001,0.0000]
	相談:[0.0006,0.0001,0.0001,0.0003]
	よる:[0.0024,0.0030,0.0030,0.0025]
	絶対:[0.0000,0.0002,0.0004,0.0000]
	完了:[0.0004,0.0002,0.0005,0.0000]
	ひと:[0.0003,0.0008,0.0013,0.0004]
	よう:[0.0002,0.0001,0.0004,0.0000]
	固着:[0.0000,0.0000,0.0001,0.0000]
	サイズ:[0.0001,0.0007,0.0001,0.0000]
	変質:[0.0000,0.0000,0.0001,0.0000]
	また:[0.0013,0.0021,0.0018,0.0011]
	漬ける:[0.0000,0.0001,0.0003,0.0000]
	画像:[0.0000,0.0041,0.0004,0.0000]
	注文:[0.0002,0.0002,0.0001,0.0002]
	ズレ:[0.0000,0.0000,0.0001,0.0000]
	回す:[0.0001,0.0003,0.0009,0.0001]
	する:[0.0377,0.0379,0.0453,0.0180]
	ズラ:[0.0000,0.0000,0.0001,0.0000]
	流量:[0.0000,0.0000,0.0001,0.0000]
	右手:[0.0004,0.0020,0.0011,0.0000]
	こと:[0.0097,0.0093,0.0086,0.0051]
	この:[0.0023,0.0031,0.0023,0.0014]
	くださる:[0.0005,0.0014,0.0021,0.0009]
	フォーム:[0.0003,0.0004,0.0010,0.0000]
	以下:[0.0010,0.0024,0.0011,0.0002]
	残る:[0.0001,0.0002,0.0002,0.0005]
	決する:[0.0000,0.0001,0.0001,0.0001]
	動く:[0.0004,0.0008,0.0009,0.0004]
	ようだ:[0.0039,0.0045,0.0062,0.0016]
	固化:[0.0000,0.0000,0.0001,0.0000]
	親指:[0.0000,0.0002,0.0005,0.0000]
	いく:[0.0011,0.0015,0.0022,0.0005]
	真ん中:[0.0001,0.0009,0.0001,0.0000]
	いう:[0.0059,0.0048,0.0034,0.0042]
	回る:[0.0001,0.0001,0.0001,0.0000]
	場合:[0.0353,0.0044,0.0023,0.0045]
	現れる:[0.0004,0.0002,0.0003,0.0000]
	コップ:[0.0000,0.0001,0.0001,0.0000]
	挿入:[0.0000,0.0000,0.0001,0.0000]
	いる:[0.0124,0.0129,0.0079,0.0099]
	行う:[0.0007,0.0006,0.0022,0.0001]
	ます:[0.0228,0.0269,0.0224,0.0150]
	まず:[0.0007,0.0007,0.0187,0.0001]
	持つ:[0.0008,0.0007,0.0014,0.0001]
	のだ:[0.0071,0.0068,0.0053,0.0039]
	から:[0.0057,0.0058,0.0057,0.0033]
	掲示:[0.0000,0.0004,0.0001,0.0000]
	具合:[0.0000,0.0001,0.0001,0.0000]
	あらわれる:[0.0000,0.0000,0.0001,0.0000]
	注意:[0.0003,0.0008,0.0007,0.0005]
	ホールド:[0.0000,0.0000,0.0001,0.0000]
	まで:[0.0020,0.0014,0.0016,0.0015]
	さらに:[0.0005,0.0007,0.0031,0.0007]
	付ける:[0.0002,0.0004,0.0008,0.0001]
	しばらく:[0.0001,0.0001,0.0001,0.0001]
	弊社:[0.0001,0.0000,0.0001,0.0000]
	押さえる:[0.0000,0.0001,0.0003,0.0000]
	ない:[0.0105,0.0083,0.0076,0.0061]
	ぬるま湯:[0.0000,0.0001,0.0003,0.0000]
	黒:[0.0000,0.0007,0.0000,0.0000]
	本体:[0.0001,0.0001,0.0001,0.0000]
	せる:[0.0005,0.0017,0.0029,0.0006]
	反対:[0.0004,0.0017,0.0001,0.0000]
	ながら:[0.0001,0.0005,0.0010,0.0005]
	飛ぶ:[0.0001,0.0000,0.0001,0.0000]
	取りはずす:[0.0000,0.0001,0.0004,0.0000]
	しっかり:[0.0001,0.0003,0.0016,0.0001]
	ご覧:[0.0000,0.0001,0.0001,0.0000]
	状態:[0.0028,0.0009,0.0012,0.0006]
	ページ:[0.0003,0.0004,0.0004,0.0001]
	回転:[0.0000,0.0001,0.0003,0.0000]
True-Positive

True-Negative:0
False-Positive:1
True-Positive:1
False-Negative:0
precision = 0.500000
recall = 1.000000
fvalue = 0.666667