Section:6
	Ｆｌａｇ：：００００
	しかし、当時、どんな形だったかは定かではなく、
	今の山状になったのは江戸時代後期とされています。
Score:0.00624106073745
EACH_TAG_SCORE:
	image:0.00176973953992
	table:0.00176640735984
	graph:0.00103860340672
	flow:0.00166631043097
PARA:
Clueword:
	する:[0.0377,0.0379,0.0453,0.0180]
	いる:[0.0124,0.0129,0.0079,0.0099]
	ます:[0.0228,0.0269,0.0224,0.0150]
	どんな:[0.0006,0.0003,0.0000,0.0001]
	なる:[0.0107,0.0090,0.0073,0.0068]
	江戸:[0.0000,0.0000,0.0001,0.0000]
	時代:[0.0002,0.0001,0.0001,0.0003]
	れる:[0.0087,0.0086,0.0069,0.0045]
	ない:[0.0105,0.0083,0.0076,0.0061]
	当時:[0.0002,0.0000,0.0000,0.0000]
	しかし:[0.0004,0.0004,0.0007,0.0004]
False-Positive

Section:2
	Ｆｌａｇ：：００００
	銀閣寺建設の歴史
	銀閣寺を建設したのは室町幕府８代将軍足利義政とされています。
Score:0.00599035950324
EACH_TAG_SCORE:
	image:0.00172831120412
	table:0.0016485516445
	graph:0.000962630649613
	flow:0.00165086600499
PARA:
Clueword:
	建設:[0.0002,0.0001,0.0000,0.0007]
	する:[0.0377,0.0379,0.0453,0.0180]
	足利:[0.0000,0.0000,0.0000,0.0000]
	ます:[0.0228,0.0269,0.0224,0.0150]
	銀閣寺:[0.0002,0.0000,0.0000,0.0000]
	いる:[0.0124,0.0129,0.0079,0.0099]
	歴史:[0.0003,0.0000,0.0000,0.0000]
	れる:[0.0087,0.0086,0.0069,0.0045]
False-Positive

Section:1
	Ｆｌａｇ：：００００
	銀閣寺が建った歴史を簡単に解説
	銀閣寺が建った歴史は金閣寺に比べるとかなり印象が薄いです。
	今回はその銀閣寺に関する歴史をできるだけ簡単にまとめてみました。
	歴史はしっかりテストで点を取ろうとすると細部まで覚える必要がありますが、
	観光であれば、大体のことを知っていることで更に楽しく観光できます。
	楽しくなることが目的なので、できるだけ簡単にしています。
Score:0.00241117358047
EACH_TAG_SCORE:
	image:0.000699743907976
	table:0.000703012080367
	graph:0.000389603646544
	flow:0.00061881394558
PARA:
Clueword:
	今回:[0.0001,0.0001,0.0002,0.0004]
	建つ:[0.0000,0.0000,0.0000,0.0000]
	知る:[0.0007,0.0006,0.0002,0.0007]
	取る:[0.0009,0.0006,0.0001,0.0003]
	覚える:[0.0002,0.0001,0.0001,0.0000]
	まで:[0.0020,0.0014,0.0016,0.0015]
	できる:[0.0044,0.0045,0.0022,0.0015]
	ます:[0.0228,0.0269,0.0224,0.0150]
	かなり:[0.0005,0.0008,0.0003,0.0001]
	比べる:[0.0012,0.0003,0.0000,0.0016]
	歴史:[0.0003,0.0000,0.0000,0.0000]
	です:[0.0011,0.0009,0.0005,0.0006]
	印象:[0.0010,0.0008,0.0001,0.0001]
	みる:[0.0011,0.0014,0.0005,0.0011]
	必要だ:[0.0023,0.0013,0.0019,0.0006]
	その:[0.0018,0.0030,0.0033,0.0011]
	テスト:[0.0000,0.0000,0.0001,0.0000]
	する:[0.0377,0.0379,0.0453,0.0180]
	いる:[0.0124,0.0129,0.0079,0.0099]
	解説:[0.0000,0.0005,0.0001,0.0000]
	薄い:[0.0002,0.0002,0.0000,0.0000]
	なる:[0.0107,0.0090,0.0073,0.0068]
	目的:[0.0008,0.0003,0.0001,0.0000]
	ある:[0.0113,0.0103,0.0051,0.0037]
	銀閣寺:[0.0002,0.0000,0.0000,0.0000]
	簡単だ:[0.0004,0.0003,0.0005,0.0001]
	こと:[0.0097,0.0093,0.0086,0.0051]
	大体:[0.0000,0.0000,0.0000,0.0001]
	しっかり:[0.0001,0.0003,0.0016,0.0001]
	楽しい:[0.0001,0.0000,0.0000,0.0001]
	のだ:[0.0071,0.0068,0.0053,0.0039]
	だけ:[0.0014,0.0013,0.0014,0.0007]
	関する:[0.0002,0.0000,0.0001,0.0002]
	まとめる:[0.0001,0.0002,0.0001,0.0002]
False-Positive

Section:5
	Ｆｌａｇ：：１０００
	それがこの写真。
	銀閣寺庭
	砂が波状に盛り上がっており、その先には山があります。
	このそれぞれには名前がついており、
	波状のものを「銀沙灘（ぎんしゃだん）」
	山になっているものを「向月台（こうげつだい）」といいます。
	足利義政はこの山に登って、月を眺め、夜を楽しんでいたそうです。
Score:0.00168023413972
EACH_TAG_SCORE:
	image:0.000532399493782
	table:0.00049304058567
	graph:0.000294166208016
	flow:0.000360627852254
PARA:
Clueword:
	そうだ:[0.0003,0.0008,0.0005,0.0007]
	しゃだん:[0.0000,0.0000,0.0000,0.0000]
	写真:[0.0009,0.0046,0.0003,0.0000]
	盛り上がる:[0.0000,0.0001,0.0001,0.0000]
	眺める:[0.0000,0.0000,0.0000,0.0000]
	その先:[0.0001,0.0000,0.0000,0.0000]
	ます:[0.0228,0.0269,0.0224,0.0150]
	楽しむ:[0.0002,0.0002,0.0000,0.0001]
	名前:[0.0003,0.0005,0.0008,0.0000]
	足利:[0.0000,0.0000,0.0000,0.0000]
	いう:[0.0059,0.0048,0.0034,0.0042]
	げつ:[0.0000,0.0000,0.0000,0.0000]
	登る:[0.0000,0.0000,0.0000,0.0000]
	こう:[0.0001,0.0002,0.0000,0.0002]
	いる:[0.0124,0.0129,0.0079,0.0099]
	なる:[0.0107,0.0090,0.0073,0.0068]
	ある:[0.0113,0.0103,0.0051,0.0037]
	銀閣寺:[0.0002,0.0000,0.0000,0.0000]
	この:[0.0023,0.0031,0.0023,0.0014]
	おる:[0.0001,0.0006,0.0000,0.0003]
	それ:[0.0013,0.0009,0.0018,0.0009]
	つく:[0.0013,0.0015,0.0009,0.0004]
	それぞれ:[0.0016,0.0004,0.0001,0.0000]
	だい:[0.0000,0.0000,0.0000,0.0000]
	ぎん:[0.0000,0.0000,0.0000,0.0000]
	もの:[0.0026,0.0031,0.0015,0.0008]
True-Positive

Section:3
	Ｆｌａｇ：：０１００
	銀閣寺を建て始めた時期
	応仁の乱が終わって間もない時、銀閣寺の建設は始まります。
	ちなみに、応仁の乱は応仁元年（１４６７年）～文明９年（１４７７年）です。
	建設が始まったのは文明１４年（１４８２年）の事です。
	銀閣寺が建った歴史背景
	１０年も続いた応仁の乱で人々はかなり疲弊、土地はボロボロの状態でしたが、
	その５年後から銀閣寺の建設が始まりました。
	当時は今よりも技術が無かった為、まだまだ土地は回復せず、
	人々も心が晴れるにはすごく時間がかかっていたでしょう。
	建設はそれから８年も続けられ、足利義政が亡くなる直前にやっと終わったそうです。
Score:0.00137379593172
EACH_TAG_SCORE:
	image:0.000373702997889
	table:0.000383882476445
	graph:0.000256471003829
	flow:0.000359739453559
PARA:
Clueword:
	やっと:[0.0000,0.0000,0.0000,0.0001]
	だろう:[0.0010,0.0005,0.0000,0.0003]
	続く:[0.0004,0.0003,0.0004,0.0013]
	亡くなる:[0.0000,0.0000,0.0000,0.0000]
	建つ:[0.0000,0.0000,0.0000,0.0000]
	より:[0.0021,0.0013,0.0003,0.0013]
	ちなみに:[0.0005,0.0003,0.0000,0.0000]
	かなり:[0.0005,0.0008,0.0003,0.0001]
	直前:[0.0000,0.0001,0.0000,0.0000]
	かかる:[0.0011,0.0002,0.0002,0.0002]
	背景:[0.0000,0.0002,0.0000,0.0000]
	建設:[0.0002,0.0001,0.0000,0.0007]
	する:[0.0377,0.0379,0.0453,0.0180]
	いる:[0.0124,0.0129,0.0079,0.0099]
	応仁:[0.0002,0.0000,0.0000,0.0000]
	それ:[0.0013,0.0009,0.0018,0.0009]
	時期:[0.0000,0.0002,0.0000,0.0087]
	無い:[0.0002,0.0001,0.0001,0.0000]
	足利:[0.0000,0.0000,0.0000,0.0000]
	終わる:[0.0002,0.0002,0.0004,0.0001]
	当時:[0.0002,0.0000,0.0000,0.0000]
	元年:[0.0000,0.0000,0.0000,0.0000]
	そうだ:[0.0003,0.0008,0.0005,0.0007]
	建てる:[0.0000,0.0000,0.0000,0.0000]
	続ける:[0.0004,0.0001,0.0000,0.0005]
	疲弊:[0.0000,0.0000,0.0000,0.0000]
	ます:[0.0228,0.0269,0.0224,0.0150]
	人々:[0.0002,0.0001,0.0000,0.0001]
	から:[0.0057,0.0058,0.0057,0.0033]
	歴史:[0.0003,0.0000,0.0000,0.0000]
	土地:[0.0002,0.0001,0.0004,0.0000]
	回復:[0.0003,0.0001,0.0004,0.0004]
	その:[0.0018,0.0030,0.0033,0.0011]
	ボロボロ:[0.0001,0.0000,0.0000,0.0000]
	られる:[0.0026,0.0025,0.0012,0.0015]
	銀閣寺:[0.0002,0.0000,0.0000,0.0000]
	ない:[0.0105,0.0083,0.0076,0.0061]
	始まる:[0.0002,0.0000,0.0015,0.0001]
	時間:[0.0010,0.0004,0.0003,0.0010]
	文明:[0.0001,0.0000,0.0000,0.0001]
	すごい:[0.0000,0.0001,0.0000,0.0000]
	技術:[0.0000,0.0000,0.0005,0.0001]
	始める:[0.0004,0.0003,0.0001,0.0004]
	状態:[0.0028,0.0009,0.0012,0.0006]
	まだまだ:[0.0000,0.0001,0.0000,0.0000]
	晴れる:[0.0000,0.0000,0.0000,0.0000]
True-Positive

Section:4
	Ｆｌａｇ：：００００
	なぜ銀閣寺を建てたのか
	足利義政は文明５年には息子に将軍の地位を譲っていたのです。
	その９年後、銀閣寺の建設が始まります。
	実は先代の真似事だった
	３代将軍足利義満が金閣寺を建てていますが、
	この銀閣寺はそれを真似て作ったと言われています。
	もともと、義満も隠居の為に金閣寺を保有していたそうですが、
	この銀閣寺も隠居の為に作られたのです。
	完成を待てずに住んでしまう子供っぷり
	すみません、子供っぷりは私個人のイメージです。
	銀閣寺の建設を始めたのは、文明１４年（１４８２年）ですが、
	その翌年、文明１５年にはもう銀閣寺に住んでいたという記録があるそうです。
	完成には８年の歳月が費やされたとなっているのに、
	着工から１年後には住み始めてしまうという、
	かなりの前ノリだったのが分かります。
	それだけ隠居したかったのでしょう。
	住み始めてからは、お茶を楽しんだり、習字、筆で書く絵で余生を送っていたのだそうです。
	銀閣寺に関する小話
	ちょっとした小話をご紹介します。
	銀閣寺にはもう一つ名前があった
	タイトルの通りですとちょっと語弊がありますが、
	正式名称は実は銀閣寺ではなく「慈照寺（じしょうじ）」といいます。
	金閣寺にも名前がある通り、銀閣寺にもしっかりした名前がついています。
	金閣を真似して作ったから、銀閣。
	なんとも分かり易いネーミングでしょう。
	銀閣寺には面白い形の庭がある
	俗にいう日本庭園とはまた違った面白い庭が銀閣寺にはあります。
Score:0.000865995226686
EACH_TAG_SCORE:
	image:0.000248414529329
	table:0.000248628481162
	graph:0.00014219330375
	flow:0.000226758912444
PARA:
Clueword:
	始めて:[0.0000,0.0000,0.0000,0.0000]
	日本:[0.0009,0.0006,0.0009,0.0017]
	イメージ:[0.0004,0.0003,0.0007,0.0000]
	翌年:[0.0000,0.0000,0.0001,0.0000]
	名称:[0.0002,0.0001,0.0002,0.0000]
	面白い:[0.0001,0.0001,0.0000,0.0000]
	文明:[0.0001,0.0000,0.0000,0.0001]
	タイトル:[0.0001,0.0001,0.0000,0.0000]
	着工:[0.0000,0.0000,0.0000,0.0003]
	れる:[0.0087,0.0086,0.0069,0.0045]
	いう:[0.0059,0.0048,0.0034,0.0042]
	あう:[0.0007,0.0005,0.0002,0.0001]
	しまう:[0.0018,0.0022,0.0024,0.0012]
	また:[0.0013,0.0021,0.0018,0.0011]
	なる:[0.0107,0.0090,0.0073,0.0068]
	もう:[0.0002,0.0002,0.0006,0.0002]
	つく:[0.0013,0.0015,0.0009,0.0004]
	建設:[0.0002,0.0001,0.0000,0.0007]
	する:[0.0377,0.0379,0.0453,0.0180]
	分かる:[0.0002,0.0002,0.0001,0.0002]
	言う:[0.0010,0.0013,0.0005,0.0004]
	いる:[0.0124,0.0129,0.0079,0.0099]
	通り:[0.0003,0.0002,0.0004,0.0002]
	送る:[0.0001,0.0001,0.0001,0.0000]
	っぷり:[0.0000,0.0000,0.0000,0.0000]
	この:[0.0023,0.0031,0.0023,0.0014]
	それ:[0.0013,0.0009,0.0018,0.0009]
	保有:[0.0002,0.0001,0.0000,0.0001]
	建てる:[0.0000,0.0000,0.0000,0.0000]
	実は:[0.0001,0.0002,0.0000,0.0000]
	足利:[0.0000,0.0000,0.0000,0.0000]
	子供:[0.0001,0.0001,0.0000,0.0000]
	記録:[0.0000,0.0001,0.0000,0.0000]
	易い:[0.0000,0.0000,0.0000,0.0000]
	そうだ:[0.0003,0.0008,0.0005,0.0007]
	作る:[0.0012,0.0011,0.0018,0.0001]
	ます:[0.0228,0.0269,0.0224,0.0150]
	紹介:[0.0003,0.0004,0.0000,0.0000]
	たい:[0.0012,0.0013,0.0014,0.0010]
	書く:[0.0018,0.0008,0.0006,0.0001]
	のだ:[0.0071,0.0068,0.0053,0.0039]
	から:[0.0057,0.0058,0.0057,0.0033]
	真似る:[0.0001,0.0000,0.0000,0.0000]
	だけ:[0.0014,0.0013,0.0014,0.0007]
	もともと:[0.0001,0.0000,0.0000,0.0000]
	完成:[0.0000,0.0003,0.0004,0.0000]
	その:[0.0018,0.0030,0.0033,0.0011]
	ちょっと:[0.0002,0.0001,0.0000,0.0003]
	しっかり:[0.0001,0.0003,0.0016,0.0001]
	名前:[0.0003,0.0005,0.0008,0.0000]
	すみません:[0.0000,0.0001,0.0000,0.0000]
	ある:[0.0113,0.0103,0.0051,0.0037]
	銀閣寺:[0.0002,0.0000,0.0000,0.0000]
	楽しむ:[0.0002,0.0002,0.0000,0.0001]
	始まる:[0.0002,0.0000,0.0015,0.0001]
	個人:[0.0004,0.0001,0.0004,0.0002]
	なぜ:[0.0002,0.0001,0.0000,0.0000]
	違う:[0.0011,0.0009,0.0003,0.0008]
	正式だ:[0.0000,0.0000,0.0000,0.0000]
	始める:[0.0004,0.0003,0.0001,0.0004]
	俗だ:[0.0000,0.0000,0.0000,0.0000]
	かなり:[0.0005,0.0008,0.0003,0.0001]
	関する:[0.0002,0.0000,0.0001,0.0002]
	ない:[0.0105,0.0083,0.0076,0.0061]
False-Positive

True-Negative:0
False-Positive:4
True-Positive:2
False-Negative:0
precision = 0.333333
recall = 1.000000
fvalue = 0.500000