Section:5
	Ｆｌａｇ：：１０００
	食品サンプル型取り手順５
	固まった型取りシリコンを段ボール枠から取り出します。
	食品の埋め込まれた豆腐のようなものができています。
	食品サンプル型取り手順６
	食品を取り外します。
	水で流すなどしてできるだけきれいに取り去る
	水分を残さないようにする
	できるだけ取り出す穴をあけ過ぎないのがポイントです。
	また、食材の裏に塗ったコーキングが固まっていなくて手に付くことがあるので注意。
	食品サンプル型取り完成
	これで型取りは完成です。
	もったいない感じもしますが、取り出した食べ物を食べるのはやめておきましょう。
Score:0.00208388880314
EACH_TAG_SCORE:
	image:0.000610348640387
	table:0.000585367754566
	graph:0.000314592344164
	flow:0.000573580064025
PARA:
Clueword:
	豆腐:[0.0000,0.0000,0.0000,0.0000]
	食べ物:[0.0000,0.0001,0.0000,0.0000]
	完成:[0.0000,0.0003,0.0004,0.0000]
	感じる:[0.0009,0.0010,0.0004,0.0003]
	取る:[0.0009,0.0006,0.0001,0.0003]
	あける:[0.0000,0.0000,0.0000,0.0001]
	型取る:[0.0001,0.0009,0.0018,0.0000]
	水分:[0.0001,0.0004,0.0003,0.0000]
	食品:[0.0004,0.0012,0.0018,0.0004]
	付く:[0.0006,0.0005,0.0000,0.0000]
	できる:[0.0044,0.0045,0.0022,0.0015]
	ます:[0.0228,0.0269,0.0224,0.0150]
	手順:[0.0000,0.0003,0.0081,0.0000]
	また:[0.0013,0.0021,0.0018,0.0011]
	のだ:[0.0071,0.0068,0.0053,0.0039]
	注意:[0.0003,0.0008,0.0007,0.0005]
	から:[0.0057,0.0058,0.0057,0.0033]
	きれいだ:[0.0002,0.0002,0.0000,0.0000]
	れる:[0.0087,0.0086,0.0069,0.0045]
	段ボール:[0.0000,0.0003,0.0006,0.0000]
	もったいない:[0.0000,0.0000,0.0000,0.0000]
	込む:[0.0006,0.0010,0.0006,0.0004]
	これ:[0.0015,0.0020,0.0024,0.0011]
	固まる:[0.0000,0.0002,0.0004,0.0000]
	コーキング:[0.0000,0.0002,0.0004,0.0000]
	残す:[0.0000,0.0001,0.0002,0.0001]
	する:[0.0377,0.0379,0.0453,0.0180]
	いる:[0.0124,0.0129,0.0079,0.0099]
	やめる:[0.0000,0.0001,0.0000,0.0000]
	塗る:[0.0000,0.0001,0.0001,0.0000]
	ある:[0.0113,0.0103,0.0051,0.0037]
	ない:[0.0105,0.0083,0.0076,0.0061]
	こと:[0.0097,0.0093,0.0086,0.0051]
	など:[0.0054,0.0053,0.0021,0.0019]
	サンプル:[0.0001,0.0007,0.0009,0.0000]
	流す:[0.0000,0.0004,0.0004,0.0000]
	食べる:[0.0004,0.0006,0.0003,0.0001]
	食材:[0.0000,0.0002,0.0000,0.0005]
	おく:[0.0014,0.0010,0.0010,0.0012]
	過ぎる:[0.0003,0.0003,0.0001,0.0002]
	埋める:[0.0000,0.0000,0.0000,0.0000]
	もの:[0.0026,0.0031,0.0015,0.0008]
	シリコン:[0.0002,0.0006,0.0013,0.0000]
	ポイント:[0.0025,0.0005,0.0000,0.0014]
	だけ:[0.0014,0.0013,0.0014,0.0007]
	取り外す:[0.0000,0.0001,0.0001,0.0000]
	去る:[0.0000,0.0000,0.0001,0.0000]
	ようだ:[0.0039,0.0045,0.0062,0.0016]
	取り出す:[0.0001,0.0002,0.0001,0.0000]
True-Positive

Section:6
	Ｆｌａｇ：：１１００
	型の取りやすい食品、取りにくい食品
	いろいろやってみましたが型の取りやすい食品、取りにくい食品ありました。
	以下にあげておきます。
	型の取りやすい食品
	初心者にはチョコレートがオススメ。
	形がはっきりしていて型取りの完成型がわかりやすい
	薄いし、溶けるからシリコン型からも取り出しやすい
	マリーやチョイスのような薄くて硬めのクッキーはきれいに取り出せて簡単。
Score:0.00203673742828
EACH_TAG_SCORE:
	image:0.000608673089918
	table:0.000568636416438
	graph:0.000304300170026
	flow:0.000555127751896
PARA:
Clueword:
	硬い:[0.0000,0.0001,0.0000,0.0000]
	シリコン:[0.0002,0.0006,0.0013,0.0000]
	取る:[0.0009,0.0006,0.0001,0.0003]
	って:[0.0005,0.0004,0.0000,0.0003]
	にくい:[0.0010,0.0008,0.0004,0.0001]
	溶ける:[0.0001,0.0002,0.0000,0.0000]
	おく:[0.0014,0.0010,0.0010,0.0012]
	食品:[0.0004,0.0012,0.0018,0.0004]
	ます:[0.0228,0.0269,0.0224,0.0150]
	チョイス:[0.0001,0.0000,0.0000,0.0000]
	から:[0.0057,0.0058,0.0057,0.0033]
	きれいだ:[0.0002,0.0002,0.0000,0.0000]
	いろいろだ:[0.0001,0.0002,0.0001,0.0000]
	マリー:[0.0001,0.0000,0.0000,0.0000]
	みる:[0.0011,0.0014,0.0005,0.0011]
	完成:[0.0000,0.0003,0.0004,0.0000]
	あげる:[0.0002,0.0005,0.0005,0.0008]
	する:[0.0377,0.0379,0.0453,0.0180]
	チョコレート:[0.0000,0.0000,0.0000,0.0000]
	いる:[0.0124,0.0129,0.0079,0.0099]
	薄い:[0.0002,0.0002,0.0000,0.0000]
	ある:[0.0113,0.0103,0.0051,0.0037]
	クッキー:[0.0002,0.0000,0.0000,0.0000]
	簡単だ:[0.0004,0.0003,0.0005,0.0001]
	初心:[0.0003,0.0002,0.0002,0.0001]
	取り出せる:[0.0000,0.0000,0.0000,0.0000]
	はっきり:[0.0003,0.0004,0.0002,0.0000]
	オススメ:[0.0004,0.0004,0.0003,0.0002]
	以下:[0.0010,0.0024,0.0011,0.0002]
	型取る:[0.0001,0.0009,0.0018,0.0000]
	めだ:[0.0007,0.0008,0.0006,0.0003]
	やすい:[0.0028,0.0023,0.0011,0.0006]
	ようだ:[0.0039,0.0045,0.0062,0.0016]
	わかる:[0.0006,0.0009,0.0004,0.0002]
	取り出す:[0.0001,0.0002,0.0001,0.0000]
True-Positive

Section:9
	Ｆｌａｇ：：００００
	食品お兄さん
	初心者の皆はドーナツを避けましょうね～
	また、寿司のネタは簡単なのですが、「しゃり」は難しい。
	ご飯の間にシリコンが入り込んでクモの巣状態になってしまい取り出す難易度は最高クラス。
Score:0.00166398115631
EACH_TAG_SCORE:
	image:0.000491749306646
	table:0.000462230674128
	graph:0.000281959657267
	flow:0.000428041518267
PARA:
Clueword:
	クラス:[0.0003,0.0001,0.0000,0.0000]
	食品:[0.0004,0.0012,0.0018,0.0004]
	ます:[0.0228,0.0269,0.0224,0.0150]
	また:[0.0013,0.0021,0.0018,0.0011]
	のだ:[0.0071,0.0068,0.0053,0.0039]
	クモ:[0.0001,0.0000,0.0000,0.0000]
	しまう:[0.0018,0.0022,0.0024,0.0012]
	込む:[0.0006,0.0010,0.0006,0.0004]
	なる:[0.0107,0.0090,0.0073,0.0068]
	ドーナツ:[0.0001,0.0000,0.0000,0.0000]
	状態:[0.0028,0.0009,0.0012,0.0006]
	寿司:[0.0000,0.0000,0.0000,0.0000]
	最高だ:[0.0000,0.0001,0.0000,0.0001]
	避ける:[0.0001,0.0001,0.0002,0.0003]
	簡単だ:[0.0004,0.0003,0.0005,0.0001]
	初心:[0.0003,0.0002,0.0002,0.0001]
	入る:[0.0005,0.0010,0.0008,0.0003]
	シリコン:[0.0002,0.0006,0.0013,0.0000]
	難易:[0.0001,0.0000,0.0000,0.0000]
	取り出す:[0.0001,0.0002,0.0001,0.0000]
	難しい:[0.0003,0.0005,0.0001,0.0002]
False-Positive

Section:7
	Ｆｌａｇ：：００００
	マリーやチョイスのような薄くて硬めのクッキーはきれいに取り出せて簡単。
	型の取りやすくも取りにくくもない食品
	表面に水分と脂質を含んでいるたいやきや寿司のネタは食品サンプルの作り方～型の取り方～前編の手順２の「段ボールと食品をくっつける段階」ではしっかりくっつけるのが難しく心配が残りますが、
	固まったシリコン型から食品を外す段階は簡単できれいに外せました。
Score:0.00130336678926
EACH_TAG_SCORE:
	image:0.000376886130347
	table:0.000343791142845
	graph:0.000209437123989
	flow:0.000373252392075
PARA:
Clueword:
	硬い:[0.0000,0.0001,0.0000,0.0000]
	寿司:[0.0000,0.0000,0.0000,0.0000]
	取る:[0.0009,0.0006,0.0001,0.0003]
	クッキー:[0.0002,0.0000,0.0000,0.0000]
	水分:[0.0001,0.0004,0.0003,0.0000]
	外す:[0.0000,0.0000,0.0001,0.0000]
	作る:[0.0012,0.0011,0.0018,0.0001]
	食品:[0.0004,0.0012,0.0018,0.0004]
	めだ:[0.0007,0.0008,0.0006,0.0003]
	チョイス:[0.0001,0.0000,0.0000,0.0000]
	から:[0.0057,0.0058,0.0057,0.0033]
	きれいだ:[0.0002,0.0002,0.0000,0.0000]
	にくい:[0.0010,0.0008,0.0004,0.0001]
	マリー:[0.0001,0.0000,0.0000,0.0000]
	段ボール:[0.0000,0.0003,0.0006,0.0000]
	取り出せる:[0.0000,0.0000,0.0000,0.0000]
	くっつける:[0.0000,0.0002,0.0006,0.0000]
	含む:[0.0004,0.0008,0.0004,0.0006]
	いる:[0.0124,0.0129,0.0079,0.0099]
	心配:[0.0000,0.0000,0.0000,0.0003]
	ます:[0.0228,0.0269,0.0224,0.0150]
	薄い:[0.0002,0.0002,0.0000,0.0000]
	ない:[0.0105,0.0083,0.0076,0.0061]
	簡単だ:[0.0004,0.0003,0.0005,0.0001]
	段階:[0.0002,0.0002,0.0000,0.0001]
	サンプル:[0.0001,0.0007,0.0009,0.0000]
	表面:[0.0001,0.0005,0.0000,0.0000]
	手順:[0.0000,0.0003,0.0081,0.0000]
	しっかり:[0.0001,0.0003,0.0016,0.0001]
	残る:[0.0001,0.0002,0.0002,0.0005]
	シリコン:[0.0002,0.0006,0.0013,0.0000]
	やすい:[0.0028,0.0023,0.0011,0.0006]
	ようだ:[0.0039,0.0045,0.0062,0.0016]
	固まる:[0.0000,0.0002,0.0004,0.0000]
	難しい:[0.0003,0.0005,0.0001,0.0002]
False-Positive

Section:2
	Ｆｌａｇ：：１０００
	食品サンプル型取りに使うもの
	食品サンプルの型取りをやる上で準備するものは
	サンプルにしたい本物の食品
	段ボール（牛乳パックでも可）
	太いテープ
	はさみ
	コーキングガン
	コーキングシリコン
	型取りシリコン
	硬化剤
	計り
	紙コップ
	割りばし
	ひとつひとつの材料については食品サンプル作りに使う材料まとめの記事を参考にしてみてください。
Score:0.0011379231184
EACH_TAG_SCORE:
	image:0.000330775894865
	table:0.000303629572743
	graph:0.000146473413429
	flow:0.000357044237362
PARA:
Clueword:
	やる:[0.0004,0.0003,0.0011,0.0001]
	はさむ:[0.0000,0.0001,0.0003,0.0000]
	型取る:[0.0001,0.0009,0.0018,0.0000]
	計る:[0.0000,0.0001,0.0001,0.0000]
	ひとつひとつ:[0.0000,0.0000,0.0000,0.0000]
	くださる:[0.0005,0.0014,0.0021,0.0009]
	コップ:[0.0000,0.0001,0.0001,0.0000]
	作り:[0.0001,0.0001,0.0000,0.0001]
	食品:[0.0004,0.0012,0.0018,0.0004]
	牛乳:[0.0000,0.0000,0.0000,0.0000]
	たい:[0.0012,0.0013,0.0014,0.0010]
	まとめる:[0.0001,0.0002,0.0001,0.0002]
	コーキング:[0.0000,0.0002,0.0004,0.0000]
	段ボール:[0.0000,0.0003,0.0006,0.0000]
	みる:[0.0011,0.0014,0.0005,0.0011]
	太い:[0.0012,0.0017,0.0001,0.0004]
	でも:[0.0029,0.0018,0.0004,0.0017]
	記事:[0.0002,0.0002,0.0000,0.0002]
	する:[0.0377,0.0379,0.0453,0.0180]
	参考:[0.0004,0.0002,0.0000,0.0000]
	硬化:[0.0000,0.0003,0.0005,0.0000]
	サンプル:[0.0001,0.0007,0.0009,0.0000]
	準備:[0.0001,0.0002,0.0006,0.0000]
	テープ:[0.0000,0.0001,0.0003,0.0000]
	つく:[0.0013,0.0015,0.0009,0.0004]
	材料:[0.0000,0.0001,0.0000,0.0000]
	シリコン:[0.0002,0.0006,0.0013,0.0000]
	本物:[0.0001,0.0000,0.0000,0.0000]
	ガン:[0.0000,0.0001,0.0001,0.0000]
	使う:[0.0028,0.0024,0.0010,0.0006]
	パック:[0.0001,0.0000,0.0001,0.0000]
	もの:[0.0026,0.0031,0.0015,0.0008]
	割りばし:[0.0000,0.0000,0.0000,0.0000]
True-Positive

Section:1
	Ｆｌａｇ：：００００
	食品サンプルの作り方～型の取り方～前編
	食品サンプルの作り方～型の取り方～前編です。
	［ａｄｓｅｎｓｅ］
	食品サンプル作りの型の取り方
	食品サンプル作りの型の取り方をまとめておきます。
	この手順に沿ってやれば、誰でも食品サンプルの型がとれてしまうはずです。
Score:0.00100820505914
EACH_TAG_SCORE:
	image:0.000288814434266
	table:0.000253107084925
	graph:0.000157998539367
	flow:0.000308285000584
PARA:
Clueword:
	やる:[0.0004,0.0003,0.0011,0.0001]
	ます:[0.0228,0.0269,0.0224,0.0150]
	取る:[0.0009,0.0006,0.0001,0.0003]
	おく:[0.0014,0.0010,0.0010,0.0012]
	この:[0.0023,0.0031,0.0023,0.0014]
	サンプル:[0.0001,0.0007,0.0009,0.0000]
	沿う:[0.0001,0.0000,0.0001,0.0001]
	作り:[0.0001,0.0001,0.0000,0.0001]
	作る:[0.0012,0.0011,0.0018,0.0001]
	食品:[0.0004,0.0012,0.0018,0.0004]
	手順:[0.0000,0.0003,0.0081,0.0000]
	はずだ:[0.0003,0.0003,0.0000,0.0001]
	まとめる:[0.0001,0.0002,0.0001,0.0002]
	しまう:[0.0018,0.0022,0.0024,0.0012]
	でも:[0.0029,0.0018,0.0004,0.0017]
	とれる:[0.0001,0.0001,0.0000,0.0000]
False-Positive

Section:8
	Ｆｌａｇ：：０１００
	型の取りにくい食品
	マリーやチョイスのようなクッキーは型も取りやすいですが、同じクッキー系でも
	カロリーメイトのようなボロボロ崩れるタイプのクッキーは食品を取りだす段階でシリコン型にくっついてきれいに取り出すのが難しいです。
	同じく、ボロボロ崩れるドーナツも難易度高いです。
	せっかくシリコン型を流し込んだ後８時間も待って固めたのに、食品を取りだす段階でうまくいかずにシリコン部分を削ってしまうと型取りは失敗です。
	ドーナツもシリコンも時間も労力もぎせいになってしまいます。
Score:0.000972041574617
EACH_TAG_SCORE:
	image:0.000280468107775
	table:0.000272788038119
	graph:0.000183696012793
	flow:0.00023508941593
PARA:
Clueword:
	いく:[0.0011,0.0015,0.0022,0.0005]
	失敗:[0.0001,0.0002,0.0003,0.0000]
	崩れる:[0.0001,0.0000,0.0002,0.0001]
	カロリーメイト:[0.0000,0.0000,0.0000,0.0000]
	取る:[0.0009,0.0006,0.0001,0.0003]
	にくい:[0.0010,0.0008,0.0004,0.0001]
	ぎせい:[0.0000,0.0000,0.0000,0.0000]
	同じだ:[0.0013,0.0010,0.0005,0.0009]
	せっかく:[0.0000,0.0000,0.0000,0.0000]
	食品:[0.0004,0.0012,0.0018,0.0004]
	タイプ:[0.0016,0.0004,0.0006,0.0000]
	ます:[0.0228,0.0269,0.0224,0.0150]
	チョイス:[0.0001,0.0000,0.0000,0.0000]
	のだ:[0.0071,0.0068,0.0053,0.0039]
	待つ:[0.0003,0.0003,0.0002,0.0001]
	きれいだ:[0.0002,0.0002,0.0000,0.0000]
	クッキー:[0.0002,0.0000,0.0000,0.0000]
	です:[0.0011,0.0009,0.0005,0.0006]
	マリー:[0.0001,0.0000,0.0000,0.0000]
	しまう:[0.0018,0.0022,0.0024,0.0012]
	取りだす:[0.0001,0.0000,0.0000,0.0000]
	込む:[0.0006,0.0010,0.0006,0.0004]
	なる:[0.0107,0.0090,0.0073,0.0068]
	固める:[0.0000,0.0000,0.0000,0.0000]
	ドーナツ:[0.0001,0.0000,0.0000,0.0000]
	うまい:[0.0002,0.0001,0.0000,0.0000]
	時間:[0.0010,0.0004,0.0003,0.0010]
	くっつく:[0.0001,0.0001,0.0000,0.0000]
	型取る:[0.0001,0.0009,0.0018,0.0000]
	ボロボロ:[0.0001,0.0000,0.0000,0.0000]
	高い:[0.0015,0.0007,0.0005,0.0100]
	難易:[0.0001,0.0000,0.0000,0.0000]
	段階:[0.0002,0.0002,0.0000,0.0001]
	削る:[0.0000,0.0000,0.0000,0.0000]
	流す:[0.0000,0.0004,0.0004,0.0000]
	労力:[0.0000,0.0000,0.0000,0.0000]
	部分:[0.0020,0.0038,0.0010,0.0001]
	シリコン:[0.0002,0.0006,0.0013,0.0000]
	でも:[0.0029,0.0018,0.0004,0.0017]
	やすい:[0.0028,0.0023,0.0011,0.0006]
	ようだ:[0.0039,0.0045,0.0062,0.0016]
	取り出す:[0.0001,0.0002,0.0001,0.0000]
	難しい:[0.0003,0.0005,0.0001,0.0002]
True-Positive

Section:4
	Ｆｌａｇ：：００００
	食品サンプルの作り方～型の取り方～後編
	食品サンプルの作り方～型の取り方～後編です。
	［ａｄｓｅｎｓｅ］
	食品サンプルの作り方～型の取り方～
	食品サンプルの作り方～型の取り方～前編に引き続き食品サンプル作りの型の取り方をまとめました。
Score:0.000783378783676
EACH_TAG_SCORE:
	image:0.000242330463143
	table:0.000201151055957
	graph:0.000126548317851
	flow:0.000213348946725
PARA:
Clueword:
	ます:[0.0228,0.0269,0.0224,0.0150]
	取る:[0.0009,0.0006,0.0001,0.0003]
	サンプル:[0.0001,0.0007,0.0009,0.0000]
	作り:[0.0001,0.0001,0.0000,0.0001]
	作る:[0.0012,0.0011,0.0018,0.0001]
	食品:[0.0004,0.0012,0.0018,0.0004]
	まとめる:[0.0001,0.0002,0.0001,0.0002]
False-Positive

Section:3
	Ｆｌａｇ：：１００１
	食品サンプル型取り手順１
	食品のまわり１ｃｍくらいの枠を段ボールで作ります。
	この時、大きすぎると後で型取りシリコンが余計に多く必要になったり食品サンプルを取り出しにくくなるので最低限の大きさで十分です。
	内側はテープで覆います。
	（後で型取りシリコンが固まった後段ボールを取り外しやすくするため。）
	また、テープはしっかりと隙間なく覆いましょう。
	そうしないとこの画像のように、後で型取りシリコンを流したときに漏れてしまいます。
	では、完成形はこんなイメージ
	このオレオのように２つ分一気に作るのもよいです。
	食品サンプル型取り手順２
	段ボールで作った枠と食品をコーキングシリコンでくっつける。
	食品の底にコーキングシリコンを塗って段ボールで枠にくっつけます。
	（コーキングガンの使い方）
	これは、型取りシリコンを流し込んだときに食品が浮いてくるのを防ぐため。
	浮いてしまうと型取りは失敗してしまうので浮かないようにしっかりくっつけましょう。
	これはマカロンですが悪い例、失敗して食べられないし型もできないし
	食品サンプル型取り手順３
	食品がしっかりくっつけられたら型取りシリコン
	と硬化剤をよくかき混ぜてから
	食品をくっつけた段ボール型に流し込みます。
	このとき、型取りシリコンと硬化剤の割合を間違えると硬化不良を起こしたり早く固まりすぎてしまったりするのでしっかり量を測って混ぜましょう。
	割合は型取りシリコンによって違いますが１ｋｇに対して４０ｍｌのパターンが多いようです。
	また、何度かやってみて気付いたのですが、一度にたくさんの型をとってしまった方が作業効率も良いですし、型取りシリコン１ｋｇにセットになってる硬化剤１瓶をまるまる入れてしまえば計りを使わないで比率も間違えることなくできます。
	さらに、何度も作業スペースを汚す
	リスクも起きませんので
	食品サンプル職人
	今日は食品の型をとる日だ！
	と決めてしまって一気にたくさんの食品の型取り作業をしてしまうのがおすすめです。
	食品サンプル型取り手順４
	このまま水平なところにおいて８時間程固まるのを待ちます。
Score:0.000710183347942
EACH_TAG_SCORE:
	image:0.000200703535359
	table:0.000184924387228
	graph:0.000118029088705
	flow:0.000206526336651
PARA:
Clueword:
	サンプル:[0.0001,0.0007,0.0009,0.0000]
	失敗:[0.0001,0.0002,0.0003,0.0000]
	たくさんだ:[0.0001,0.0002,0.0003,0.0000]
	測る:[0.0000,0.0000,0.0001,0.0000]
	よる:[0.0024,0.0030,0.0030,0.0025]
	こんな:[0.0001,0.0003,0.0003,0.0001]
	では:[0.0002,0.0001,0.0001,0.0000]
	隙間:[0.0000,0.0004,0.0001,0.0000]
	職人:[0.0000,0.0000,0.0001,0.0000]
	食品:[0.0004,0.0012,0.0018,0.0004]
	やる:[0.0004,0.0003,0.0011,0.0001]
	できる:[0.0044,0.0045,0.0022,0.0015]
	起きる:[0.0001,0.0002,0.0010,0.0002]
	混ぜる:[0.0001,0.0001,0.0002,0.0001]
	手順:[0.0000,0.0003,0.0081,0.0000]
	待つ:[0.0003,0.0003,0.0002,0.0001]
	一度に:[0.0000,0.0000,0.0001,0.0000]
	イメージ:[0.0004,0.0003,0.0007,0.0000]
	です:[0.0011,0.0009,0.0005,0.0006]
	段ボール:[0.0000,0.0003,0.0006,0.0000]
	しまう:[0.0018,0.0022,0.0024,0.0012]
	よい:[0.0014,0.0014,0.0003,0.0004]
	なる:[0.0107,0.0090,0.0073,0.0068]
	内側:[0.0003,0.0021,0.0006,0.0000]
	画像:[0.0000,0.0041,0.0004,0.0000]
	くっつける:[0.0000,0.0002,0.0006,0.0000]
	テープ:[0.0000,0.0001,0.0003,0.0000]
	かき混ぜる:[0.0000,0.0000,0.0001,0.0000]
	する:[0.0377,0.0379,0.0453,0.0180]
	防ぐ:[0.0001,0.0002,0.0003,0.0001]
	込む:[0.0006,0.0010,0.0006,0.0004]
	すぎる:[0.0006,0.0007,0.0003,0.0001]
	必要だ:[0.0023,0.0013,0.0019,0.0006]
	さらに:[0.0005,0.0007,0.0031,0.0007]
	間違える:[0.0001,0.0001,0.0007,0.0000]
	最低:[0.0001,0.0000,0.0001,0.0001]
	硬化:[0.0000,0.0003,0.0005,0.0000]
	こと:[0.0097,0.0093,0.0086,0.0051]
	この:[0.0023,0.0031,0.0023,0.0014]
	覆う:[0.0000,0.0001,0.0004,0.0000]
	パターン:[0.0005,0.0002,0.0004,0.0001]
	ところ:[0.0010,0.0004,0.0003,0.0007]
	セット:[0.0001,0.0004,0.0017,0.0003]
	食べる:[0.0004,0.0006,0.0003,0.0001]
	一気だ:[0.0001,0.0002,0.0003,0.0000]
	違う:[0.0011,0.0009,0.0003,0.0008]
	余計だ:[0.0000,0.0001,0.0001,0.0000]
	漏れる:[0.0000,0.0000,0.0001,0.0000]
	効率:[0.0002,0.0001,0.0001,0.0008]
	今日:[0.0000,0.0002,0.0003,0.0000]
	そう:[0.0002,0.0003,0.0008,0.0001]
	とき:[0.0006,0.0019,0.0029,0.0005]
	ようだ:[0.0039,0.0045,0.0062,0.0016]
	作業:[0.0001,0.0002,0.0011,0.0001]
	すすめる:[0.0008,0.0007,0.0003,0.0001]
	不良だ:[0.0000,0.0000,0.0001,0.0000]
	リスク:[0.0002,0.0003,0.0003,0.0000]
	決める:[0.0004,0.0001,0.0004,0.0001]
	浮く:[0.0003,0.0004,0.0004,0.0000]
	多い:[0.0030,0.0023,0.0006,0.0031]
	まわる:[0.0000,0.0001,0.0001,0.0000]
	このまま:[0.0000,0.0000,0.0003,0.0000]
	型取る:[0.0001,0.0009,0.0018,0.0000]
	計る:[0.0000,0.0001,0.0001,0.0000]
	水平だ:[0.0000,0.0001,0.0001,0.0000]
	早い:[0.0000,0.0001,0.0001,0.0003]
	作る:[0.0012,0.0011,0.0018,0.0001]
	オレオ:[0.0000,0.0000,0.0001,0.0000]
	気付く:[0.0000,0.0000,0.0001,0.0000]
	くる:[0.0012,0.0016,0.0007,0.0011]
	入れる:[0.0004,0.0003,0.0002,0.0000]
	また:[0.0013,0.0021,0.0018,0.0011]
	のだ:[0.0071,0.0068,0.0053,0.0039]
	コーキング:[0.0000,0.0002,0.0004,0.0000]
	くらい:[0.0006,0.0003,0.0010,0.0001]
	十分だ:[0.0002,0.0002,0.0003,0.0001]
	にくい:[0.0010,0.0008,0.0004,0.0001]
	大きい:[0.0011,0.0018,0.0014,0.0029]
	とる:[0.0004,0.0007,0.0005,0.0001]
	完成:[0.0000,0.0003,0.0004,0.0000]
	これ:[0.0015,0.0020,0.0024,0.0011]
	固まる:[0.0000,0.0002,0.0004,0.0000]
	良い:[0.0013,0.0011,0.0010,0.0006]
	時間:[0.0010,0.0004,0.0003,0.0010]
	ます:[0.0228,0.0269,0.0224,0.0150]
	取り外す:[0.0000,0.0001,0.0001,0.0000]
	塗る:[0.0000,0.0001,0.0001,0.0000]
	られる:[0.0026,0.0025,0.0012,0.0015]
	マカロン:[0.0000,0.0000,0.0001,0.0000]
	ない:[0.0105,0.0083,0.0076,0.0061]
	汚す:[0.0000,0.0000,0.0001,0.0000]
	比率:[0.0000,0.0000,0.0001,0.0045]
	流す:[0.0000,0.0004,0.0004,0.0000]
	割合:[0.0000,0.0001,0.0003,0.0069]
	ため:[0.0030,0.0032,0.0027,0.0024]
	おく:[0.0014,0.0010,0.0010,0.0012]
	対する:[0.0008,0.0005,0.0003,0.0000]
	起こす:[0.0004,0.0004,0.0001,0.0001]
	しっかり:[0.0001,0.0003,0.0016,0.0001]
	シリコン:[0.0002,0.0006,0.0013,0.0000]
	みる:[0.0011,0.0014,0.0005,0.0011]
	スペース:[0.0001,0.0001,0.0001,0.0000]
	ガン:[0.0000,0.0001,0.0001,0.0000]
	やすい:[0.0028,0.0023,0.0011,0.0006]
	使う:[0.0028,0.0024,0.0010,0.0006]
	まるまる:[0.0000,0.0000,0.0001,0.0000]
	取り出す:[0.0001,0.0002,0.0001,0.0000]
	何度:[0.0001,0.0002,0.0003,0.0000]
	から:[0.0057,0.0058,0.0057,0.0033]
	悪い:[0.0006,0.0002,0.0001,0.0005]
True-Positive

Section:10
	Ｆｌａｇ：：１０００
	食品の型が取れれば食品サンプルは半分終わり
Score:0.000219200596238
EACH_TAG_SCORE:
	image:7.66604053208e-05
	table:2.79290042891e-05
	graph:1.77502201013e-05
	flow:9.68609665273e-05
PARA:
Clueword:
	取れる:[0.0001,0.0002,0.0000,0.0000]
	終わる:[0.0002,0.0002,0.0004,0.0001]
	サンプル:[0.0001,0.0007,0.0009,0.0000]
	半分:[0.0001,0.0001,0.0000,0.0001]
	食品:[0.0004,0.0012,0.0018,0.0004]
False-Negative

True-Negative:0
False-Positive:4
True-Positive:5
False-Negative:1
precision = 0.555556
recall = 0.833333
fvalue = 0.666667