Section:7
	Ｆｌａｇ：：００１０
	運がなくてもスキルとコネがあれば生き残れるが、いかんせん需要と供給のバランスが極端に悪いので、働く側が超供給過多状態。
Score:0.00347784041668
EACH_TAG_SCORE:
	image:0.0009562893572
	table:0.00100951329375
	graph:0.000578183649193
	flow:0.000933854116539
PARA:
Clueword:
	する:[0.0377,0.0379,0.0453,0.0180]
	極端だ:[0.0000,0.0001,0.0000,0.0003]
	ある:[0.0113,0.0103,0.0051,0.0037]
	ない:[0.0105,0.0083,0.0076,0.0061]
	需要:[0.0000,0.0000,0.0000,0.0009]
	バランス:[0.0003,0.0020,0.0002,0.0054]
	コネ:[0.0000,0.0000,0.0000,0.0001]
	いかん:[0.0000,0.0000,0.0000,0.0001]
	のだ:[0.0071,0.0068,0.0053,0.0039]
	働く:[0.0003,0.0004,0.0005,0.0002]
	状態:[0.0028,0.0009,0.0012,0.0006]
	過多だ:[0.0000,0.0000,0.0000,0.0001]
	供給:[0.0000,0.0000,0.0000,0.0003]
	悪い:[0.0006,0.0002,0.0001,0.0005]
	生き残れる:[0.0000,0.0000,0.0000,0.0001]
	スキル:[0.0001,0.0000,0.0000,0.0001]
True-Positive

Section:6
	Ｆｌａｇ：：００００
	個人、法人共にゴーストライターって珍しい生き物でもなんでもない。
	飲み屋に行けば普通にいたりする。
	観測しようがないが、船乗りとかよりはたぶんよっぽど人口がいる。
	そういうことである。
Score:0.00266645931894
EACH_TAG_SCORE:
	image:0.000731890345177
	table:0.000778051706627
	graph:0.000445237889773
	flow:0.000711279377366
PARA:
Clueword:
	する:[0.0377,0.0379,0.0453,0.0180]
	いる:[0.0124,0.0129,0.0079,0.0099]
	ゴースト:[0.0001,0.0000,0.0000,0.0000]
	よっぽど:[0.0000,0.0000,0.0000,0.0000]
	観測:[0.0000,0.0001,0.0000,0.0000]
	って:[0.0005,0.0004,0.0000,0.0003]
	より:[0.0021,0.0013,0.0003,0.0013]
	人口:[0.0001,0.0001,0.0000,0.0017]
	普通だ:[0.0002,0.0002,0.0000,0.0001]
	こと:[0.0097,0.0093,0.0086,0.0051]
	珍しい:[0.0000,0.0000,0.0000,0.0000]
	個人:[0.0004,0.0001,0.0004,0.0002]
	よう:[0.0002,0.0001,0.0004,0.0000]
	ライター:[0.0002,0.0000,0.0000,0.0000]
	そういう:[0.0000,0.0000,0.0000,0.0000]
	行く:[0.0006,0.0004,0.0002,0.0002]
	法人:[0.0000,0.0000,0.0000,0.0000]
	でも:[0.0029,0.0018,0.0004,0.0017]
	ない:[0.0105,0.0083,0.0076,0.0061]
	共に:[0.0001,0.0001,0.0001,0.0000]
False-Positive

Section:2
	Ｆｌａｇ：：０１００
	そんな聴こえの「音楽で飯」発言だが、音楽で飯って具体的にはどんな形があるのだろうか。
	大きく分けると二つだろう。
	自らに広告費をつぎ込み商品として活動する道、アーティスト。
	そのアーティストという商品に曲や演奏を提供する道、作曲家、演奏家。
Score:0.00191789933197
EACH_TAG_SCORE:
	image:0.000533020164673
	table:0.000585183476321
	graph:0.000284068388763
	flow:0.000515627302213
PARA:
Clueword:
	分ける:[0.0014,0.0003,0.0001,0.0002]
	広告:[0.0001,0.0004,0.0000,0.0001]
	いう:[0.0059,0.0048,0.0034,0.0042]
	商品:[0.0008,0.0001,0.0006,0.0002]
	アーティスト:[0.0006,0.0001,0.0000,0.0000]
	聴こえる:[0.0001,0.0001,0.0003,0.0000]
	そんな:[0.0002,0.0001,0.0000,0.0005]
	活動:[0.0001,0.0001,0.0001,0.0001]
	のだ:[0.0071,0.0068,0.0053,0.0039]
	大きい:[0.0011,0.0018,0.0014,0.0029]
	自ら:[0.0002,0.0000,0.0000,0.0000]
	具体:[0.0001,0.0000,0.0000,0.0001]
	その:[0.0018,0.0030,0.0033,0.0011]
	つぎ込む:[0.0001,0.0000,0.0000,0.0000]
	する:[0.0377,0.0379,0.0453,0.0180]
	どんな:[0.0006,0.0003,0.0000,0.0001]
	ある:[0.0113,0.0103,0.0051,0.0037]
	音楽:[0.0005,0.0001,0.0000,0.0001]
	作曲:[0.0005,0.0000,0.0000,0.0000]
	発言:[0.0001,0.0000,0.0000,0.0000]
	的だ:[0.0049,0.0028,0.0019,0.0013]
	演奏:[0.0004,0.0000,0.0000,0.0000]
	って:[0.0005,0.0004,0.0000,0.0003]
	提供:[0.0002,0.0000,0.0004,0.0000]
True-Positive

Section:1
	Ｆｌａｇ：：００００
	「音楽で飯を食う」
	息子娘に言われたくない言葉ランキングトップテンに数えられる言葉だ。
	想像してみてほしい、大枚叩いて大学に東京に送りだした息子が大学生活晩年、就活もせず帰ってきた実家での第一声が「俺、音楽で飯を食いたい」
	２２年前の着床をこんなに後悔する言葉はないだろう。
	どこから教育を違えた．．．胎教か？そう思いつつもとりあえず話を訊いてくれる世の父兄諸君、本当に人間ができている。
	バンドマンの生活なんか最低限度の文化水準を保たぬ酒と女の道。
	憲法違反で殺したっていいのにな。
Score:0.00140384013829
EACH_TAG_SCORE:
	image:0.000403968157451
	table:0.000409984538034
	graph:0.000229151256621
	flow:0.000360736186183
PARA:
Clueword:
	だろう:[0.0010,0.0005,0.0000,0.0003]
	水準:[0.0000,0.0000,0.0002,0.0001]
	最低だ:[0.0001,0.0000,0.0000,0.0002]
	バンド:[0.0001,0.0001,0.0001,0.0000]
	できる:[0.0044,0.0045,0.0022,0.0015]
	本当だ:[0.0001,0.0000,0.0000,0.0000]
	保つ:[0.0001,0.0001,0.0001,0.0000]
	ランキング:[0.0008,0.0000,0.0000,0.0000]
	後悔:[0.0001,0.0000,0.0000,0.0000]
	みる:[0.0011,0.0014,0.0005,0.0011]
	人間:[0.0001,0.0002,0.0001,0.0000]
	する:[0.0377,0.0379,0.0453,0.0180]
	いる:[0.0124,0.0129,0.0079,0.0099]
	言葉:[0.0003,0.0001,0.0000,0.0000]
	って:[0.0005,0.0004,0.0000,0.0003]
	こんなに:[0.0000,0.0000,0.0000,0.0000]
	限度:[0.0000,0.0000,0.0000,0.0001]
	音楽:[0.0005,0.0001,0.0000,0.0001]
	就活:[0.0001,0.0001,0.0000,0.0000]
	言う:[0.0010,0.0013,0.0005,0.0004]
	そう:[0.0002,0.0003,0.0008,0.0001]
	教育:[0.0000,0.0000,0.0000,0.0000]
	いい:[0.0008,0.0008,0.0002,0.0005]
	食う:[0.0001,0.0000,0.0000,0.0000]
	違反:[0.0000,0.0001,0.0001,0.0000]
	たい:[0.0012,0.0013,0.0014,0.0010]
	生活:[0.0003,0.0004,0.0000,0.0001]
	のだ:[0.0071,0.0068,0.0053,0.0039]
	どこ:[0.0002,0.0002,0.0001,0.0002]
	くれる:[0.0004,0.0006,0.0000,0.0000]
	東京:[0.0001,0.0007,0.0002,0.0011]
	ほしい:[0.0002,0.0002,0.0000,0.0000]
	数える:[0.0000,0.0000,0.0000,0.0000]
	文化:[0.0001,0.0000,0.0000,0.0000]
	とりあえず:[0.0000,0.0000,0.0000,0.0000]
	られる:[0.0026,0.0025,0.0012,0.0015]
	大学:[0.0004,0.0005,0.0000,0.0007]
	想像:[0.0002,0.0000,0.0000,0.0005]
	くる:[0.0012,0.0016,0.0007,0.0011]
	れる:[0.0087,0.0086,0.0069,0.0045]
	つつ:[0.0001,0.0000,0.0000,0.0000]
	マン:[0.0000,0.0000,0.0000,0.0000]
	思う:[0.0011,0.0020,0.0027,0.0005]
	殺す:[0.0001,0.0001,0.0000,0.0000]
	ない:[0.0105,0.0083,0.0076,0.0061]
	から:[0.0057,0.0058,0.0057,0.0033]
False-Positive

Section:9
	Ｆｌａｇ：：０１００
	違い、おわかりいただけただろうか
	どうでしょう。
	おわかりいただけたでしょうか。
	そうです、違い、ほぼございません。
	しかし人生とは自己満足の追求にあると僕は考えております。
	こうやってツラツラ「マジでやめとけ」の言い換えを並べてきたけれども、自分がどこまで行けるをかをシビアに試し、一瞬の輝きに生のすべてをつぎ込むその姿にいまだにちょっと惹かれ憧れたりもします。
	その一瞬の輝きがあれば人間生きていた意味があったなと思えるのかもしれない。
	ステージの上のバンドは、本当に何物にも代えがたいカッコよさだし、名曲には価値のつけようもない。
	ただ、内情はみなさんの見ている表層とはだいぶ違ったりするよ。
	今回の記事はこれさえわかってくれれば大満足だ。
	それではまた、次の記事で！
Score:0.0014023853771
EACH_TAG_SCORE:
	image:0.000401744707405
	table:0.000390255883279
	graph:0.000223691464791
	flow:0.000386693321628
PARA:
Clueword:
	いただける:[0.0001,0.0001,0.0000,0.0001]
	だろう:[0.0010,0.0005,0.0000,0.0003]
	やる:[0.0004,0.0003,0.0011,0.0001]
	くれる:[0.0004,0.0006,0.0000,0.0000]
	行ける:[0.0000,0.0001,0.0000,0.0000]
	しれる:[0.0002,0.0003,0.0000,0.0001]
	わかつ:[0.0000,0.0000,0.0001,0.0000]
	意味:[0.0004,0.0005,0.0001,0.0001]
	本当だ:[0.0001,0.0000,0.0000,0.0000]
	今回:[0.0001,0.0001,0.0002,0.0004]
	れる:[0.0087,0.0086,0.0069,0.0045]
	満足:[0.0000,0.0000,0.0014,0.0000]
	あう:[0.0007,0.0005,0.0002,0.0001]
	つける:[0.0004,0.0008,0.0020,0.0000]
	する:[0.0377,0.0379,0.0453,0.0180]
	言う:[0.0010,0.0013,0.0005,0.0004]
	いる:[0.0124,0.0129,0.0079,0.0099]
	つぎ込む:[0.0001,0.0000,0.0000,0.0000]
	思える:[0.0002,0.0000,0.0000,0.0000]
	自分:[0.0013,0.0009,0.0012,0.0008]
	見る:[0.0008,0.0020,0.0005,0.0013]
	とく:[0.0000,0.0000,0.0001,0.0000]
	試す:[0.0002,0.0000,0.0000,0.0000]
	ただ:[0.0004,0.0000,0.0002,0.0003]
	こう:[0.0001,0.0002,0.0000,0.0002]
	換える:[0.0001,0.0001,0.0000,0.0000]
	価値:[0.0003,0.0000,0.0000,0.0000]
	記事:[0.0002,0.0002,0.0000,0.0002]
	そう:[0.0002,0.0003,0.0008,0.0001]
	次の:[0.0006,0.0001,0.0015,0.0000]
	まで:[0.0020,0.0014,0.0016,0.0015]
	ます:[0.0228,0.0269,0.0224,0.0150]
	くる:[0.0012,0.0016,0.0007,0.0011]
	みなさん:[0.0001,0.0000,0.0000,0.0001]
	のだ:[0.0071,0.0068,0.0053,0.0039]
	どこ:[0.0002,0.0002,0.0001,0.0002]
	代える:[0.0000,0.0000,0.0000,0.0000]
	一瞬:[0.0000,0.0000,0.0000,0.0000]
	人生:[0.0000,0.0000,0.0000,0.0000]
	がたい:[0.0000,0.0000,0.0000,0.0001]
	これ:[0.0015,0.0020,0.0024,0.0011]
	その:[0.0018,0.0030,0.0033,0.0011]
	どう:[0.0005,0.0006,0.0004,0.0003]
	ちょっと:[0.0002,0.0001,0.0000,0.0003]
	自己:[0.0002,0.0001,0.0000,0.0002]
	かも:[0.0003,0.0004,0.0000,0.0001]
	それでは:[0.0000,0.0000,0.0095,0.0000]
	考える:[0.0013,0.0012,0.0004,0.0007]
	ほぼ:[0.0003,0.0002,0.0000,0.0007]
	生きる:[0.0000,0.0001,0.0000,0.0000]
	おる:[0.0001,0.0006,0.0000,0.0003]
	ある:[0.0113,0.0103,0.0051,0.0037]
	よう:[0.0002,0.0001,0.0004,0.0000]
	憧れる:[0.0000,0.0000,0.0000,0.0000]
	また:[0.0013,0.0021,0.0018,0.0011]
	やめる:[0.0000,0.0001,0.0000,0.0000]
	すべて:[0.0004,0.0008,0.0002,0.0006]
	バンド:[0.0001,0.0001,0.0001,0.0000]
	さえ:[0.0000,0.0000,0.0000,0.0001]
	追求:[0.0000,0.0000,0.0000,0.0000]
	ない:[0.0105,0.0083,0.0076,0.0061]
	わかる:[0.0006,0.0009,0.0004,0.0002]
	違う:[0.0011,0.0009,0.0003,0.0008]
	しかし:[0.0004,0.0004,0.0007,0.0004]
True-Positive

Section:5
	Ｆｌａｇ：：０１００
	作曲家・演奏家
	例：アイドルとかアニソンとかの曲を作ったりなどをしたりするいわゆる作曲家。
	あと歌手とかアイドルとかのライブだったりレコーディングだったりをサポートするスタジオミュージシャン。
	あとゴーストライター。
	誰か自分以外の人が歌うために曲を作るのがコチラ側。
	最近では歌手が自分で曲を作ることがほとんどになってしまったため、基本的にアイドルの曲やアニソン、あとはＢＧＭとか後は編曲とかがメインの仕事になる。
	個人でやってくというよりも、作曲チームや、作曲、曲提供を生業にしている会社も結構あり、そっちに所属して企業戦士ライクにガシガシ機械的に曲を作るパターンの方が多いかも。
Score:0.00131829862061
EACH_TAG_SCORE:
	image:0.000362153965087
	table:0.00040613884857
	graph:0.000219449503749
	flow:0.000330556303204
PARA:
Clueword:
	アイドル:[0.0002,0.0000,0.0000,0.0000]
	やる:[0.0004,0.0003,0.0011,0.0001]
	ガシガシ:[0.0001,0.0000,0.0000,0.0000]
	ミュージシャン:[0.0001,0.0000,0.0000,0.0000]
	歌手:[0.0002,0.0000,0.0000,0.0000]
	より:[0.0021,0.0013,0.0003,0.0013]
	結構だ:[0.0001,0.0000,0.0000,0.0000]
	多い:[0.0030,0.0023,0.0006,0.0031]
	サポート:[0.0002,0.0001,0.0002,0.0000]
	あと:[0.0006,0.0001,0.0000,0.0001]
	いう:[0.0059,0.0048,0.0034,0.0042]
	しまう:[0.0018,0.0022,0.0024,0.0012]
	ライター:[0.0002,0.0000,0.0000,0.0000]
	なる:[0.0107,0.0090,0.0073,0.0068]
	自分:[0.0013,0.0009,0.0012,0.0008]
	基本:[0.0010,0.0004,0.0001,0.0003]
	する:[0.0377,0.0379,0.0453,0.0180]
	いる:[0.0124,0.0129,0.0079,0.0099]
	ゴースト:[0.0001,0.0000,0.0000,0.0000]
	編曲:[0.0001,0.0000,0.0000,0.0000]
	こと:[0.0097,0.0093,0.0086,0.0051]
	チーム:[0.0002,0.0001,0.0003,0.0001]
	いわゆる:[0.0001,0.0000,0.0000,0.0001]
	コチラ:[0.0001,0.0000,0.0000,0.0000]
	ほとんど:[0.0006,0.0007,0.0001,0.0018]
	演奏:[0.0004,0.0000,0.0000,0.0000]
	以外:[0.0017,0.0016,0.0001,0.0001]
	そっち:[0.0001,0.0000,0.0000,0.0000]
	ライブ:[0.0001,0.0001,0.0000,0.0000]
	的だ:[0.0049,0.0028,0.0019,0.0013]
	アニソン:[0.0001,0.0000,0.0000,0.0000]
	所属:[0.0001,0.0000,0.0000,0.0001]
	作る:[0.0012,0.0011,0.0018,0.0001]
	歌う:[0.0001,0.0000,0.0000,0.0000]
	かも:[0.0003,0.0004,0.0000,0.0001]
	戦士:[0.0001,0.0000,0.0000,0.0000]
	ライク:[0.0001,0.0000,0.0000,0.0000]
	企業:[0.0005,0.0001,0.0011,0.0002]
	仕事:[0.0003,0.0003,0.0005,0.0003]
	スタジオ:[0.0001,0.0000,0.0000,0.0000]
	会社:[0.0013,0.0008,0.0013,0.0008]
	レコーディング:[0.0003,0.0001,0.0000,0.0000]
	ある:[0.0113,0.0103,0.0051,0.0037]
	最近:[0.0003,0.0002,0.0019,0.0018]
	など:[0.0054,0.0053,0.0021,0.0019]
	個人:[0.0004,0.0001,0.0004,0.0002]
	ため:[0.0030,0.0032,0.0027,0.0024]
	作曲:[0.0005,0.0000,0.0000,0.0000]
	メイン:[0.0001,0.0001,0.0002,0.0000]
	提供:[0.0002,0.0000,0.0004,0.0000]
	機械:[0.0001,0.0000,0.0009,0.0000]
	生業:[0.0001,0.0000,0.0000,0.0000]
	パターン:[0.0005,0.0002,0.0004,0.0001]
True-Positive

Section:3
	Ｆｌａｇ：：００００
	それ以外の道、例えば音楽ライターとかスタッフ、マネージャーは普通に不安定で薄給のブラック企業勤めと変わらず、レーベルやマネジメント会社、イベント会社の運営等は将来性の薄い起業と言い換えられる。
	どちらも音楽制作者から一歩遠い所に位置する為今回は上記２種の業種について考えたい。
	一口にアーティストと言えど、作曲家を兼ねていたり兼ねていなかったり形態は様々
	「アーティストはバンドマンで、作曲家は曲作ってるヤツだろ。わかってるよ」
	と、自分の認識確認の為に無意識にこのページを開いたアナタ。
	安心して欲しい。
	わかってるようで結構わかってない部分もある。
	今回はそういう部分の説明、ひいてはみんなが大好きなお金の話をしたい。
	それではいってみよう。
Score:0.00125810505427
EACH_TAG_SCORE:
	image:0.000380720631868
	table:0.000355139605237
	graph:0.000177976306076
	flow:0.000344268511085
PARA:
Clueword:
	今回:[0.0001,0.0001,0.0002,0.0004]
	説明:[0.0005,0.0003,0.0001,0.0001]
	企業:[0.0005,0.0001,0.0011,0.0002]
	バンド:[0.0001,0.0001,0.0001,0.0000]
	普通だ:[0.0002,0.0002,0.0000,0.0001]
	わかつ:[0.0000,0.0000,0.0001,0.0000]
	上記:[0.0005,0.0012,0.0000,0.0000]
	確認:[0.0005,0.0008,0.0010,0.0000]
	業種:[0.0006,0.0000,0.0000,0.0000]
	欲しい:[0.0002,0.0001,0.0001,0.0000]
	みる:[0.0011,0.0014,0.0005,0.0011]
	結構:[0.0001,0.0000,0.0000,0.0000]
	自分:[0.0013,0.0009,0.0012,0.0008]
	認識:[0.0001,0.0001,0.0010,0.0001]
	する:[0.0377,0.0379,0.0453,0.0180]
	言う:[0.0010,0.0013,0.0005,0.0004]
	いる:[0.0124,0.0129,0.0079,0.0099]
	イベント:[0.0000,0.0000,0.0000,0.0000]
	この:[0.0023,0.0031,0.0023,0.0014]
	それ:[0.0013,0.0009,0.0018,0.0009]
	つく:[0.0013,0.0015,0.0009,0.0004]
	みんな:[0.0002,0.0001,0.0000,0.0000]
	音楽:[0.0005,0.0001,0.0000,0.0001]
	遠い:[0.0001,0.0001,0.0000,0.0000]
	変わる:[0.0005,0.0003,0.0003,0.0005]
	兼ねる:[0.0001,0.0000,0.0000,0.0000]
	ようだ:[0.0039,0.0045,0.0062,0.0016]
	以外:[0.0017,0.0016,0.0001,0.0001]
	制作:[0.0000,0.0001,0.0000,0.0000]
	換える:[0.0001,0.0001,0.0000,0.0000]
	いう:[0.0059,0.0048,0.0034,0.0042]
	ページ:[0.0003,0.0004,0.0004,0.0001]
	不安定だ:[0.0001,0.0001,0.0000,0.0000]
	アーティスト:[0.0006,0.0001,0.0000,0.0000]
	安心:[0.0001,0.0002,0.0000,0.0001]
	作る:[0.0012,0.0011,0.0018,0.0001]
	大好きだ:[0.0000,0.0000,0.0000,0.0001]
	たい:[0.0012,0.0013,0.0014,0.0010]
	そういう:[0.0000,0.0000,0.0000,0.0000]
	から:[0.0057,0.0058,0.0057,0.0033]
	例えば:[0.0008,0.0052,0.0003,0.0003]
	部分:[0.0020,0.0038,0.0010,0.0001]
	薄い:[0.0002,0.0002,0.0000,0.0000]
	考える:[0.0013,0.0012,0.0004,0.0007]
	どちら:[0.0004,0.0003,0.0004,0.0000]
	それでは:[0.0000,0.0000,0.0095,0.0000]
	位置:[0.0005,0.0061,0.0005,0.0001]
	られる:[0.0026,0.0025,0.0012,0.0015]
	ある:[0.0113,0.0103,0.0051,0.0037]
	様々だ:[0.0003,0.0001,0.0000,0.0000]
	ライター:[0.0002,0.0000,0.0000,0.0000]
	一口:[0.0000,0.0000,0.0000,0.0000]
	作曲:[0.0005,0.0000,0.0000,0.0000]
	レーベル:[0.0001,0.0000,0.0000,0.0000]
	マン:[0.0000,0.0000,0.0000,0.0000]
	ブラック:[0.0005,0.0016,0.0000,0.0000]
	形態:[0.0001,0.0001,0.0000,0.0000]
	会社:[0.0013,0.0008,0.0013,0.0008]
	将来:[0.0000,0.0001,0.0001,0.0001]
	ない:[0.0105,0.0083,0.0076,0.0061]
	開く:[0.0000,0.0007,0.0024,0.0000]
False-Positive

Section:4
	Ｆｌａｇ：：０１００
	アーティストと作曲家・演奏家の違い
	アーティスト
	例：バンド音楽全般、シンガーソングライター。
	自分たちで自分たちの演奏する曲を作るのがこちら側。
	（アーティストという言葉は厳密ではないが他にいい感じの言葉がない）
	こちら側の方の特徴は曲を作る自分たち自身が有名になるし人前に立つ、つまり自分たちそのものが商品となることだ。
	よくも悪くも芸能人的というか有名人的というか。
	ちなみに聞くところによると”アーティスト”として作詞作曲しているとクレジットされていてもなんだかんだゴーストライターが書いてることも少なくない。
	ホラ、メジャーに行ったら急に音楽性が変わったバンドとか幾つか心当たりがあるでしょう。
	メジャーレーベルにはそこそこ数お抱えの編曲家や作曲チーム等がいて、そこいらからテコ入れがあったりする。
	エイベックスに行ったミュージシャンのメジャー一発目が急にエイベックス臭撒き散らすのとか典型だろう。
	音楽で飯を食う！そう言って一握の成功者になったとしても、その先で自由に音楽をやれるかどうか、それはまた別の話だ。
	アーティスト、特に商品化されたメジャーアーティストという人種はみなさんの想像するカリスマとはちょっと違った実態をしている。
	カリスマは、商品価値の一部。
	コンビニの飯の合成添加物みたいなものだ。
Score:0.000883486287826
EACH_TAG_SCORE:
	image:0.000240247297523
	table:0.000288020798001
	graph:0.000143294472583
	flow:0.000211923719718
PARA:
Clueword:
	だろう:[0.0010,0.0005,0.0000,0.0003]
	合成:[0.0002,0.0001,0.0005,0.0000]
	感じる:[0.0009,0.0010,0.0004,0.0003]
	あう:[0.0007,0.0005,0.0002,0.0001]
	みなさん:[0.0001,0.0000,0.0000,0.0001]
	よる:[0.0024,0.0030,0.0030,0.0025]
	ミュージシャン:[0.0001,0.0000,0.0000,0.0000]
	全般:[0.0001,0.0000,0.0000,0.0000]
	それ:[0.0013,0.0009,0.0018,0.0009]
	抱える:[0.0001,0.0001,0.0000,0.0000]
	テコ入れ:[0.0001,0.0000,0.0000,0.0000]
	価値:[0.0003,0.0000,0.0000,0.0000]
	その先:[0.0001,0.0000,0.0000,0.0000]
	ある:[0.0113,0.0103,0.0051,0.0037]
	ちなみに:[0.0005,0.0003,0.0000,0.0000]
	コンビニ:[0.0001,0.0000,0.0000,0.0001]
	れる:[0.0087,0.0086,0.0069,0.0045]
	聞く:[0.0003,0.0001,0.0012,0.0006]
	なる:[0.0107,0.0090,0.0073,0.0068]
	自分:[0.0013,0.0009,0.0012,0.0008]
	たち:[0.0003,0.0002,0.0000,0.0005]
	する:[0.0377,0.0379,0.0453,0.0180]
	言う:[0.0010,0.0013,0.0005,0.0004]
	いる:[0.0124,0.0129,0.0079,0.0099]
	作詞:[0.0001,0.0000,0.0000,0.0000]
	言葉:[0.0003,0.0001,0.0000,0.0000]
	少ない:[0.0006,0.0012,0.0000,0.0014]
	なんだかんだ:[0.0001,0.0000,0.0000,0.0000]
	悪い:[0.0006,0.0002,0.0001,0.0005]
	こと:[0.0097,0.0093,0.0086,0.0051]
	人種:[0.0001,0.0001,0.0000,0.0000]
	そこそこ:[0.0001,0.0000,0.0000,0.0000]
	ホラ:[0.0001,0.0000,0.0000,0.0000]
	チーム:[0.0002,0.0001,0.0003,0.0001]
	有名だ:[0.0004,0.0001,0.0000,0.0000]
	クレジット:[0.0019,0.0005,0.0000,0.0004]
	やれる:[0.0001,0.0000,0.0000,0.0000]
	音楽:[0.0005,0.0001,0.0000,0.0001]
	商品:[0.0008,0.0001,0.0006,0.0002]
	もの:[0.0026,0.0031,0.0015,0.0008]
	メジャー:[0.0002,0.0000,0.0000,0.0000]
	カリスマ:[0.0001,0.0000,0.0000,0.0000]
	演奏:[0.0004,0.0000,0.0000,0.0000]
	そう:[0.0002,0.0003,0.0008,0.0001]
	変わる:[0.0005,0.0003,0.0003,0.0005]
	撒く:[0.0001,0.0000,0.0000,0.0000]
	レーベル:[0.0001,0.0000,0.0000,0.0000]
	一部:[0.0008,0.0002,0.0000,0.0011]
	こちら:[0.0006,0.0004,0.0004,0.0000]
	バンド:[0.0001,0.0001,0.0001,0.0000]
	いう:[0.0059,0.0048,0.0034,0.0042]
	いい:[0.0008,0.0008,0.0002,0.0005]
	特に:[0.0004,0.0003,0.0002,0.0003]
	自由だ:[0.0002,0.0000,0.0000,0.0001]
	ところ:[0.0010,0.0004,0.0003,0.0007]
	どう:[0.0005,0.0006,0.0004,0.0003]
	そのもの:[0.0002,0.0000,0.0000,0.0001]
	添加:[0.0001,0.0000,0.0000,0.0000]
	アーティスト:[0.0006,0.0001,0.0000,0.0000]
	自身:[0.0002,0.0001,0.0000,0.0000]
	食う:[0.0001,0.0000,0.0000,0.0000]
	作る:[0.0012,0.0011,0.0018,0.0001]
	書く:[0.0018,0.0008,0.0006,0.0001]
	行く:[0.0006,0.0004,0.0002,0.0002]
	から:[0.0057,0.0058,0.0057,0.0033]
	ゴースト:[0.0001,0.0000,0.0000,0.0000]
	成功:[0.0001,0.0001,0.0001,0.0002]
	別だ:[0.0003,0.0001,0.0000,0.0000]
	特徴:[0.0100,0.0019,0.0000,0.0002]
	編曲:[0.0001,0.0000,0.0000,0.0000]
	シンガー:[0.0001,0.0000,0.0000,0.0000]
	典型:[0.0001,0.0001,0.0000,0.0000]
	心当たり:[0.0001,0.0000,0.0000,0.0000]
	ソング:[0.0001,0.0000,0.0000,0.0000]
	ちょっと:[0.0002,0.0001,0.0000,0.0003]
	みたいだ:[0.0002,0.0001,0.0000,0.0002]
	よくも:[0.0001,0.0000,0.0000,0.0000]
	立つ:[0.0004,0.0004,0.0009,0.0004]
	急だ:[0.0002,0.0000,0.0000,0.0000]
	想像:[0.0002,0.0000,0.0000,0.0005]
	そこいら:[0.0001,0.0000,0.0000,0.0000]
	芸能:[0.0001,0.0000,0.0000,0.0000]
	メジャーだ:[0.0001,0.0000,0.0000,0.0000]
	ライター:[0.0002,0.0000,0.0000,0.0000]
	人前:[0.0001,0.0001,0.0005,0.0000]
	作曲:[0.0005,0.0000,0.0000,0.0000]
	また:[0.0013,0.0021,0.0018,0.0011]
	的だ:[0.0049,0.0028,0.0019,0.0013]
	厳密だ:[0.0002,0.0000,0.0000,0.0000]
	エイベックス:[0.0001,0.0000,0.0000,0.0000]
	ない:[0.0105,0.0083,0.0076,0.0061]
	実態:[0.0001,0.0000,0.0000,0.0001]
	散らす:[0.0001,0.0000,0.0001,0.0000]
	違う:[0.0011,0.0009,0.0003,0.0008]
	つまる:[0.0001,0.0000,0.0001,0.0000]
True-Positive

Section:8
	Ｆｌａｇ：：００００
	バンドで食っていきたい！なんて人は夢破れた時のことも含めて大学に進学した方がいいと思う。
	あとゴーストライティングが好きな人とか？お勧めです。
	なるためには
	アーティスト
	まず昔ながらのやり方というか、一番一般的な道というか、ライブハウスで活動していくやつ。
	コンスタントにライブハウスでライブをしたりツアーをしたりしている内に業界の人に目をつけられてデビューとか、そういうやつ。
	これの怖いところは、この一連の流れが事態がライブハウスやレコ屋の経済システムの一部であること。
	あとは事務所とかレーベルとかにデモを送ったり、何かしらのコネでつながったりだとか。
	身も蓋もないがそうとしか言いようがない。
	最近だとボカロＰや歌い手とかツイキャス主、ニコ生主とかブロガーだとかその辺で有名になってからバンドを始めるのも増えてきている。
	そういう意味ではそういうのナシで始められるし有名人の息子とかズルいよな。
	後は運。
	とにかく運。
	どれだけ実力があったとしても運がないと全く日の目をみないことだってザラにある。
	作曲家・演奏家
	コネ。
	一言でいえばコネ。
	もうちょっとマシな言い方をすると師匠とかからの紹介とか。
	大体誰かしらのつながりでどうこうなることが多い。
	一応ネットでも「作曲家募集」とか「スタジオミュージシャン募集」とかで検索すると多少出てくるけど、検索して出てきた結果をみてもらえればなんとなく察しがつくと思う・・・。
	あとオーディションとかね。
	雑誌とかにもたまに広告がのってたり検索したりしたら割とでてくる。
	あとミュージシャンから都落ちを経て所属レーベルの編曲作曲家になるパターンもまま見られる。
	最近ではネットで有名になってそこから仕事がもらえるようになるという、２１世紀らしいやり方もあるが、音楽の技術を磨きつつネットで有名になるために努力もせねばならんという、修羅の道ということだけ伝えておこう。
	お金
	アーティスト
	（かなり）売れたら食える。
	事務所との契約内容やメンバーの数、物販などの売れ行きなど様々な要素が絡むので一概には言えないが、今まで聴いた感じだと全国でワンマン、またはツーマンくらいの規模のライブを開催できるようになれば、どうにか食えるようになるみたいだ。
	逆に言えばそれ以下ぐらいの規模のバンドになると、アレだ、ステージに立っているときではない時間はアルバイトでもして暮らしているのだ。
	結果を出して契約を取れば給料制のうちに働くことができるが、数年やって伸びがなければまあ打ち切りである。
	売れてるバンドだって１０年後まだ大箱を埋められているか、そういう事を考えると本当に厳しい世界だ。
	運が良かったりするとレーベルの社員としてそこに残ったりするケースもあったりするみたいだけど、メンバー全員分の席が空いているほど余力があるレーベルなんて残念ながら日本はないだろう。
	察しがつきますよね。
	今のライブキッズたちは１０年後大掃除か何かで当時買っていたＣＤやＴシャツをみつけ
	「あ、このバンド好きだったなあ。いま何しているんだろ？」
	そんな事を考える。
	そのバンドはね、今ギターとベースは地元に帰って割りばしやオシボリを配達する仕事をしながら親の介護をして、ボーカルは結婚詐欺で東京に居座ってるよ。
	怖いのはこれが実例ってことだよ。
	怖いね。
	作曲家・演奏家
	（業界内で）売れっ子にならないと生活が危うい。
	「俺！音楽で食ってく！」ってキラキラして目で上京していった知り合いは、その後嬉々としてプロになったと報告をしてくれたが、実際蓋を開けてみたら楽器店のアルバイトが生活の基盤になっていた。
	一応聞いたことない名前のゲームのＢＧＭとか作ってるみたいだけど・・・。
	（アーティスト業に比べたら）運がなくてもスキルとコネがあれば生き残れるが、いかんせん需要と供給のバランスが極端に悪いので、働く側が超供給過多状態。
	他業種なら月収１００万くらい稼げるんじゃないかってほどの技術を身に着けてやっと人並みの生活を送ることができる。
	最低限求められるスキルが高すぎる。
	さらに言うと人間性まで求められる。
	ある程度の年齢までに自分の”稼ぎパターン”みたいなのを構築できないと、若いのと同様の低所得、高負荷労働で死ぬ。
	ちなみに僕が見てきた限りだと”アーティスト”商売の音楽業界よりも、こっちの方がオジサンが多い。
	ついで歯に衣着せずに言うと９０年代の感覚のままのオジサンが多い。
	喩えに出すのは申し訳ないんだけど、わかりやすく言えば浜崎あゆみのバックバンドのヨっちゃんみたいな人が多い。
	コレはあくまで僕のイメージだとは断っておきたいんだけど。
	さらに言うとそういうオジサンたちは長年培ったアレもあったりして、やたら演奏が上手い上に業界に顔が利くしコネをたっぷり持ってるので若手に仕事が回ってこない。
	音楽業界に限らず日本の社会の縮図みたいだなこれ・・・。
	若者に十分回ってくるほど仕事があればいいんだけどね。
Score:0.00044209593706
EACH_TAG_SCORE:
	image:0.000117123024489
	table:0.000125235586961
	graph:8.19620786195e-05
	flow:0.00011777524699
PARA:
Clueword:
	一言:[0.0001,0.0001,0.0000,0.0000]
	くれる:[0.0004,0.0006,0.0000,0.0000]
	やる:[0.0004,0.0003,0.0011,0.0001]
	つながる:[0.0000,0.0001,0.0002,0.0003]
	しか:[0.0006,0.0006,0.0000,0.0011]
	ミュージシャン:[0.0001,0.0000,0.0000,0.0000]
	聴く:[0.0002,0.0001,0.0000,0.0000]
	おく:[0.0014,0.0010,0.0010,0.0012]
	意味:[0.0004,0.0005,0.0001,0.0001]
	業種:[0.0006,0.0000,0.0000,0.0000]
	一般:[0.0009,0.0006,0.0006,0.0000]
	なら:[0.0020,0.0011,0.0003,0.0013]
	なる:[0.0107,0.0090,0.0073,0.0068]
	スタジオ:[0.0001,0.0000,0.0000,0.0000]
	若者:[0.0001,0.0001,0.0001,0.0001]
	思う:[0.0011,0.0020,0.0027,0.0005]
	バランス:[0.0003,0.0020,0.0002,0.0054]
	それ:[0.0013,0.0009,0.0018,0.0009]
	ハウス:[0.0000,0.0000,0.0000,0.0000]
	楽器:[0.0000,0.0000,0.0009,0.0000]
	らしい:[0.0003,0.0001,0.0000,0.0001]
	音楽:[0.0005,0.0001,0.0000,0.0001]
	経る:[0.0001,0.0000,0.0001,0.0001]
	結果:[0.0004,0.0004,0.0007,0.0011]
	見る:[0.0008,0.0020,0.0005,0.0013]
	当時:[0.0002,0.0000,0.0000,0.0000]
	レーベル:[0.0001,0.0000,0.0000,0.0000]
	構築:[0.0000,0.0000,0.0000,0.0000]
	広告:[0.0001,0.0004,0.0000,0.0001]
	需要:[0.0000,0.0000,0.0000,0.0009]
	そこ:[0.0005,0.0005,0.0006,0.0001]
	多い:[0.0030,0.0023,0.0006,0.0031]
	よう:[0.0002,0.0001,0.0004,0.0000]
	そう:[0.0002,0.0003,0.0008,0.0001]
	ボーカル:[0.0000,0.0002,0.0000,0.0000]
	食う:[0.0001,0.0000,0.0000,0.0000]
	求める:[0.0001,0.0001,0.0001,0.0000]
	程度:[0.0014,0.0010,0.0007,0.0018]
	紹介:[0.0003,0.0004,0.0000,0.0000]
	くらい:[0.0006,0.0003,0.0010,0.0001]
	増える:[0.0005,0.0000,0.0004,0.0006]
	極端だ:[0.0000,0.0001,0.0000,0.0003]
	その:[0.0018,0.0030,0.0033,0.0011]
	割と:[0.0002,0.0000,0.0000,0.0000]
	供給:[0.0000,0.0000,0.0000,0.0003]
	みたいだ:[0.0002,0.0001,0.0000,0.0002]
	全国:[0.0001,0.0000,0.0000,0.0007]
	良い:[0.0013,0.0011,0.0010,0.0006]
	規模:[0.0002,0.0002,0.0000,0.0003]
	地元:[0.0000,0.0000,0.0000,0.0001]
	介護:[0.0000,0.0001,0.0000,0.0000]
	など:[0.0054,0.0053,0.0021,0.0019]
	生き残れる:[0.0000,0.0000,0.0000,0.0001]
	伸びる:[0.0002,0.0001,0.0000,0.0001]
	ある:[0.0113,0.0103,0.0051,0.0037]
	多少:[0.0001,0.0009,0.0001,0.0001]
	死ぬ:[0.0000,0.0000,0.0005,0.0000]
	やっと:[0.0000,0.0000,0.0000,0.0001]
	始める:[0.0004,0.0003,0.0001,0.0004]
	逆だ:[0.0006,0.0003,0.0001,0.0003]
	でも:[0.0029,0.0018,0.0004,0.0017]
	ない:[0.0105,0.0083,0.0076,0.0061]
	わかる:[0.0006,0.0009,0.0004,0.0002]
	でる:[0.0000,0.0001,0.0000,0.0000]
	なあ:[0.0000,0.0001,0.0000,0.0000]
	察する:[0.0001,0.0000,0.0000,0.0000]
	感覚:[0.0000,0.0001,0.0000,0.0000]
	感じる:[0.0009,0.0010,0.0004,0.0003]
	って:[0.0005,0.0004,0.0000,0.0003]
	本当だ:[0.0001,0.0000,0.0000,0.0000]
	イメージ:[0.0004,0.0003,0.0007,0.0000]
	うち:[0.0001,0.0002,0.0000,0.0006]
	悪い:[0.0006,0.0002,0.0001,0.0005]
	自分:[0.0013,0.0009,0.0012,0.0008]
	年齢:[0.0010,0.0001,0.0000,0.0001]
	日本:[0.0009,0.0006,0.0009,0.0017]
	する:[0.0377,0.0379,0.0453,0.0180]
	一連の:[0.0000,0.0000,0.0000,0.0000]
	編曲:[0.0001,0.0000,0.0000,0.0000]
	たまだ:[0.0000,0.0001,0.0000,0.0000]
	好きだ:[0.0001,0.0002,0.0001,0.0001]
	こと:[0.0097,0.0093,0.0086,0.0051]
	この:[0.0023,0.0031,0.0023,0.0014]
	ベース:[0.0000,0.0001,0.0001,0.0003]
	有名だ:[0.0004,0.0001,0.0000,0.0000]
	流れる:[0.0002,0.0004,0.0007,0.0001]
	以下:[0.0010,0.0024,0.0011,0.0002]
	残る:[0.0001,0.0002,0.0002,0.0005]
	演奏:[0.0004,0.0000,0.0000,0.0000]
	進学:[0.0000,0.0002,0.0000,0.0003]
	だけ:[0.0014,0.0013,0.0014,0.0007]
	検索:[0.0000,0.0000,0.0000,0.0001]
	どれ:[0.0002,0.0001,0.0000,0.0000]
	人間:[0.0001,0.0002,0.0001,0.0000]
	やつ:[0.0000,0.0000,0.0001,0.0000]
	売れる:[0.0001,0.0000,0.0001,0.0001]
	開ける:[0.0000,0.0001,0.0000,0.0000]
	１００万:[0.0001,0.0000,0.0000,0.0000]
	アーティスト:[0.0006,0.0001,0.0000,0.0000]
	同様だ:[0.0003,0.0003,0.0003,0.0000]
	なんて:[0.0003,0.0002,0.0000,0.0003]
	生活:[0.0003,0.0004,0.0000,0.0001]
	そんな:[0.0002,0.0001,0.0000,0.0005]
	結婚:[0.0003,0.0001,0.0000,0.0000]
	仕事:[0.0003,0.0003,0.0005,0.0003]
	これ:[0.0015,0.0020,0.0024,0.0011]
	まで:[0.0020,0.0014,0.0016,0.0015]
	東京:[0.0001,0.0007,0.0002,0.0011]
	高い:[0.0015,0.0007,0.0005,0.0100]
	ます:[0.0228,0.0269,0.0224,0.0150]
	詐欺:[0.0000,0.0001,0.0000,0.0000]
	あくまで:[0.0000,0.0001,0.0000,0.0001]
	大学:[0.0004,0.0005,0.0000,0.0007]
	その辺:[0.0001,0.0000,0.0000,0.0000]
	やすい:[0.0028,0.0023,0.0011,0.0006]
	さらに:[0.0005,0.0007,0.0031,0.0007]
	時間:[0.0010,0.0004,0.0003,0.0010]
	言える:[0.0002,0.0002,0.0000,0.0003]
	作曲:[0.0005,0.0000,0.0000,0.0000]
	努力:[0.0001,0.0000,0.0000,0.0000]
	状態:[0.0028,0.0009,0.0012,0.0006]
	ぐらい:[0.0001,0.0002,0.0004,0.0002]
	のだ:[0.0071,0.0068,0.0053,0.0039]
	ケース:[0.0036,0.0001,0.0000,0.0000]
	比べる:[0.0012,0.0003,0.0000,0.0016]
	だろう:[0.0010,0.0005,0.0000,0.0003]
	パターン:[0.0005,0.0002,0.0004,0.0001]
	あう:[0.0007,0.0005,0.0002,0.0001]
	実際:[0.0001,0.0003,0.0004,0.0007]
	たい:[0.0012,0.0013,0.0014,0.0010]
	できる:[0.0044,0.0045,0.0022,0.0015]
	買う:[0.0002,0.0001,0.0006,0.0004]
	かなり:[0.0005,0.0008,0.0003,0.0001]
	持つ:[0.0008,0.0007,0.0014,0.0001]
	あと:[0.0006,0.0001,0.0000,0.0001]
	ゲーム:[0.0000,0.0001,0.0000,0.0001]
	みる:[0.0011,0.0014,0.0005,0.0011]
	たち:[0.0003,0.0002,0.0000,0.0005]
	つける:[0.0004,0.0008,0.0020,0.0000]
	または:[0.0006,0.0007,0.0008,0.0001]
	言う:[0.0010,0.0013,0.0005,0.0004]
	所得:[0.0000,0.0000,0.0000,0.0000]
	つく:[0.0013,0.0015,0.0009,0.0004]
	含める:[0.0001,0.0000,0.0000,0.0003]
	送る:[0.0001,0.0001,0.0001,0.0000]
	最低:[0.0001,0.0000,0.0001,0.0001]
	ネット:[0.0001,0.0000,0.0000,0.0001]
	スキル:[0.0001,0.0000,0.0000,0.0001]
	全く:[0.0000,0.0001,0.0000,0.0000]
	限り:[0.0001,0.0001,0.0000,0.0001]
	限る:[0.0002,0.0001,0.0000,0.0004]
	着ける:[0.0000,0.0001,0.0002,0.0001]
	割りばし:[0.0000,0.0000,0.0000,0.0000]
	バンド:[0.0001,0.0001,0.0001,0.0000]
	取る:[0.0009,0.0006,0.0001,0.0003]
	システム:[0.0005,0.0003,0.0001,0.0000]
	実例:[0.0000,0.0000,0.0001,0.0000]
	んだ:[0.0003,0.0006,0.0002,0.0003]
	所属:[0.0001,0.0000,0.0000,0.0001]
	空く:[0.0000,0.0000,0.0000,0.0000]
	くる:[0.0012,0.0016,0.0007,0.0011]
	そういう:[0.0000,0.0000,0.0000,0.0000]
	もらえる:[0.0001,0.0001,0.0001,0.0000]
	名前:[0.0003,0.0005,0.0008,0.0000]
	いかん:[0.0000,0.0000,0.0000,0.0001]
	考える:[0.0013,0.0012,0.0004,0.0007]
	られる:[0.0026,0.0025,0.0012,0.0015]
	最近:[0.0003,0.0002,0.0019,0.0018]
	勧める:[0.0001,0.0001,0.0001,0.0000]
	メンバー:[0.0003,0.0000,0.0001,0.0000]
	全員:[0.0001,0.0000,0.0000,0.0001]
	ため:[0.0030,0.0032,0.0027,0.0024]
	月収:[0.0000,0.0000,0.0000,0.0001]
	若手:[0.0000,0.0000,0.0000,0.0001]
	埋める:[0.0000,0.0000,0.0000,0.0000]
	一部:[0.0008,0.0002,0.0000,0.0011]
	だって:[0.0003,0.0001,0.0000,0.0000]
	的だ:[0.0049,0.0028,0.0019,0.0013]
	長年:[0.0000,0.0000,0.0000,0.0000]
	内容:[0.0013,0.0007,0.0006,0.0001]
	上手い:[0.0000,0.0001,0.0001,0.0002]
	回る:[0.0001,0.0001,0.0001,0.0000]
	より:[0.0021,0.0013,0.0003,0.0013]
	ちなみに:[0.0005,0.0003,0.0000,0.0000]
	報告:[0.0011,0.0003,0.0000,0.0001]
	とにかく:[0.0001,0.0001,0.0000,0.0000]
	ギター:[0.0000,0.0000,0.0000,0.0000]
	社会:[0.0001,0.0004,0.0000,0.0007]
	活動:[0.0001,0.0001,0.0001,0.0001]
	給料:[0.0000,0.0000,0.0000,0.0003]
	ライブ:[0.0001,0.0001,0.0000,0.0000]
	過多だ:[0.0000,0.0000,0.0000,0.0001]
	出す:[0.0007,0.0007,0.0006,0.0003]
	もう:[0.0002,0.0002,0.0006,0.0002]
	ゴースト:[0.0001,0.0000,0.0000,0.0000]
	業界:[0.0000,0.0001,0.0000,0.0007]
	いう:[0.0059,0.0048,0.0034,0.0042]
	伝える:[0.0003,0.0005,0.0001,0.0002]
	大体:[0.0000,0.0000,0.0000,0.0001]
	その後:[0.0002,0.0002,0.0133,0.0001]
	残念だ:[0.0000,0.0000,0.0000,0.0002]
	要素:[0.0003,0.0004,0.0000,0.0000]
	打ち切る:[0.0000,0.0000,0.0000,0.0001]
	契約:[0.0009,0.0009,0.0028,0.0000]
	働く:[0.0003,0.0004,0.0005,0.0002]
	一概に:[0.0000,0.0000,0.0000,0.0000]
	暮らす:[0.0000,0.0001,0.0000,0.0001]
	とき:[0.0006,0.0019,0.0029,0.0005]
	ようだ:[0.0039,0.0045,0.0062,0.0016]
	いく:[0.0011,0.0015,0.0022,0.0005]
	様々だ:[0.0003,0.0001,0.0000,0.0000]
	まま:[0.0003,0.0002,0.0001,0.0002]
	いい:[0.0008,0.0008,0.0002,0.0005]
	世界:[0.0007,0.0005,0.0008,0.0008]
	ところ:[0.0010,0.0004,0.0003,0.0007]
	コネ:[0.0000,0.0000,0.0000,0.0001]
	まだ:[0.0001,0.0001,0.0001,0.0002]
	作る:[0.0012,0.0011,0.0018,0.0001]
	いる:[0.0124,0.0129,0.0079,0.0099]
	経済:[0.0002,0.0000,0.0011,0.0009]
	まず:[0.0007,0.0007,0.0187,0.0001]
	から:[0.0057,0.0058,0.0057,0.0033]
	すぎる:[0.0006,0.0007,0.0003,0.0001]
	いま:[0.0000,0.0000,0.0000,0.0000]
	まあ:[0.0000,0.0001,0.0000,0.0000]
	一番:[0.0010,0.0002,0.0000,0.0013]
	世紀:[0.0001,0.0000,0.0000,0.0000]
	ちょっと:[0.0002,0.0001,0.0000,0.0003]
	立つ:[0.0004,0.0004,0.0009,0.0004]
	技術:[0.0000,0.0000,0.0005,0.0001]
	労働:[0.0001,0.0000,0.0000,0.0003]
	つつ:[0.0001,0.0000,0.0000,0.0000]
	聞く:[0.0003,0.0001,0.0012,0.0006]
	けど:[0.0003,0.0002,0.0000,0.0000]
	ほど:[0.0009,0.0005,0.0000,0.0003]
	ながら:[0.0001,0.0005,0.0010,0.0005]
	稼ぐ:[0.0001,0.0000,0.0000,0.0000]
	出る:[0.0009,0.0008,0.0003,0.0006]
	厳しい:[0.0000,0.0001,0.0000,0.0000]
True-Negative

True-Negative:1
False-Positive:3
True-Positive:5
False-Negative:0
precision = 0.625000
recall = 1.000000
fvalue = 0.769231