Section:2
	Ｆｌａｇ：：１０００
	ヘイトスピーチの典型例としては、「○○人は殺せ」などの脅迫的言動や、ゴキブリに例えるなど著しく侮蔑する言動を挙げた。
	地域社会からの排除を扇動する言動も該当し、「○○人は強制送還すべきだ」などの言動を例示。
	その上で、背景や前後の文脈などの諸事情によって「どのような意味が含まれる言動か考慮する必要がある」としている。
Score:0.00200370356653
EACH_TAG_SCORE:
	image:0.000591839632922
	table:0.000576342785135
	graph:0.000318581944737
	flow:0.00051693920374
PARA:
Clueword:
	どのような:[0.0003,0.0004,0.0001,0.0000]
	該当:[0.0007,0.0005,0.0001,0.0000]
	扇動:[0.0000,0.0001,0.0000,0.0000]
	背景:[0.0000,0.0002,0.0000,0.0000]
	よる:[0.0024,0.0030,0.0030,0.0025]
	的だ:[0.0049,0.0028,0.0019,0.0013]
	侮蔑:[0.0000,0.0001,0.0000,0.0000]
	ヘイトスピーチ:[0.0000,0.0001,0.0000,0.0000]
	意味:[0.0004,0.0005,0.0001,0.0001]
	いる:[0.0124,0.0129,0.0079,0.0099]
	ゴキブリ:[0.0000,0.0001,0.0000,0.0000]
	社会:[0.0001,0.0004,0.0000,0.0007]
	考慮:[0.0001,0.0001,0.0001,0.0000]
	脅迫:[0.0000,0.0001,0.0000,0.0000]
	前後:[0.0006,0.0011,0.0026,0.0047]
	から:[0.0057,0.0058,0.0057,0.0033]
	れる:[0.0087,0.0086,0.0069,0.0045]
	例える:[0.0000,0.0008,0.0000,0.0000]
	する:[0.0377,0.0379,0.0453,0.0180]
	挙げる:[0.0000,0.0005,0.0004,0.0000]
	送還:[0.0000,0.0001,0.0000,0.0000]
	必要だ:[0.0023,0.0013,0.0019,0.0006]
	地域:[0.0008,0.0004,0.0000,0.0007]
	排除:[0.0001,0.0001,0.0000,0.0000]
	強制:[0.0000,0.0001,0.0000,0.0000]
	含む:[0.0004,0.0008,0.0004,0.0006]
	など:[0.0054,0.0053,0.0021,0.0019]
	言動:[0.0000,0.0004,0.0000,0.0000]
	例示:[0.0000,0.0008,0.0000,0.0000]
	ある:[0.0113,0.0103,0.0051,0.0037]
	文脈:[0.0000,0.0001,0.0000,0.0000]
	典型:[0.0001,0.0001,0.0000,0.0000]
	その:[0.0018,0.0030,0.0033,0.0011]
	事情:[0.0000,0.0001,0.0000,0.0000]
	べきだ:[0.0003,0.0003,0.0000,0.0000]
	○○:[0.0000,0.0001,0.0000,0.0000]
	著しい:[0.0000,0.0001,0.0000,0.0000]
	殺す:[0.0001,0.0001,0.0000,0.0000]
True-Positive

Section:1
	Ｆｌａｇ：：００００
	特定の人種や民族などへの憎悪をあおるヘイトスピーチについて法務省は、公共施設の使用許可の判断基準やヘイトスピーチの典型を例示した文書を、地方自治体に提供している。
	昨年６月のヘイトスピーチ対策法施行を踏まえた「参考情報」の位置づけで、「ヘイトスピーチ対策プロジェクトチーム」が作成した。
	法務省人権擁護局は「積極的にヘイトスピーチを解消する取り組みを進めてほしい」と話す。
	公共施設の使用許可について、地方自治法は「正当な理由がない限り、住民が公の施設を利用することを拒んではならない」と規定している。
	このため今回の文書は、事前に判明している集会などの内容・実施方法や主催者が過去に行った同種イベントから「諸事情を総合的に勘案して判断する」とした。
	不許可とする場合は、表現行為の事前規制となり、表現や集会の自由を保障した憲法との関係が問題になる。
	このため文書は、不許可とする要件や、自治体側の判断の手続きを公表するよう推奨している。
Score:0.00110625403514
EACH_TAG_SCORE:
	image:0.000283231742819
	table:0.000379325805523
	graph:0.000162743487042
	flow:0.000280952999757
PARA:
Clueword:
	今回:[0.0001,0.0001,0.0002,0.0004]
	作成:[0.0005,0.0003,0.0006,0.0000]
	昨年:[0.0000,0.0000,0.0000,0.0003]
	取り組む:[0.0001,0.0001,0.0000,0.0000]
	利用:[0.0010,0.0003,0.0000,0.0002]
	公表:[0.0000,0.0000,0.0000,0.0002]
	事情:[0.0000,0.0001,0.0000,0.0000]
	よう:[0.0002,0.0001,0.0004,0.0000]
	地方:[0.0001,0.0000,0.0000,0.0001]
	対策:[0.0005,0.0005,0.0011,0.0003]
	公共:[0.0000,0.0000,0.0001,0.0001]
	情報:[0.0007,0.0001,0.0002,0.0000]
	民族:[0.0001,0.0002,0.0000,0.0003]
	する:[0.0377,0.0379,0.0453,0.0180]
	いる:[0.0124,0.0129,0.0079,0.0099]
	話す:[0.0001,0.0002,0.0005,0.0007]
	なる:[0.0107,0.0090,0.0073,0.0068]
	進める:[0.0001,0.0000,0.0000,0.0001]
	こと:[0.0097,0.0093,0.0086,0.0051]
	この:[0.0023,0.0031,0.0023,0.0014]
	文書:[0.0001,0.0004,0.0000,0.0000]
	行為:[0.0000,0.0001,0.0000,0.0000]
	チーム:[0.0002,0.0001,0.0003,0.0001]
	つく:[0.0013,0.0015,0.0009,0.0004]
	解消:[0.0000,0.0002,0.0000,0.0000]
	ほしい:[0.0002,0.0002,0.0000,0.0000]
	限り:[0.0001,0.0001,0.0000,0.0001]
	手続き:[0.0000,0.0000,0.0013,0.0000]
	人種:[0.0001,0.0001,0.0000,0.0000]
	自治:[0.0000,0.0000,0.0000,0.0002]
	自由だ:[0.0002,0.0000,0.0000,0.0001]
	推奨:[0.0002,0.0000,0.0000,0.0001]
	場合:[0.0353,0.0044,0.0023,0.0045]
	使用:[0.0008,0.0008,0.0013,0.0000]
	ヘイトスピーチ:[0.0000,0.0001,0.0000,0.0000]
	理由:[0.0005,0.0003,0.0001,0.0006]
	実施:[0.0002,0.0000,0.0000,0.0000]
	関係:[0.0030,0.0039,0.0003,0.0010]
	総合:[0.0000,0.0000,0.0007,0.0000]
	行く:[0.0006,0.0004,0.0002,0.0002]
	から:[0.0057,0.0058,0.0057,0.0033]
	事前:[0.0000,0.0001,0.0000,0.0002]
	イベント:[0.0000,0.0000,0.0000,0.0000]
	特定:[0.0006,0.0003,0.0000,0.0000]
	要件:[0.0004,0.0003,0.0000,0.0000]
	許可:[0.0009,0.0007,0.0019,0.0000]
	規定:[0.0002,0.0002,0.0000,0.0000]
	プロジェクト:[0.0004,0.0001,0.0000,0.0004]
	判断:[0.0006,0.0007,0.0001,0.0000]
	表現:[0.0008,0.0010,0.0000,0.0000]
	参考:[0.0004,0.0002,0.0000,0.0000]
	保障:[0.0000,0.0001,0.0000,0.0004]
	問題:[0.0005,0.0008,0.0003,0.0003]
	積極:[0.0001,0.0001,0.0000,0.0000]
	過去:[0.0002,0.0001,0.0017,0.0009]
	など:[0.0054,0.0053,0.0021,0.0019]
	施設:[0.0003,0.0000,0.0000,0.0000]
	例示:[0.0000,0.0008,0.0000,0.0000]
	規制:[0.0001,0.0000,0.0000,0.0000]
	踏まえる:[0.0001,0.0001,0.0000,0.0001]
	ため:[0.0030,0.0032,0.0027,0.0024]
	典型:[0.0001,0.0001,0.0000,0.0000]
	住民:[0.0000,0.0000,0.0000,0.0000]
	法務:[0.0000,0.0000,0.0000,0.0000]
	提供:[0.0002,0.0000,0.0004,0.0000]
	的だ:[0.0049,0.0028,0.0019,0.0013]
	方法:[0.0038,0.0019,0.0124,0.0001]
	内容:[0.0013,0.0007,0.0006,0.0001]
	ない:[0.0105,0.0083,0.0076,0.0061]
	基準:[0.0017,0.0001,0.0002,0.0002]
False-Positive

Section:3
	Ｆｌａｇ：：００００
	法務省は昨年末、全国の法務局を通じて自治体への文書提供を開始。
	３日現在で、２３都道府県の６８自治体に提供したという。
	【鈴木一生】
	◇ヘイトスピーチ対策法
	昨年６月３日施行。
	正式名称は「本邦外出身者に対する不当な差別的言動の解消に向けた取組の推進に関する法律」。
	ヘイトスピーチを「差別的意識を助長・誘発する目的で、生命、身体、自由、名誉、財産に危害を加えると告げることや、著しく侮蔑するなどして、地域社会からの排除をあおる差別的言動」と定義。
	差別解消のための教育や相談体制の整備などを国の責務とし、自治体にも解消に向けた努力義務を課す。
	憲法が保障する表現の自由に配慮して、罰則や禁止規定はない。
	◇典型的なヘイトスピーチ
	※法務省人権擁護局作成
	▽脅迫的言動
	「○○人は殺せ」
	「○○人を海に入れろ」
	▽著しく侮蔑する言動
	「ゴキブリ」などの昆虫、動物、物に例える。
	このほか、隠語や略語が用いられたり、一部を伏せ字にしたりするケースもある
	▽地域社会から排除することを扇動する言動
	「○○人はこの町から出て行け」
	「○○人は祖国へ帰れ」
	「○○人は強制送還すべきだ」
Score:0.000752312654098
EACH_TAG_SCORE:
	image:0.000212097674617
	table:0.000233661847785
	graph:0.000115801580835
	flow:0.00019075155086
PARA:
Clueword:
	作成:[0.0005,0.0003,0.0006,0.0000]
	昨年:[0.0000,0.0000,0.0000,0.0003]
	身体:[0.0001,0.0002,0.0002,0.0004]
	名称:[0.0002,0.0001,0.0002,0.0000]
	行く:[0.0006,0.0004,0.0002,0.0002]
	ゴキブリ:[0.0000,0.0001,0.0000,0.0000]
	社会:[0.0001,0.0004,0.0000,0.0007]
	禁止:[0.0003,0.0000,0.0000,0.0002]
	脅迫:[0.0000,0.0001,0.0000,0.0000]
	開始:[0.0000,0.0000,0.0002,0.0001]
	相談:[0.0006,0.0001,0.0001,0.0003]
	対策:[0.0005,0.0005,0.0011,0.0003]
	文書:[0.0001,0.0004,0.0000,0.0000]
	強制:[0.0000,0.0001,0.0000,0.0000]
	通ずる:[0.0001,0.0001,0.0000,0.0000]
	意識:[0.0003,0.0001,0.0005,0.0001]
	用いる:[0.0003,0.0002,0.0000,0.0000]
	する:[0.0377,0.0379,0.0453,0.0180]
	法律:[0.0004,0.0003,0.0001,0.0000]
	典型:[0.0001,0.0001,0.0000,0.0000]
	られる:[0.0026,0.0025,0.0012,0.0015]
	地域:[0.0008,0.0004,0.0000,0.0007]
	体制:[0.0000,0.0000,0.0000,0.0001]
	現在:[0.0004,0.0003,0.0014,0.0003]
	こと:[0.0097,0.0093,0.0086,0.0051]
	この:[0.0023,0.0031,0.0023,0.0014]
	べきだ:[0.0003,0.0003,0.0000,0.0000]
	義務:[0.0000,0.0000,0.0000,0.0000]
	入れる:[0.0004,0.0003,0.0002,0.0000]
	解消:[0.0000,0.0002,0.0000,0.0000]
	○○:[0.0000,0.0001,0.0000,0.0000]
	出る:[0.0009,0.0008,0.0003,0.0006]
	加える:[0.0002,0.0001,0.0000,0.0001]
	略語:[0.0000,0.0000,0.0000,0.0000]
	規定:[0.0002,0.0002,0.0000,0.0000]
	教育:[0.0000,0.0000,0.0000,0.0000]
	一部:[0.0008,0.0002,0.0000,0.0011]
	財産:[0.0000,0.0001,0.0000,0.0000]
	自治:[0.0000,0.0000,0.0000,0.0002]
	いう:[0.0059,0.0048,0.0034,0.0042]
	自由だ:[0.0002,0.0000,0.0000,0.0001]
	的だ:[0.0049,0.0028,0.0019,0.0013]
	侮蔑:[0.0000,0.0001,0.0000,0.0000]
	都道府県:[0.0001,0.0000,0.0000,0.0000]
	ヘイトスピーチ:[0.0000,0.0001,0.0000,0.0000]
	送還:[0.0000,0.0001,0.0000,0.0000]
	対する:[0.0008,0.0005,0.0003,0.0000]
	整備:[0.0000,0.0000,0.0000,0.0001]
	例える:[0.0000,0.0008,0.0000,0.0000]
	殺す:[0.0001,0.0001,0.0000,0.0000]
	ほか:[0.0002,0.0002,0.0000,0.0001]
	扇動:[0.0000,0.0001,0.0000,0.0000]
	表現:[0.0008,0.0010,0.0000,0.0000]
	全国:[0.0001,0.0000,0.0000,0.0007]
	推進:[0.0000,0.0000,0.0000,0.0000]
	保障:[0.0000,0.0001,0.0000,0.0004]
	配慮:[0.0000,0.0000,0.0001,0.0000]
	目的:[0.0008,0.0003,0.0001,0.0000]
	正式だ:[0.0000,0.0000,0.0000,0.0000]
	など:[0.0054,0.0053,0.0021,0.0019]
	言動:[0.0000,0.0004,0.0000,0.0000]
	ある:[0.0113,0.0103,0.0051,0.0037]
	ため:[0.0030,0.0032,0.0027,0.0024]
	排除:[0.0001,0.0001,0.0000,0.0000]
	生命:[0.0000,0.0000,0.0000,0.0001]
	法務:[0.0000,0.0000,0.0000,0.0000]
	定義:[0.0000,0.0000,0.0001,0.0000]
	努力:[0.0001,0.0000,0.0000,0.0000]
	提供:[0.0002,0.0000,0.0004,0.0000]
	向ける:[0.0000,0.0003,0.0016,0.0003]
	著しい:[0.0000,0.0001,0.0000,0.0000]
	関する:[0.0002,0.0000,0.0001,0.0002]
	ケース:[0.0036,0.0001,0.0000,0.0000]
	ない:[0.0105,0.0083,0.0076,0.0061]
	動物:[0.0008,0.0003,0.0002,0.0002]
	昆虫:[0.0000,0.0001,0.0000,0.0000]
	から:[0.0057,0.0058,0.0057,0.0033]
False-Positive

True-Negative:0
False-Positive:2
True-Positive:1
False-Negative:0
precision = 0.333333
recall = 1.000000
fvalue = 0.500000