Section:4
	Ｆｌａｇ：：００００
	かなりスッキリしますよ。
Score:0.00990208567844
EACH_TAG_SCORE:
	image:0.00285124803452
	table:0.00265052215396
	graph:0.00144361021808
	flow:0.00295670527188
PARA:
Clueword:
	ます:[0.0228,0.0269,0.0224,0.0150]
	する:[0.0377,0.0379,0.0453,0.0180]
	かなり:[0.0005,0.0008,0.0003,0.0001]
	スッキリ:[0.0000,0.0001,0.0000,0.0000]
False-Positive

Section:2
	Ｆｌａｇ：：１０００
	肩甲骨はがしをすることで、肩甲骨周りの血行がよくなりコリがほぐれるだけではなく、実は姿勢矯正、バストアップ、ダイエットにまでなるいという驚くべき効果まであるんです。
	ほかにも、
	・肩こりが解消される
	・猫背が治る
	・リンパの流れが良くなる
	・褐色脂肪細胞が活性化して代謝がよくなる
	・腰痛が改善される
	・身体のラインが美しくなる
	・身体全体が軽くなる感じがする
	・目が疲れにくくなる
	・顔のたるみを防ぐ
	・骨盤の歪みを解消してくれる
	などなど、女性にもうれしい効果がたくさんあります。
Score:0.00182789634832
EACH_TAG_SCORE:
	image:0.000534967334207
	table:0.00052359231394
	graph:0.00028866330435
	flow:0.00048067339582
PARA:
Clueword:
	たるむ:[0.0000,0.0001,0.0000,0.0000]
	ほぐれる:[0.0000,0.0001,0.0000,0.0000]
	くれる:[0.0004,0.0006,0.0000,0.0000]
	リンパ:[0.0000,0.0001,0.0002,0.0000]
	いう:[0.0059,0.0048,0.0034,0.0042]
	腰痛:[0.0000,0.0001,0.0000,0.0000]
	いい:[0.0008,0.0008,0.0002,0.0005]
	改善:[0.0003,0.0001,0.0001,0.0000]
	血行:[0.0000,0.0001,0.0000,0.0000]
	猫背:[0.0000,0.0001,0.0000,0.0000]
	身体:[0.0001,0.0002,0.0002,0.0004]
	骨盤:[0.0000,0.0001,0.0000,0.0000]
	まで:[0.0020,0.0014,0.0016,0.0015]
	などなど:[0.0000,0.0001,0.0000,0.0000]
	実は:[0.0001,0.0002,0.0000,0.0000]
	んだ:[0.0003,0.0006,0.0002,0.0003]
	治る:[0.0000,0.0001,0.0000,0.0000]
	コリ:[0.0000,0.0001,0.0000,0.0000]
	感じる:[0.0009,0.0010,0.0004,0.0003]
	れる:[0.0087,0.0086,0.0069,0.0045]
	脂肪:[0.0004,0.0007,0.0000,0.0000]
	周り:[0.0000,0.0001,0.0005,0.0000]
	がし:[0.0000,0.0001,0.0005,0.0000]
	女性:[0.0006,0.0006,0.0002,0.0009]
	にくい:[0.0010,0.0008,0.0004,0.0001]
	なる:[0.0107,0.0090,0.0073,0.0068]
	軽い:[0.0008,0.0009,0.0017,0.0000]
	歪む:[0.0000,0.0001,0.0000,0.0000]
	褐色:[0.0000,0.0006,0.0001,0.0000]
	する:[0.0377,0.0379,0.0453,0.0180]
	驚く:[0.0001,0.0001,0.0000,0.0000]
	防ぐ:[0.0001,0.0002,0.0003,0.0001]
	疲れる:[0.0000,0.0001,0.0000,0.0000]
	美しい:[0.0001,0.0002,0.0000,0.0000]
	たくさんだ:[0.0001,0.0002,0.0003,0.0000]
	良い:[0.0013,0.0011,0.0010,0.0006]
	細胞:[0.0003,0.0005,0.0019,0.0000]
	ある:[0.0113,0.0103,0.0051,0.0037]
	バスト:[0.0000,0.0001,0.0000,0.0000]
	ほか:[0.0002,0.0002,0.0000,0.0001]
	こと:[0.0097,0.0093,0.0086,0.0051]
	活性:[0.0001,0.0001,0.0000,0.0000]
	ます:[0.0228,0.0269,0.0224,0.0150]
	姿勢:[0.0001,0.0011,0.0000,0.0000]
	よい:[0.0014,0.0014,0.0003,0.0004]
	ダイエット:[0.0000,0.0002,0.0000,0.0000]
	解消:[0.0000,0.0002,0.0000,0.0000]
	流れる:[0.0002,0.0004,0.0007,0.0001]
	うれしい:[0.0000,0.0001,0.0000,0.0000]
	矯正:[0.0000,0.0001,0.0000,0.0000]
	肩こり:[0.0000,0.0001,0.0000,0.0000]
	肩甲骨:[0.0000,0.0002,0.0014,0.0000]
	ライン:[0.0001,0.0003,0.0001,0.0001]
	だけ:[0.0014,0.0013,0.0014,0.0007]
	効果:[0.0015,0.0010,0.0000,0.0005]
	代謝:[0.0000,0.0001,0.0000,0.0000]
	全体:[0.0003,0.0009,0.0013,0.0004]
	ない:[0.0105,0.0083,0.0076,0.0061]
	アップ:[0.0002,0.0006,0.0003,0.0024]
	べし:[0.0001,0.0003,0.0000,0.0001]
True-Positive

Section:3
	Ｆｌａｇ：：０００１
	肩甲骨はがしのやり方
	まず簡単な方法として、
	【１】両手を肩にあてそのままヒジを大きくぐるぐると回すものです、前まわしと後ろまわしを５回くらいおこないましょう。
	【２】両手を上にあげ、手の平を内側に向けます。
	そのままひじを開くように腕をおろし背中を引き締めます。
	その時に、手の平を外側に向けるようにしましょう。
	肩甲骨を動かすことが目的になります。
	（１０回を２セット程度）
	【３】腰に掌を外側に向けた状態で添えて、両ひじを背中の後ろでつけるような気持ちでパタパタとさせます。
	もちろん、肩甲骨を意識して行います。
	（１０回を２セット）
	【４】最後にもう一度、両手を方にあててひじを大きくぐるぐる回すを、前まわしと後ろ周りで５回くらい行います。
Score:0.00136676269758
EACH_TAG_SCORE:
	image:0.00035227986434
	table:0.000328124317523
	graph:0.000175069943704
	flow:0.000511288572011
PARA:
Clueword:
	やる:[0.0004,0.0003,0.0011,0.0001]
	動かす:[0.0001,0.0003,0.0013,0.0000]
	行う:[0.0007,0.0006,0.0022,0.0001]
	そのまま:[0.0000,0.0002,0.0010,0.0001]
	もう:[0.0002,0.0002,0.0006,0.0002]
	添える:[0.0000,0.0001,0.0007,0.0000]
	パタパタ:[0.0000,0.0000,0.0005,0.0000]
	おこなう:[0.0001,0.0001,0.0005,0.0000]
	後ろ:[0.0000,0.0019,0.0016,0.0000]
	なる:[0.0107,0.0090,0.0073,0.0068]
	内側:[0.0003,0.0021,0.0006,0.0000]
	方法:[0.0038,0.0019,0.0124,0.0001]
	つける:[0.0004,0.0008,0.0020,0.0000]
	回す:[0.0001,0.0003,0.0009,0.0001]
	する:[0.0377,0.0379,0.0453,0.0180]
	背中:[0.0000,0.0001,0.0010,0.0000]
	ヒジ:[0.0000,0.0000,0.0005,0.0000]
	簡単だ:[0.0004,0.0003,0.0005,0.0001]
	こと:[0.0097,0.0093,0.0086,0.0051]
	セット:[0.0001,0.0004,0.0017,0.0003]
	おろす:[0.0000,0.0001,0.0006,0.0000]
	引き締める:[0.0000,0.0000,0.0005,0.0000]
	両手:[0.0000,0.0003,0.0019,0.0000]
	外側:[0.0003,0.0022,0.0010,0.0000]
	肩甲骨:[0.0000,0.0002,0.0014,0.0000]
	ようだ:[0.0039,0.0045,0.0062,0.0016]
	もの:[0.0026,0.0031,0.0015,0.0008]
	ひじ:[0.0000,0.0000,0.0014,0.0000]
	意識:[0.0003,0.0001,0.0005,0.0001]
	的だ:[0.0049,0.0028,0.0019,0.0013]
	ます:[0.0228,0.0269,0.0224,0.0150]
	まず:[0.0007,0.0007,0.0187,0.0001]
	くらい:[0.0006,0.0003,0.0010,0.0001]
	開く:[0.0000,0.0007,0.0024,0.0000]
	大きい:[0.0011,0.0018,0.0014,0.0029]
	周り:[0.0000,0.0001,0.0005,0.0000]
	がし:[0.0000,0.0001,0.0005,0.0000]
	あげる:[0.0002,0.0005,0.0005,0.0008]
	わし:[0.0000,0.0000,0.0014,0.0000]
	その:[0.0018,0.0030,0.0033,0.0011]
	気持ち:[0.0001,0.0001,0.0005,0.0000]
	程度:[0.0014,0.0010,0.0007,0.0018]
	最後だ:[0.0001,0.0004,0.0009,0.0000]
	せる:[0.0005,0.0017,0.0029,0.0006]
	手の平:[0.0000,0.0000,0.0009,0.0000]
	あてる:[0.0000,0.0000,0.0010,0.0000]
	状態:[0.0028,0.0009,0.0012,0.0006]
	ぐるぐる:[0.0000,0.0000,0.0009,0.0000]
	向ける:[0.0000,0.0003,0.0016,0.0003]
	もちろん:[0.0003,0.0001,0.0005,0.0000]
True-Positive

Section:1
	Ｆｌａｇ：：００００
	肩甲骨はがしの効果
	肩甲骨姿勢
Score:0.000246510734617
EACH_TAG_SCORE:
	image:9.27251273122e-05
	table:6.31574960182e-05
	graph:2.05387473471e-05
	flow:7.0089363939e-05
PARA:
Clueword:
	肩甲骨:[0.0000,0.0002,0.0014,0.0000]
	がし:[0.0000,0.0001,0.0005,0.0000]
	効果:[0.0015,0.0010,0.0000,0.0005]
	姿勢:[0.0001,0.0011,0.0000,0.0000]
True-Negative

True-Negative:1
False-Positive:1
True-Positive:2
False-Negative:0
precision = 0.666667
recall = 1.000000
fvalue = 0.800000