Section:4
	Ｆｌａｇ：：１０００
	Ｗｉｎｄｏｗｓパソコンの場合、画面の下部にあるタスクバーに注意表示が行われることがあります。
	注意がある場合はオレンジ色で明滅していますので、クリックして何か画面が出てこないか確認してください。
Score:0.00464149541953
EACH_TAG_SCORE:
	image:0.00132071060452
	table:0.00150202947065
	graph:0.000692128680814
	flow:0.00112662666354
PARA:
Clueword:
	表示:[0.0002,0.0046,0.0004,0.0002]
	下部:[0.0000,0.0009,0.0005,0.0000]
	バー:[0.0000,0.0001,0.0000,0.0000]
	画面:[0.0004,0.0029,0.0003,0.0000]
	オレンジ色:[0.0000,0.0000,0.0000,0.0000]
	場合:[0.0353,0.0044,0.0023,0.0045]
	行う:[0.0007,0.0006,0.0022,0.0001]
	ます:[0.0228,0.0269,0.0224,0.0150]
	くる:[0.0012,0.0016,0.0007,0.0011]
	のだ:[0.0071,0.0068,0.0053,0.0039]
	れる:[0.0087,0.0086,0.0069,0.0045]
	注意:[0.0003,0.0008,0.0007,0.0005]
	する:[0.0377,0.0379,0.0453,0.0180]
	いる:[0.0124,0.0129,0.0079,0.0099]
	確認:[0.0005,0.0008,0.0010,0.0000]
	クリック:[0.0000,0.0007,0.0010,0.0000]
	ある:[0.0113,0.0103,0.0051,0.0037]
	こと:[0.0097,0.0093,0.0086,0.0051]
	くださる:[0.0005,0.0014,0.0021,0.0009]
	タスク:[0.0000,0.0000,0.0000,0.0000]
	出る:[0.0009,0.0008,0.0003,0.0006]
	明滅:[0.0000,0.0001,0.0000,0.0000]
	ない:[0.0105,0.0083,0.0076,0.0061]
	パソコン:[0.0004,0.0005,0.0000,0.0000]
True-Positive

Section:6
	Ｆｌａｇ：：１０００
	Ｍａｃの場合は、画面下のドックでアイコンがぴょんぴょん跳ねていることがあります。
	この場合もパソコンからお知らせがあるというサインですので、クリックしてお知らせを確認してください。
Score:0.00463792452402
EACH_TAG_SCORE:
	image:0.00128924139019
	table:0.00152060934952
	graph:0.000698232848725
	flow:0.00112984093559
PARA:
Clueword:
	サイン:[0.0000,0.0001,0.0002,0.0000]
	する:[0.0377,0.0379,0.0453,0.0180]
	いる:[0.0124,0.0129,0.0079,0.0099]
	いう:[0.0059,0.0048,0.0034,0.0042]
	クリック:[0.0000,0.0007,0.0010,0.0000]
	ある:[0.0113,0.0103,0.0051,0.0037]
	画面:[0.0004,0.0029,0.0003,0.0000]
	こと:[0.0097,0.0093,0.0086,0.0051]
	跳ねる:[0.0000,0.0000,0.0000,0.0000]
	この:[0.0023,0.0031,0.0023,0.0014]
	場合:[0.0353,0.0044,0.0023,0.0045]
	くださる:[0.0005,0.0014,0.0021,0.0009]
	ます:[0.0228,0.0269,0.0224,0.0150]
	ドック:[0.0000,0.0000,0.0000,0.0000]
	ぴょんぴょん:[0.0000,0.0000,0.0000,0.0000]
	アイコン:[0.0000,0.0001,0.0000,0.0000]
	から:[0.0057,0.0058,0.0057,0.0033]
	のだ:[0.0071,0.0068,0.0053,0.0039]
	知らせる:[0.0000,0.0001,0.0001,0.0000]
	パソコン:[0.0004,0.0005,0.0000,0.0000]
	確認:[0.0005,0.0008,0.0010,0.0000]
True-Positive

Section:26
	Ｆｌａｇ：：１０００
	ソフトごとに「ＣＰＵ」の項目をチェックしていきます。
	ＣＰＵ使用率の高いソフトがフリーズの原因になっていることが多いので、そういったソフトを終了します。
Score:0.00460307540937
EACH_TAG_SCORE:
	image:0.00128202744303
	table:0.00127395626346
	graph:0.00085574684086
	flow:0.00119134486202
PARA:
Clueword:
	いく:[0.0011,0.0015,0.0022,0.0005]
	する:[0.0377,0.0379,0.0453,0.0180]
	いる:[0.0124,0.0129,0.0079,0.0099]
	多い:[0.0030,0.0023,0.0006,0.0031]
	なる:[0.0107,0.0090,0.0073,0.0068]
	高い:[0.0015,0.0007,0.0005,0.0100]
	終了:[0.0000,0.0002,0.0000,0.0000]
	ごと:[0.0002,0.0004,0.0001,0.0000]
	使用:[0.0008,0.0008,0.0013,0.0000]
	ます:[0.0228,0.0269,0.0224,0.0150]
	項目:[0.0006,0.0001,0.0003,0.0001]
	チェック:[0.0004,0.0004,0.0002,0.0003]
	のだ:[0.0071,0.0068,0.0053,0.0039]
	ソフト:[0.0002,0.0001,0.0000,0.0001]
	そういった:[0.0000,0.0001,0.0000,0.0000]
	こと:[0.0097,0.0093,0.0086,0.0051]
	フリーズ:[0.0000,0.0001,0.0000,0.0000]
	原因:[0.0014,0.0009,0.0005,0.0008]
True-Positive

Section:28
	Ｆｌａｇ：：１０００
	Ｍａｃの場合は、［アプリケーション］の［ユーティリティ］にある［アクティビティモニタ］で実行中のソフトウェアを確認、終了することができます。
Score:0.00433908844355
EACH_TAG_SCORE:
	image:0.00116460471703
	table:0.00150829671814
	graph:0.000590776236666
	flow:0.00107541077172
PARA:
Clueword:
	する:[0.0377,0.0379,0.0453,0.0180]
	ます:[0.0228,0.0269,0.0224,0.0150]
	ソフトウェア:[0.0000,0.0000,0.0000,0.0000]
	終了:[0.0000,0.0002,0.0000,0.0000]
	場合:[0.0353,0.0044,0.0023,0.0045]
	できる:[0.0044,0.0045,0.0022,0.0015]
	確認:[0.0005,0.0008,0.0010,0.0000]
	実行:[0.0005,0.0000,0.0001,0.0001]
	こと:[0.0097,0.0093,0.0086,0.0051]
	アプリケーション:[0.0000,0.0001,0.0000,0.0000]
	モニタ:[0.0000,0.0000,0.0000,0.0000]
	ある:[0.0113,0.0103,0.0051,0.0037]
True-Positive

Section:8
	Ｆｌａｇ：：０１００
	マウスでもキーボードでも操作できない場合、マウスやキーボードといった入力装置に問題があるケースと「応答なし状態」や「フリーズ状態」という、コンピューター自体がストップしている場合があります。
Score:0.00408005911904
EACH_TAG_SCORE:
	image:0.00108844308682
	table:0.00143004123465
	graph:0.000619063536173
	flow:0.000942511261399
PARA:
Clueword:
	いう:[0.0059,0.0048,0.0034,0.0042]
	マウス:[0.0001,0.0001,0.0001,0.0000]
	場合:[0.0353,0.0044,0.0023,0.0045]
	できる:[0.0044,0.0045,0.0022,0.0015]
	ます:[0.0228,0.0269,0.0224,0.0150]
	フリーズ:[0.0000,0.0001,0.0000,0.0000]
	キーボード:[0.0001,0.0002,0.0000,0.0000]
	応答:[0.0000,0.0001,0.0000,0.0000]
	する:[0.0377,0.0379,0.0453,0.0180]
	いる:[0.0124,0.0129,0.0079,0.0099]
	ケース:[0.0036,0.0001,0.0000,0.0000]
	問題:[0.0005,0.0008,0.0003,0.0003]
	ある:[0.0113,0.0103,0.0051,0.0037]
	装置:[0.0000,0.0000,0.0000,0.0001]
	状態:[0.0028,0.0009,0.0012,0.0006]
	ストップ:[0.0000,0.0000,0.0000,0.0000]
	自体:[0.0004,0.0004,0.0000,0.0000]
	コンピューター:[0.0001,0.0001,0.0000,0.0000]
	でも:[0.0029,0.0018,0.0004,0.0017]
	入力:[0.0003,0.0004,0.0009,0.0000]
	なし:[0.0000,0.0001,0.0001,0.0000]
	ない:[0.0105,0.0083,0.0076,0.0061]
	操作:[0.0002,0.0003,0.0005,0.0000]
True-Positive

Section:32
	Ｆｌａｇ：：１０００
	Ｍａｃの場合には、ドライバソフトの更新をＯＳが自動的にチェックします。
	更新があると画面上に通知が表示され、適用はユーザーが行います。
	通知の表示方法はバージョンによって異なります。
Score:0.00390779147978
EACH_TAG_SCORE:
	image:0.00106022030126
	table:0.00131287100675
	graph:0.000506730743923
	flow:0.00102796942786
PARA:
Clueword:
	表示:[0.0002,0.0046,0.0004,0.0002]
	ドライバ:[0.0000,0.0000,0.0000,0.0000]
	バージョン:[0.0001,0.0001,0.0000,0.0000]
	する:[0.0377,0.0379,0.0453,0.0180]
	適用:[0.0002,0.0005,0.0001,0.0000]
	場合:[0.0353,0.0044,0.0023,0.0045]
	れる:[0.0087,0.0086,0.0069,0.0045]
	行う:[0.0007,0.0006,0.0022,0.0001]
	ます:[0.0228,0.0269,0.0224,0.0150]
	異なる:[0.0019,0.0007,0.0002,0.0001]
	チェック:[0.0004,0.0004,0.0002,0.0003]
	画面:[0.0004,0.0029,0.0003,0.0000]
	自動:[0.0001,0.0000,0.0000,0.0001]
	よる:[0.0024,0.0030,0.0030,0.0025]
	ユーザー:[0.0000,0.0002,0.0000,0.0002]
	ソフト:[0.0002,0.0001,0.0000,0.0001]
	的だ:[0.0049,0.0028,0.0019,0.0013]
	通知:[0.0000,0.0001,0.0001,0.0000]
	方法:[0.0038,0.0019,0.0124,0.0001]
	更新:[0.0000,0.0001,0.0000,0.0000]
	ある:[0.0113,0.0103,0.0051,0.0037]
True-Positive

Section:10
	Ｆｌａｇ：：１０００
	マウスでもキーボードでも操作が受け付けられない「フリーズ状態」の場合、パソコンが完全に停止していることが考えられます。
	フリーズ状態になると、パソコンに表示されている「現在時刻」が止まるほか、パソコン本体にある「ハードディスクの動作ランプ」も明滅しなくなります。
Score:0.00362598522011
EACH_TAG_SCORE:
	image:0.00100344876937
	table:0.00121449157301
	graph:0.000559408186359
	flow:0.000848636691364
PARA:
Clueword:
	表示:[0.0002,0.0046,0.0004,0.0002]
	完全だ:[0.0000,0.0001,0.0000,0.0001]
	マウス:[0.0001,0.0001,0.0001,0.0000]
	場合:[0.0353,0.0044,0.0023,0.0045]
	ます:[0.0228,0.0269,0.0224,0.0150]
	れる:[0.0087,0.0086,0.0069,0.0045]
	フリーズ:[0.0000,0.0001,0.0000,0.0000]
	受け付ける:[0.0000,0.0001,0.0001,0.0000]
	ディスク:[0.0001,0.0001,0.0000,0.0000]
	キーボード:[0.0001,0.0002,0.0000,0.0000]
	止まる:[0.0001,0.0001,0.0000,0.0001]
	する:[0.0377,0.0379,0.0453,0.0180]
	いる:[0.0124,0.0129,0.0079,0.0099]
	考える:[0.0013,0.0012,0.0004,0.0007]
	ランプ:[0.0002,0.0001,0.0000,0.0000]
	られる:[0.0026,0.0025,0.0012,0.0015]
	現在:[0.0004,0.0003,0.0014,0.0003]
	ほか:[0.0002,0.0002,0.0000,0.0001]
	こと:[0.0097,0.0093,0.0086,0.0051]
	本体:[0.0001,0.0001,0.0001,0.0000]
	ハード:[0.0001,0.0001,0.0000,0.0000]
	なる:[0.0107,0.0090,0.0073,0.0068]
	ある:[0.0113,0.0103,0.0051,0.0037]
	動作:[0.0003,0.0002,0.0003,0.0000]
	状態:[0.0028,0.0009,0.0012,0.0006]
	明滅:[0.0000,0.0001,0.0000,0.0000]
	停止:[0.0000,0.0001,0.0000,0.0000]
	でも:[0.0029,0.0018,0.0004,0.0017]
	ない:[0.0105,0.0083,0.0076,0.0061]
	操作:[0.0002,0.0003,0.0005,0.0000]
	パソコン:[0.0004,0.0005,0.0000,0.0000]
	時刻:[0.0000,0.0001,0.0001,0.0000]
True-Positive

Section:30
	Ｆｌａｇ：：１０００
	Ｗｉｎｄｏｗｓの場合には、［スタート］ボタンを右クリックして［デバイスマネージャー］を起動します。
	デバイスの一覧が表示されるので、それぞれ右クリックすることで［ドライバーソフトウェアの更新］を行うことができます。
Score:0.00330426031541
EACH_TAG_SCORE:
	image:0.000912241950359
	table:0.0011045841125
	graph:0.000453062651415
	flow:0.000834371601132
PARA:
Clueword:
	表示:[0.0002,0.0046,0.0004,0.0002]
	ソフトウェア:[0.0000,0.0000,0.0000,0.0000]
	れる:[0.0087,0.0086,0.0069,0.0045]
	更新:[0.0000,0.0001,0.0000,0.0000]
	場合:[0.0353,0.0044,0.0023,0.0045]
	行う:[0.0007,0.0006,0.0022,0.0001]
	ます:[0.0228,0.0269,0.0224,0.0150]
	一覧:[0.0005,0.0011,0.0000,0.0000]
	のだ:[0.0071,0.0068,0.0053,0.0039]
	起動:[0.0002,0.0003,0.0001,0.0000]
	ボタン:[0.0001,0.0005,0.0002,0.0000]
	できる:[0.0044,0.0045,0.0022,0.0015]
	する:[0.0377,0.0379,0.0453,0.0180]
	クリック:[0.0000,0.0007,0.0010,0.0000]
	スタート:[0.0001,0.0001,0.0005,0.0000]
	こと:[0.0097,0.0093,0.0086,0.0051]
	それぞれ:[0.0016,0.0004,0.0001,0.0000]
	ドライバー:[0.0002,0.0000,0.0000,0.0002]
	デバイス:[0.0000,0.0000,0.0000,0.0001]
True-Positive

Section:27
	Ｆｌａｇ：：００００
	ソフト名を右クリックして終了する
	ソフト名を右クリックして終了する
Score:0.00321204305134
EACH_TAG_SCORE:
	image:0.00088472016684
	table:0.000861828743441
	graph:0.000412382307716
	flow:0.00105311183334
PARA:
Clueword:
	する:[0.0377,0.0379,0.0453,0.0180]
	クリック:[0.0000,0.0007,0.0010,0.0000]
	ソフト:[0.0002,0.0001,0.0000,0.0001]
	終了:[0.0000,0.0002,0.0000,0.0000]
False-Positive

Section:11
	Ｆｌａｇ：：００００
	ハードディスクの動作ランプ
	ハードディスクの動作ランプ
	逆に言えば、表示されている時刻が正しい場合にはパソコンは動いているといえます。
	この「応答なし状態」のときに、止まっている場合の対処を行うと、パソコンを壊しかねませんので注意が必要です。
Score:0.00318738600929
EACH_TAG_SCORE:
	image:0.000877193659695
	table:0.00104978159582
	graph:0.000467796181275
	flow:0.000792614572496
PARA:
Clueword:
	表示:[0.0002,0.0046,0.0004,0.0002]
	いえる:[0.0003,0.0001,0.0000,0.0000]
	壊す:[0.0000,0.0001,0.0000,0.0000]
	場合:[0.0353,0.0044,0.0023,0.0045]
	言う:[0.0010,0.0013,0.0005,0.0004]
	対処:[0.0005,0.0000,0.0000,0.0004]
	行う:[0.0007,0.0006,0.0022,0.0001]
	ます:[0.0228,0.0269,0.0224,0.0150]
	のだ:[0.0071,0.0068,0.0053,0.0039]
	れる:[0.0087,0.0086,0.0069,0.0045]
	注意:[0.0003,0.0008,0.0007,0.0005]
	ディスク:[0.0001,0.0001,0.0000,0.0000]
	止まる:[0.0001,0.0001,0.0000,0.0001]
	する:[0.0377,0.0379,0.0453,0.0180]
	いる:[0.0124,0.0129,0.0079,0.0099]
	必要だ:[0.0023,0.0013,0.0019,0.0006]
	とき:[0.0006,0.0019,0.0029,0.0005]
	ランプ:[0.0002,0.0001,0.0000,0.0000]
	この:[0.0023,0.0031,0.0023,0.0014]
	動作:[0.0003,0.0002,0.0003,0.0000]
	応答:[0.0000,0.0001,0.0000,0.0000]
	状態:[0.0028,0.0009,0.0012,0.0006]
	かねる:[0.0000,0.0000,0.0000,0.0002]
	逆だ:[0.0006,0.0003,0.0001,0.0003]
	動く:[0.0004,0.0008,0.0009,0.0004]
	なし:[0.0000,0.0001,0.0001,0.0000]
	ハード:[0.0001,0.0001,0.0000,0.0000]
	パソコン:[0.0004,0.0005,0.0000,0.0000]
	正しい:[0.0002,0.0002,0.0001,0.0000]
	時刻:[0.0000,0.0001,0.0001,0.0000]
False-Positive

Section:17
	Ｆｌａｇ：：０１００
	・ＡＤＳＬ、ＣＡＴＶなど通信速度の問題で画面表示が遅い場合
	これはインターネットからデータが届くまで待つしかありません。
	最近多い「動く広告」や「動画」は特にデータ量が多いので、気長に待ちましょう。
	根本的な対処方法としては、より高速なインターネット回線にするなど、通信環境を改善することです。
Score:0.00307347684687
EACH_TAG_SCORE:
	image:0.000835030121746
	table:0.00101964290831
	graph:0.000439833692946
	flow:0.000778970123871
PARA:
Clueword:
	表示:[0.0002,0.0046,0.0004,0.0002]
	動画:[0.0002,0.0000,0.0000,0.0000]
	広告:[0.0001,0.0004,0.0000,0.0001]
	多い:[0.0030,0.0023,0.0006,0.0031]
	しか:[0.0006,0.0006,0.0000,0.0011]
	改善:[0.0003,0.0001,0.0001,0.0000]
	より:[0.0021,0.0013,0.0003,0.0013]
	画面:[0.0004,0.0029,0.0003,0.0000]
	届く:[0.0002,0.0000,0.0000,0.0000]
	的だ:[0.0049,0.0028,0.0019,0.0013]
	場合:[0.0353,0.0044,0.0023,0.0045]
	回線:[0.0000,0.0000,0.0000,0.0000]
	動く:[0.0004,0.0008,0.0009,0.0004]
	対処:[0.0005,0.0000,0.0000,0.0004]
	まで:[0.0020,0.0014,0.0016,0.0015]
	ます:[0.0228,0.0269,0.0224,0.0150]
	のだ:[0.0071,0.0068,0.0053,0.0039]
	待つ:[0.0003,0.0003,0.0002,0.0001]
	から:[0.0057,0.0058,0.0057,0.0033]
	通信:[0.0001,0.0000,0.0000,0.0000]
	気長だ:[0.0001,0.0000,0.0000,0.0000]
	これ:[0.0015,0.0020,0.0024,0.0011]
	速度:[0.0007,0.0000,0.0000,0.0000]
	方法:[0.0038,0.0019,0.0124,0.0001]
	特に:[0.0004,0.0003,0.0002,0.0003]
	する:[0.0377,0.0379,0.0453,0.0180]
	根本:[0.0001,0.0001,0.0005,0.0000]
	データ:[0.0004,0.0003,0.0008,0.0001]
	遅い:[0.0001,0.0001,0.0000,0.0000]
	こと:[0.0097,0.0093,0.0086,0.0051]
	インターネット:[0.0004,0.0001,0.0000,0.0000]
	最近:[0.0003,0.0002,0.0019,0.0018]
	など:[0.0054,0.0053,0.0021,0.0019]
	ある:[0.0113,0.0103,0.0051,0.0037]
	問題:[0.0005,0.0008,0.0003,0.0003]
	高速だ:[0.0001,0.0000,0.0000,0.0001]
	環境:[0.0004,0.0002,0.0000,0.0000]
True-Positive

Section:2
	Ｆｌａｇ：：１０００
	ＷｉｎｄｏｗｓでもＭａｃでも、電源を入れてから起動するまでに「真っ黒な画面」がしばらく表示されることがあります。
	個体差はありますが、この真っ黒画面自体は異常ではありません。
	きちんと動いていますので、ご安心ください。
	「２－２．起動が途中で止まる場合」で見分け方をご紹介していますので、参照してください。
	「真っ黒画面ではない異常」で起動しないこともありますので、あわせて紹介しています。
Score:0.00262520823471
EACH_TAG_SCORE:
	image:0.00074996131157
	table:0.000852709260485
	graph:0.000399347317525
	flow:0.000623190345125
PARA:
Clueword:
	表示:[0.0002,0.0046,0.0004,0.0002]
	画面:[0.0004,0.0029,0.0003,0.0000]
	場合:[0.0353,0.0044,0.0023,0.0045]
	安心:[0.0001,0.0002,0.0000,0.0001]
	真っ黒だ:[0.0001,0.0002,0.0000,0.0000]
	動く:[0.0004,0.0008,0.0009,0.0004]
	まで:[0.0020,0.0014,0.0016,0.0015]
	ます:[0.0228,0.0269,0.0224,0.0150]
	紹介:[0.0003,0.0004,0.0000,0.0000]
	電源:[0.0000,0.0000,0.0000,0.0000]
	のだ:[0.0071,0.0068,0.0053,0.0039]
	から:[0.0057,0.0058,0.0057,0.0033]
	自体:[0.0004,0.0004,0.0000,0.0000]
	れる:[0.0087,0.0086,0.0069,0.0045]
	個体:[0.0000,0.0001,0.0000,0.0000]
	止まる:[0.0001,0.0001,0.0000,0.0001]
	する:[0.0377,0.0379,0.0453,0.0180]
	いる:[0.0124,0.0129,0.0079,0.0099]
	しばらく:[0.0001,0.0001,0.0001,0.0001]
	きちんと:[0.0000,0.0001,0.0000,0.0002]
	ある:[0.0113,0.0103,0.0051,0.0037]
	こと:[0.0097,0.0093,0.0086,0.0051]
	この:[0.0023,0.0031,0.0023,0.0014]
	くださる:[0.0005,0.0014,0.0021,0.0009]
	異常だ:[0.0004,0.0005,0.0001,0.0000]
	参照:[0.0000,0.0010,0.0000,0.0001]
	あわせる:[0.0000,0.0001,0.0002,0.0000]
	入れる:[0.0004,0.0003,0.0002,0.0000]
	見分ける:[0.0000,0.0001,0.0000,0.0000]
	起動:[0.0002,0.0003,0.0001,0.0000]
	途中:[0.0001,0.0001,0.0000,0.0000]
	でも:[0.0029,0.0018,0.0004,0.0017]
	ない:[0.0105,0.0083,0.0076,0.0061]
True-Positive

Section:15
	Ｆｌａｇ：：１１００
	まずは電源ケーブルのチェックを
	まずは電源ケーブルのチェックを
	２－３－２．タップなどへの電力供給
	パソコン周りを長期間、変更や掃除をしていない場合には、コンセントや電力タップにゴミなどが詰まり、異常が起きることがあります。
	一度全部はずして、汚れやゴミがないかを確認しましょう。
	これで改善すれば、原因はコンセントとパソコン間の電源の問題です。
Score:0.00254539280238
EACH_TAG_SCORE:
	image:0.000671864273608
	table:0.000831070509445
	graph:0.000393051923201
	flow:0.000649406096128
PARA:
Clueword:
	汚れる:[0.0000,0.0000,0.0001,0.0000]
	場合:[0.0353,0.0044,0.0023,0.0045]
	はずす:[0.0000,0.0000,0.0001,0.0000]
	周り:[0.0000,0.0001,0.0005,0.0000]
	電源:[0.0000,0.0000,0.0000,0.0000]
	期間:[0.0003,0.0002,0.0005,0.0040]
	変更:[0.0002,0.0001,0.0000,0.0000]
	起きる:[0.0001,0.0002,0.0010,0.0002]
	これ:[0.0015,0.0020,0.0024,0.0011]
	確認:[0.0005,0.0008,0.0010,0.0000]
	ゴミ:[0.0000,0.0000,0.0000,0.0001]
	する:[0.0377,0.0379,0.0453,0.0180]
	いる:[0.0124,0.0129,0.0079,0.0099]
	ます:[0.0228,0.0269,0.0224,0.0150]
	まずは:[0.0001,0.0002,0.0090,0.0002]
	ある:[0.0113,0.0103,0.0051,0.0037]
	全部:[0.0000,0.0000,0.0000,0.0000]
	こと:[0.0097,0.0093,0.0086,0.0051]
	など:[0.0054,0.0053,0.0021,0.0019]
	異常だ:[0.0004,0.0005,0.0001,0.0000]
	問題:[0.0005,0.0008,0.0003,0.0003]
	チェック:[0.0004,0.0004,0.0002,0.0003]
	改善:[0.0003,0.0001,0.0001,0.0000]
	タップ:[0.0000,0.0001,0.0009,0.0000]
	供給:[0.0000,0.0000,0.0000,0.0003]
	ない:[0.0105,0.0083,0.0076,0.0061]
	パソコン:[0.0004,0.0005,0.0000,0.0000]
	原因:[0.0014,0.0009,0.0005,0.0008]
True-Positive

Section:21
	Ｆｌａｇ：：１０００
	応答なし状態の場合は、Ｗｉｎｄｏｗｓでは「Ｃｔｒｌキー」と「Ａｌｔキー」を押しながら「Ｄｅｌｅｔｅキー」を押すことで呼び出せる「タスクマネージャ」、Ｍａｃでは、「Ｃｏｍｍａｎｄキー」と「Ｏｐｔｉｏｎキー」を押しながら「Ｅｓｃキー」を押すことで呼び出せる「アプリケーションの強制終了」を使って、応答なしになっているアプリケーションを終了させることができます。
	ただし、作業中のファイルが失われることがありますので注意しましょう。
Score:0.0022600053823
EACH_TAG_SCORE:
	image:0.000623140862647
	table:0.000754281510443
	graph:0.000337815785534
	flow:0.000544767223675
PARA:
Clueword:
	呼ぶ:[0.0011,0.0007,0.0003,0.0000]
	状態:[0.0028,0.0009,0.0012,0.0006]
	ファイル:[0.0001,0.0000,0.0000,0.0000]
	場合:[0.0353,0.0044,0.0023,0.0045]
	失う:[0.0000,0.0001,0.0000,0.0000]
	できる:[0.0044,0.0045,0.0022,0.0015]
	ます:[0.0228,0.0269,0.0224,0.0150]
	ただし:[0.0006,0.0003,0.0000,0.0000]
	のだ:[0.0071,0.0068,0.0053,0.0039]
	れる:[0.0087,0.0086,0.0069,0.0045]
	注意:[0.0003,0.0008,0.0007,0.0005]
	なる:[0.0107,0.0090,0.0073,0.0068]
	キー:[0.0000,0.0002,0.0000,0.0000]
	応答:[0.0000,0.0001,0.0000,0.0000]
	する:[0.0377,0.0379,0.0453,0.0180]
	いる:[0.0124,0.0129,0.0079,0.0099]
	タスクマネージャ:[0.0000,0.0000,0.0000,0.0000]
	ある:[0.0113,0.0103,0.0051,0.0037]
	終了:[0.0000,0.0002,0.0000,0.0000]
	強制:[0.0000,0.0001,0.0000,0.0000]
	こと:[0.0097,0.0093,0.0086,0.0051]
	出せる:[0.0001,0.0001,0.0001,0.0000]
	せる:[0.0005,0.0017,0.0029,0.0006]
	ながら:[0.0001,0.0005,0.0010,0.0005]
	なし:[0.0000,0.0001,0.0001,0.0000]
	押す:[0.0002,0.0004,0.0002,0.0000]
	アプリケーション:[0.0000,0.0001,0.0000,0.0000]
	使う:[0.0028,0.0024,0.0010,0.0006]
	作業:[0.0001,0.0002,0.0011,0.0001]
True-Positive

Section:24
	Ｆｌａｇ：：１０００
	タスクマネージャーは、Ｗｉｎｄｏｗｓ８．１では［スタート］ボタンを右クリックして［タスクマネージャー］を選択することで、Ｗｉｎｄｏｗｓ７では「Ｃｏｎｔｒｏｌ（Ｃｔｒｌ）」キー、「Ａｌｔ」キー、「Ｄｅｌｅｔｅ（Ｄｅｌ）」キーを同時に押すことで起動できます。
	起動しているソフトウェアの一覧が表示されるので、不要なものから終了していきます。
	終了したいソフト名を右クリックし、［タスクの終了］をクリックします。
Score:0.00198037755807
EACH_TAG_SCORE:
	image:0.00060032708479
	table:0.00054514387457
	graph:0.000300888996913
	flow:0.000534017601796
PARA:
Clueword:
	いく:[0.0011,0.0015,0.0022,0.0005]
	れる:[0.0087,0.0086,0.0069,0.0045]
	できる:[0.0044,0.0045,0.0022,0.0015]
	ます:[0.0228,0.0269,0.0224,0.0150]
	たい:[0.0012,0.0013,0.0014,0.0010]
	一覧:[0.0005,0.0011,0.0000,0.0000]
	のだ:[0.0071,0.0068,0.0053,0.0039]
	から:[0.0057,0.0058,0.0057,0.0033]
	起動:[0.0002,0.0003,0.0001,0.0000]
	ボタン:[0.0001,0.0005,0.0002,0.0000]
	キー:[0.0000,0.0002,0.0000,0.0000]
	する:[0.0377,0.0379,0.0453,0.0180]
	いる:[0.0124,0.0129,0.0079,0.0099]
	クリック:[0.0000,0.0007,0.0010,0.0000]
	スタート:[0.0001,0.0001,0.0005,0.0000]
	ソフトウェア:[0.0000,0.0000,0.0000,0.0000]
	終了:[0.0000,0.0002,0.0000,0.0000]
	不要だ:[0.0001,0.0001,0.0000,0.0000]
	こと:[0.0097,0.0093,0.0086,0.0051]
	同時に:[0.0001,0.0001,0.0005,0.0000]
	タスク:[0.0000,0.0000,0.0000,0.0000]
	もの:[0.0026,0.0031,0.0015,0.0008]
	押す:[0.0002,0.0004,0.0002,0.0000]
	選択:[0.0004,0.0003,0.0007,0.0000]
	表示:[0.0002,0.0046,0.0004,0.0002]
	ソフト:[0.0002,0.0001,0.0000,0.0001]
True-Positive

Section:19
	Ｆｌａｇ：：０１００
	・ソフトウェアのアップデートが累積している場合
	ＷｉｎｄｏｗｓＵｐｄａｔｅ、ＡｐｐＳｔｏｒｅのソフトウェアアップデート、Ａｄｏｂｅ製品のアップデート、ＪａｖａＵｐｄａｔｅのような「更新」が累積していると、インターネットに接続したときにまとめてアップデートが実行され、画面表示がまったく追いつかなくなることがあります。
	この場合も気長に待つことになります。
	また更新の際には、ハードディスクの動作ランプが激しく明滅しますので、判断のポイントになります。
	根本的な対処方法として、パソコンをこれまでよりたくさん起動する、アップデート情報に敏感になるなどの意識が必要です。
	これらのソフトはインターネットで個別に「手動アップデート」をすることもできますので、これを利用するのもよいでしょう。
Score:0.00184918328093
EACH_TAG_SCORE:
	image:0.000514469769868
	table:0.000606425032983
	graph:0.000270481625175
	flow:0.000457806852902
PARA:
Clueword:
	表示:[0.0002,0.0046,0.0004,0.0002]
	だろう:[0.0010,0.0005,0.0000,0.0003]
	たくさんだ:[0.0001,0.0002,0.0003,0.0000]
	ソフトウェア:[0.0000,0.0000,0.0000,0.0000]
	根本:[0.0001,0.0001,0.0005,0.0000]
	ソフト:[0.0002,0.0001,0.0000,0.0001]
	より:[0.0021,0.0013,0.0003,0.0013]
	利用:[0.0010,0.0003,0.0000,0.0002]
	できる:[0.0044,0.0045,0.0022,0.0015]
	待つ:[0.0003,0.0003,0.0002,0.0001]
	れる:[0.0087,0.0086,0.0069,0.0045]
	気長だ:[0.0001,0.0000,0.0000,0.0000]
	接続:[0.0000,0.0000,0.0002,0.0000]
	ディスク:[0.0001,0.0001,0.0000,0.0000]
	方法:[0.0038,0.0019,0.0124,0.0001]
	する:[0.0377,0.0379,0.0453,0.0180]
	いる:[0.0124,0.0129,0.0079,0.0099]
	個別:[0.0001,0.0000,0.0002,0.0000]
	必要だ:[0.0023,0.0013,0.0019,0.0006]
	まったく:[0.0001,0.0000,0.0000,0.0000]
	ランプ:[0.0002,0.0001,0.0000,0.0000]
	実行:[0.0005,0.0000,0.0001,0.0001]
	この:[0.0023,0.0031,0.0023,0.0014]
	動作:[0.0003,0.0002,0.0003,0.0000]
	情報:[0.0007,0.0001,0.0002,0.0000]
	まとめる:[0.0001,0.0002,0.0001,0.0002]
	明滅:[0.0000,0.0001,0.0000,0.0000]
	更新:[0.0000,0.0001,0.0000,0.0000]
	ポイント:[0.0025,0.0005,0.0000,0.0014]
	製品:[0.0000,0.0004,0.0003,0.0000]
	敏感だ:[0.0000,0.0000,0.0000,0.0000]
	ようだ:[0.0039,0.0045,0.0062,0.0016]
	累積:[0.0000,0.0000,0.0000,0.0000]
	激しい:[0.0000,0.0000,0.0000,0.0002]
	画面:[0.0004,0.0029,0.0003,0.0000]
	的だ:[0.0049,0.0028,0.0019,0.0013]
	場合:[0.0353,0.0044,0.0023,0.0045]
	アップデート:[0.0001,0.0000,0.0000,0.0000]
	対処:[0.0005,0.0000,0.0000,0.0004]
	まで:[0.0020,0.0014,0.0016,0.0015]
	ます:[0.0228,0.0269,0.0224,0.0150]
	また:[0.0013,0.0021,0.0018,0.0011]
	のだ:[0.0071,0.0068,0.0053,0.0039]
	起動:[0.0002,0.0003,0.0001,0.0000]
	これ:[0.0015,0.0020,0.0024,0.0011]
	判断:[0.0006,0.0007,0.0001,0.0000]
	手動:[0.0000,0.0000,0.0000,0.0000]
	とき:[0.0006,0.0019,0.0029,0.0005]
	ある:[0.0113,0.0103,0.0051,0.0037]
	インターネット:[0.0004,0.0001,0.0000,0.0000]
	など:[0.0054,0.0053,0.0021,0.0019]
	なる:[0.0107,0.0090,0.0073,0.0068]
	よい:[0.0014,0.0014,0.0003,0.0004]
	こと:[0.0097,0.0093,0.0086,0.0051]
	意識:[0.0003,0.0001,0.0005,0.0001]
	ない:[0.0105,0.0083,0.0076,0.0061]
	ハード:[0.0001,0.0001,0.0000,0.0000]
	パソコン:[0.0004,0.0005,0.0000,0.0000]
True-Positive

Section:3
	Ｆｌａｇ：：００００
	１－４．電源スイッチを押して反応するか
	電源スイッチを押して起動しようとした場合、Ｗｉｎｄｏｗｓパソコンの多くの機種では「ピッ」という電子音が、Ｍａｃパソコンでは「ジャ～ン」という音が鳴って起動しはじめます。
	これらの音がそもそもしない場合には、電力の供給に何らかの問題があると考えられます。
	動かなくなったタイミングは？
	２．状態を確認したら原因を特定する
	状態によって、いろいろわかることがあります。
	でも、原因を即断するのは危険です。
	判断を間違えれば状態を悪化させるということもあるので注意しましょう。
	この段落で原因を特定し、次の段落で原因ごとの対処法を説明します。
	２－１．パソコンの起動が完了している場合
	２－１－１．画面表示変化の確認
	パソコンの起動が完了している場合には、画面にさまざまな表示が行われます。
	まずはそういうことがないか、画面をすみずみまで確認しましょう。
Score:0.00160135279683
EACH_TAG_SCORE:
	image:0.000437655259459
	table:0.000503331945992
	graph:0.000263124288899
	flow:0.00039724130248
PARA:
Clueword:
	表示:[0.0002,0.0046,0.0004,0.0002]
	まずは:[0.0001,0.0002,0.0090,0.0002]
	よる:[0.0024,0.0030,0.0030,0.0025]
	対処:[0.0005,0.0000,0.0000,0.0004]
	危険だ:[0.0001,0.0000,0.0000,0.0000]
	いろいろ:[0.0001,0.0000,0.0000,0.0000]
	そもそも:[0.0000,0.0000,0.0005,0.0001]
	確認:[0.0005,0.0008,0.0010,0.0000]
	れる:[0.0087,0.0086,0.0069,0.0045]
	説明:[0.0005,0.0003,0.0001,0.0001]
	なる:[0.0107,0.0090,0.0073,0.0068]
	はじめる:[0.0002,0.0002,0.0000,0.0000]
	する:[0.0377,0.0379,0.0453,0.0180]
	次の:[0.0006,0.0001,0.0015,0.0000]
	こと:[0.0097,0.0093,0.0086,0.0051]
	問題:[0.0005,0.0008,0.0003,0.0003]
	さまざまだ:[0.0002,0.0001,0.0001,0.0000]
	悪化:[0.0000,0.0001,0.0003,0.0014]
	間違える:[0.0001,0.0001,0.0007,0.0000]
	機種:[0.0000,0.0001,0.0005,0.0000]
	起動:[0.0002,0.0003,0.0001,0.0000]
	供給:[0.0000,0.0000,0.0000,0.0003]
	電子:[0.0001,0.0000,0.0000,0.0000]
	多く:[0.0005,0.0006,0.0001,0.0054]
	ごと:[0.0002,0.0004,0.0001,0.0000]
	この:[0.0023,0.0031,0.0023,0.0014]
	いう:[0.0059,0.0048,0.0034,0.0042]
	画面:[0.0004,0.0029,0.0003,0.0000]
	場合:[0.0353,0.0044,0.0023,0.0045]
	タイミング:[0.0006,0.0000,0.0000,0.0018]
	押す:[0.0002,0.0004,0.0002,0.0000]
	いる:[0.0124,0.0129,0.0079,0.0099]
	行う:[0.0007,0.0006,0.0022,0.0001]
	ます:[0.0228,0.0269,0.0224,0.0150]
	電源:[0.0000,0.0000,0.0000,0.0000]
	そういう:[0.0000,0.0000,0.0000,0.0000]
	動く:[0.0004,0.0008,0.0009,0.0004]
	特定:[0.0006,0.0003,0.0000,0.0000]
	注意:[0.0003,0.0008,0.0007,0.0005]
	これ:[0.0015,0.0020,0.0024,0.0011]
	まで:[0.0020,0.0014,0.0016,0.0015]
	完了:[0.0004,0.0002,0.0005,0.0000]
	判断:[0.0006,0.0007,0.0001,0.0000]
	考える:[0.0013,0.0012,0.0004,0.0007]
	られる:[0.0026,0.0025,0.0012,0.0015]
	ある:[0.0113,0.0103,0.0051,0.0037]
	せる:[0.0005,0.0017,0.0029,0.0006]
	変化:[0.0003,0.0005,0.0003,0.0000]
	段落:[0.0000,0.0000,0.0001,0.0001]
	状態:[0.0028,0.0009,0.0012,0.0006]
	のだ:[0.0071,0.0068,0.0053,0.0039]
	でも:[0.0029,0.0018,0.0004,0.0017]
	ない:[0.0105,0.0083,0.0076,0.0061]
	反応:[0.0001,0.0003,0.0010,0.0000]
	わかる:[0.0006,0.0009,0.0004,0.0002]
	パソコン:[0.0004,0.0005,0.0000,0.0000]
	原因:[0.0014,0.0009,0.0005,0.0008]
False-Positive

Section:16
	Ｆｌａｇ：：１１００
	３．原因に応じて対処する
	３－１．フリーズはしていない場合
	これまでのチェックで「フリーズではない」場合の対処方法をご案内します。
	いくつかのケースにわかれていますので、ゆっくり操作してください。
	３－１－１．ダイアログボックスなどの入力待機状態
	パソコンが「入力待機」になっている状態の場合、タスクバーやドックから入力画面を呼び出して、入力すれば大丈夫です。
	書いてあることが難しくて、何を入力すればいいのか判断に迷う場合には、メーカーやお店のサポート、近所のパソコン教室などに相談しましょう。
	文字入力中・インターネット閲覧中の場合は、いくつかの原因がありますが基本的な対処は同様で、それは「待つこと」です。
	３－１－２．インターネット閲覧中の場合
	インターネットを閲覧中に動かなくなった場合、いくつかのケースでやや対処が異なりますので、次に詳しく紹介します。
Score:0.00159828478139
EACH_TAG_SCORE:
	image:0.000420595706068
	table:0.000524508868048
	graph:0.0002291945186
	flow:0.000423985688678
PARA:
Clueword:
	呼ぶ:[0.0011,0.0007,0.0003,0.0000]
	文字:[0.0001,0.0001,0.0000,0.0000]
	やや:[0.0003,0.0002,0.0002,0.0003]
	ボックス:[0.0000,0.0002,0.0004,0.0000]
	それ:[0.0013,0.0009,0.0018,0.0009]
	ゆっくり:[0.0000,0.0000,0.0001,0.0001]
	メーカー:[0.0001,0.0001,0.0005,0.0000]
	サポート:[0.0002,0.0001,0.0002,0.0000]
	ドック:[0.0000,0.0000,0.0000,0.0000]
	待つ:[0.0003,0.0003,0.0002,0.0001]
	相談:[0.0006,0.0001,0.0001,0.0003]
	チェック:[0.0004,0.0004,0.0002,0.0003]
	閲覧:[0.0001,0.0000,0.0000,0.0000]
	出す:[0.0007,0.0007,0.0006,0.0003]
	フリーズ:[0.0000,0.0001,0.0000,0.0000]
	方法:[0.0038,0.0019,0.0124,0.0001]
	基本:[0.0010,0.0004,0.0001,0.0003]
	する:[0.0377,0.0379,0.0453,0.0180]
	いる:[0.0124,0.0129,0.0079,0.0099]
	迷う:[0.0000,0.0001,0.0000,0.0000]
	次に:[0.0001,0.0002,0.0131,0.0001]
	なる:[0.0107,0.0090,0.0073,0.0068]
	こと:[0.0097,0.0093,0.0086,0.0051]
	くださる:[0.0005,0.0014,0.0021,0.0009]
	案内:[0.0000,0.0001,0.0000,0.0000]
	教室:[0.0000,0.0000,0.0000,0.0000]
	大丈夫だ:[0.0000,0.0001,0.0000,0.0000]
	動く:[0.0004,0.0008,0.0009,0.0004]
	入力:[0.0003,0.0004,0.0009,0.0000]
	操作:[0.0002,0.0003,0.0005,0.0000]
	いく:[0.0011,0.0015,0.0022,0.0005]
	いい:[0.0008,0.0008,0.0002,0.0005]
	バー:[0.0000,0.0001,0.0000,0.0000]
	画面:[0.0004,0.0029,0.0003,0.0000]
	的だ:[0.0049,0.0028,0.0019,0.0013]
	場合:[0.0353,0.0044,0.0023,0.0045]
	同様だ:[0.0003,0.0003,0.0003,0.0000]
	対処:[0.0005,0.0000,0.0000,0.0004]
	まで:[0.0020,0.0014,0.0016,0.0015]
	ます:[0.0228,0.0269,0.0224,0.0150]
	紹介:[0.0003,0.0004,0.0000,0.0000]
	書く:[0.0018,0.0008,0.0006,0.0001]
	異なる:[0.0019,0.0007,0.0002,0.0001]
	のだ:[0.0071,0.0068,0.0053,0.0039]
	から:[0.0057,0.0058,0.0057,0.0033]
	詳しい:[0.0002,0.0001,0.0000,0.0000]
	これ:[0.0015,0.0020,0.0024,0.0011]
	判断:[0.0006,0.0007,0.0001,0.0000]
	ある:[0.0113,0.0103,0.0051,0.0037]
	インターネット:[0.0004,0.0001,0.0000,0.0000]
	など:[0.0054,0.0053,0.0021,0.0019]
	タスク:[0.0000,0.0000,0.0000,0.0000]
	状態:[0.0028,0.0009,0.0012,0.0006]
	応じる:[0.0000,0.0000,0.0000,0.0001]
	わかれる:[0.0000,0.0000,0.0000,0.0000]
	ケース:[0.0036,0.0001,0.0000,0.0000]
	ない:[0.0105,0.0083,0.0076,0.0061]
	パソコン:[0.0004,0.0005,0.0000,0.0000]
	難しい:[0.0003,0.0005,0.0001,0.0002]
	原因:[0.0014,0.0009,0.0005,0.0008]
True-Positive

Section:14
	Ｆｌａｇ：：００００
	ブルースクリーンとブラックスクリーン
	ブルースクリーンとブラックスクリーン
	２－３．電源スイッチに反応がない場合
	２－３－１．電源ケーブルの接続確認
	電源スイッチを押しても反応がない場合には、電力供給に何らかの問題があると考えられます。
	一番多いケースは、電源ケーブルのゆるみ、ケーブル自体のいたみです。
Score:0.00144082324968
EACH_TAG_SCORE:
	image:0.000375113429554
	table:0.0005786247926
	graph:0.000225177622933
	flow:0.000261907404595
PARA:
Clueword:
	押す:[0.0002,0.0004,0.0002,0.0000]
	場合:[0.0353,0.0044,0.0023,0.0045]
	確認:[0.0005,0.0008,0.0010,0.0000]
	電源:[0.0000,0.0000,0.0000,0.0000]
	自体:[0.0004,0.0004,0.0000,0.0000]
	多い:[0.0030,0.0023,0.0006,0.0031]
	接続:[0.0000,0.0000,0.0002,0.0000]
	ある:[0.0113,0.0103,0.0051,0.0037]
	供給:[0.0000,0.0000,0.0000,0.0003]
	ます:[0.0228,0.0269,0.0224,0.0150]
	考える:[0.0013,0.0012,0.0004,0.0007]
	ブルースクリーン:[0.0000,0.0000,0.0000,0.0000]
	られる:[0.0026,0.0025,0.0012,0.0015]
	スクリーン:[0.0000,0.0001,0.0000,0.0000]
	問題:[0.0005,0.0008,0.0003,0.0003]
	一番:[0.0010,0.0002,0.0000,0.0013]
	ブラック:[0.0005,0.0016,0.0000,0.0000]
	ケース:[0.0036,0.0001,0.0000,0.0000]
	ない:[0.0105,0.0083,0.0076,0.0061]
	反応:[0.0001,0.0003,0.0010,0.0000]
False-Positive

Section:13
	Ｆｌａｇ：：１１００
	パソコンの起動が途中で止まる場合、問題がない場合とある場合があります。
	Ｗｉｎｄｏｗｓパソコンで起動中に真っ暗な画面がしばらく続く場合、多くは「何も問題はない」といえます。
	パソコン本体を見ると、ハードディスクの動作を示すランプがちかちか不規則に点滅しているはずです。
	場合によっては起動ができるまで辛抱強く待ちましょう。
	ただし、毎回起動時に真っ黒画面が続くようであれば異常が考えられますので、専門家にご相談ください。
	一方で問題が発生している場合は、コンピューターはどんな異常が発生しているのかを利用者に知らせるようにできています。
	これには、画面が真っ青になって（ブルースクリーンといいます）英語で異常報告が行われる場合と、黒い画面に異常報告がおこなわれる場合があります。
	これらの異常報告画面が表示されたときには、専門家でない限り、手出しはしない方がよいでしょう。
	可能ならば異常報告画面を記録しておき、メーカーやお店のサポートいった専門家に相談しましょう。
Score:0.00143921686989
EACH_TAG_SCORE:
	image:0.000403665126277
	table:0.000467942863205
	graph:0.000234076059266
	flow:0.000333532821141
PARA:
Clueword:
	止まる:[0.0001,0.0001,0.0000,0.0001]
	表示:[0.0002,0.0046,0.0004,0.0002]
	だろう:[0.0010,0.0005,0.0000,0.0003]
	いえる:[0.0003,0.0001,0.0000,0.0000]
	辛抱強い:[0.0000,0.0000,0.0000,0.0000]
	英語:[0.0004,0.0000,0.0000,0.0000]
	よる:[0.0024,0.0030,0.0030,0.0025]
	途中:[0.0001,0.0001,0.0000,0.0000]
	不規則だ:[0.0000,0.0000,0.0000,0.0000]
	専門:[0.0003,0.0003,0.0001,0.0004]
	真っ青だ:[0.0000,0.0000,0.0000,0.0000]
	手出し:[0.0000,0.0000,0.0000,0.0000]
	できる:[0.0044,0.0045,0.0022,0.0015]
	サポート:[0.0002,0.0001,0.0002,0.0000]
	おこなう:[0.0001,0.0001,0.0005,0.0000]
	はずだ:[0.0003,0.0003,0.0000,0.0001]
	待つ:[0.0003,0.0003,0.0002,0.0001]
	点滅:[0.0000,0.0000,0.0000,0.0000]
	相談:[0.0006,0.0001,0.0001,0.0003]
	続く:[0.0004,0.0003,0.0004,0.0013]
	可能だ:[0.0009,0.0006,0.0008,0.0009]
	なる:[0.0107,0.0090,0.0073,0.0068]
	ディスク:[0.0001,0.0001,0.0000,0.0000]
	何も:[0.0002,0.0001,0.0000,0.0000]
	する:[0.0377,0.0379,0.0453,0.0180]
	毎回:[0.0001,0.0001,0.0000,0.0000]
	これ:[0.0015,0.0020,0.0024,0.0011]
	ランプ:[0.0002,0.0001,0.0000,0.0000]
	どんな:[0.0006,0.0003,0.0000,0.0001]
	いう:[0.0059,0.0048,0.0034,0.0042]
	問題:[0.0005,0.0008,0.0003,0.0003]
	くださる:[0.0005,0.0014,0.0021,0.0009]
	異常だ:[0.0004,0.0005,0.0001,0.0000]
	動作:[0.0003,0.0002,0.0003,0.0000]
	真っ暗だ:[0.0000,0.0000,0.0000,0.0000]
	かちかちだ:[0.0000,0.0000,0.0000,0.0000]
	利用:[0.0010,0.0003,0.0000,0.0002]
	見る:[0.0008,0.0020,0.0005,0.0013]
	起動:[0.0002,0.0003,0.0001,0.0000]
	おく:[0.0014,0.0010,0.0010,0.0012]
	示す:[0.0003,0.0009,0.0005,0.0001]
	いる:[0.0124,0.0129,0.0079,0.0099]
	とき:[0.0006,0.0019,0.0029,0.0005]
	限り:[0.0001,0.0001,0.0000,0.0001]
	ようだ:[0.0039,0.0045,0.0062,0.0016]
	多い:[0.0030,0.0023,0.0006,0.0031]
	画面:[0.0004,0.0029,0.0003,0.0000]
	場合:[0.0353,0.0044,0.0023,0.0045]
	真っ黒だ:[0.0001,0.0002,0.0000,0.0000]
	まで:[0.0020,0.0014,0.0016,0.0015]
	行う:[0.0007,0.0006,0.0022,0.0001]
	ます:[0.0228,0.0269,0.0224,0.0150]
	ただし:[0.0006,0.0003,0.0000,0.0000]
	のだ:[0.0071,0.0068,0.0053,0.0039]
	黒い:[0.0000,0.0004,0.0004,0.0000]
	発生:[0.0006,0.0007,0.0008,0.0007]
	一方:[0.0034,0.0002,0.0001,0.0026]
	報告:[0.0011,0.0003,0.0000,0.0001]
	しばらく:[0.0001,0.0001,0.0001,0.0001]
	考える:[0.0013,0.0012,0.0004,0.0007]
	ブルースクリーン:[0.0000,0.0000,0.0000,0.0000]
	られる:[0.0026,0.0025,0.0012,0.0015]
	ある:[0.0113,0.0103,0.0051,0.0037]
	記録:[0.0000,0.0001,0.0000,0.0000]
	本体:[0.0001,0.0001,0.0001,0.0000]
	メーカー:[0.0001,0.0001,0.0005,0.0000]
	れる:[0.0087,0.0086,0.0069,0.0045]
	よい:[0.0014,0.0014,0.0003,0.0004]
	コンピューター:[0.0001,0.0001,0.0000,0.0000]
	知らせる:[0.0000,0.0001,0.0001,0.0000]
	ない:[0.0105,0.0083,0.0076,0.0061]
	ハード:[0.0001,0.0001,0.0000,0.0000]
	パソコン:[0.0004,0.0005,0.0000,0.0000]
True-Positive

Section:7
	Ｆｌａｇ：：００００
	Ｍａｃでの通知
	Ｍａｃでの通知
	この場合は「パソコンが入力を求めていたことについて、私たちが気付かなかったこと」が動かなくなった原因ということになります。
	つまり、パソコンの「入力待機」が原因です。
	２－１－２．マウスポインターの動作確認
	画面内に特別な表示が見あたらない場合、パソコンが本当に止まってしまっていることがあります。
	マウスを動かして「マウスポインター（マウスに連動する画面内の矢印）」が動くかどうかを確認してください。
	マウスポインターが動作しない場合、何らかのトラブルが原因です。
	また、同じようにキーボードの動作も確認してましょう。
	Ｗｉｎｄｏｗｓパソコンであれば「Ｗｉｎｄｏｗｓキー」を押して、スタートメニューまたは、スタート画面が表示がされるかを確認してください。
	Ｍａｃの場合には、「Ｃｏｍｍａｎｄ」キーを押しながら「Ｔａｂ」キーを押してみて、ウィンドウ画面が切り替わるかを確認します。
	マウスが動作しないのにキーボードでは操作できる場合は、パソコンではなくマウスのトラブルです。
	これにはいくつかの対処方法があります。
Score:0.00135911953193
EACH_TAG_SCORE:
	image:0.000380050094687
	table:0.000425906424172
	graph:0.000203233853136
	flow:0.000349929159937
PARA:
Clueword:
	表示:[0.0002,0.0046,0.0004,0.0002]
	止まる:[0.0001,0.0001,0.0000,0.0001]
	動かす:[0.0001,0.0003,0.0013,0.0000]
	同じだ:[0.0013,0.0010,0.0005,0.0009]
	トラブル:[0.0002,0.0000,0.0000,0.0000]
	確認:[0.0005,0.0008,0.0010,0.0000]
	本当だ:[0.0001,0.0000,0.0000,0.0000]
	通知:[0.0000,0.0001,0.0001,0.0000]
	れる:[0.0087,0.0086,0.0069,0.0045]
	しまう:[0.0018,0.0022,0.0024,0.0012]
	なる:[0.0107,0.0090,0.0073,0.0068]
	キー:[0.0000,0.0002,0.0000,0.0000]
	方法:[0.0038,0.0019,0.0124,0.0001]
	キーボード:[0.0001,0.0002,0.0000,0.0000]
	たち:[0.0003,0.0002,0.0000,0.0005]
	する:[0.0377,0.0379,0.0453,0.0180]
	または:[0.0006,0.0007,0.0008,0.0001]
	いる:[0.0124,0.0129,0.0079,0.0099]
	こと:[0.0097,0.0093,0.0086,0.0051]
	この:[0.0023,0.0031,0.0023,0.0014]
	くださる:[0.0005,0.0014,0.0021,0.0009]
	動作:[0.0003,0.0002,0.0003,0.0000]
	動く:[0.0004,0.0008,0.0009,0.0004]
	入力:[0.0003,0.0004,0.0009,0.0000]
	ようだ:[0.0039,0.0045,0.0062,0.0016]
	連動:[0.0000,0.0000,0.0000,0.0002]
	いく:[0.0011,0.0015,0.0022,0.0005]
	つく:[0.0013,0.0015,0.0009,0.0004]
	いう:[0.0059,0.0048,0.0034,0.0042]
	メニュー:[0.0000,0.0001,0.0000,0.0000]
	マウス:[0.0001,0.0001,0.0001,0.0000]
	画面:[0.0004,0.0029,0.0003,0.0000]
	場合:[0.0353,0.0044,0.0023,0.0045]
	押す:[0.0002,0.0004,0.0002,0.0000]
	求める:[0.0001,0.0001,0.0001,0.0000]
	対処:[0.0005,0.0000,0.0000,0.0004]
	ます:[0.0228,0.0269,0.0224,0.0150]
	気付く:[0.0000,0.0000,0.0001,0.0000]
	また:[0.0013,0.0021,0.0018,0.0011]
	のだ:[0.0071,0.0068,0.0053,0.0039]
	これ:[0.0015,0.0020,0.0024,0.0011]
	どう:[0.0005,0.0006,0.0004,0.0003]
	できる:[0.0044,0.0045,0.0022,0.0015]
	特別だ:[0.0001,0.0001,0.0000,0.0000]
	スタート:[0.0001,0.0001,0.0005,0.0000]
	ある:[0.0113,0.0103,0.0051,0.0037]
	ウィンドウ:[0.0000,0.0001,0.0001,0.0000]
	操作:[0.0002,0.0003,0.0005,0.0000]
	ながら:[0.0001,0.0005,0.0010,0.0005]
	みる:[0.0011,0.0014,0.0005,0.0011]
	ない:[0.0105,0.0083,0.0076,0.0061]
	原因:[0.0014,0.0009,0.0005,0.0008]
	パソコン:[0.0004,0.0005,0.0000,0.0000]
	つまり:[0.0002,0.0004,0.0000,0.0002]
False-Positive

Section:18
	Ｆｌａｇ：：００００
	回線速度が遅くて表示に時間がかかっている
	回線速度が遅くて表示に時間がかかっている
Score:0.00103813193974
EACH_TAG_SCORE:
	image:0.000350755235804
	table:0.000299993436653
	graph:0.000216457551452
	flow:0.000170925715832
PARA:
Clueword:
	表示:[0.0002,0.0046,0.0004,0.0002]
	回線:[0.0000,0.0000,0.0000,0.0000]
	いる:[0.0124,0.0129,0.0079,0.0099]
	遅い:[0.0001,0.0001,0.0000,0.0000]
	かかる:[0.0011,0.0002,0.0002,0.0002]
	時間:[0.0010,0.0004,0.0003,0.0010]
	速度:[0.0007,0.0000,0.0000,0.0000]
False-Positive

Section:20
	Ｆｌａｇ：：００００
	・ソフトの起動中に停止する場合
	ソフトの起動中に停止する「バグ」の場合に、はユーザーにできることはあまりありません。
	ソフトメーカーが対処してアップデートしてくれるまで待つか、そのソフトの使用をしばらく見合わせましょう。
	ソフトをインストールしなおす方法もありますが、自信がない場合は専門家にお願いしましょう。
	これは、開こうとしたデータに不具合があってソフトが停止する場合も同様です。
	無理にソフトを使用しない方がよいでしょう。
	３－１－３．電源ケーブル、コンセントの異常
	コンセントからケーブルを一度抜いて、表面に傷がないか、端子の接触部分に汚れやゴミがないかを確認して、挿し直して電源を入れます。
	３－１－４．マウス、キーボードの異常
	マウス・キーボードの異常では、まずマウスドライバーという「マウスを動かすためのソフト」の動作異常が考えられます。
	この場合は、本体からマウスを一度抜いて、もう一度挿し直せばなおることがあります。
	無線マウスの場合には小さな親機が本体にささっていますから、そちらを抜き差ししてみます。
	また、ドライバーソフトが最新のものかどうかを確認しましょう。
	ドライバソフトの更新
	ドライバソフトの更新
	他の原因として、無線マウス・無線キーボードでは乾電池で動作していますから、電池切れで動かなくなることもあります。
	マウスやキーボードの電池交換をして動くかどうかを確認してみてください。
	マウスやキーボードの電池を交換する
	マウスやキーボードの電池を交換する
	３－１－５．パソコンが応答しない状態の場合
Score:0.00100095344695
EACH_TAG_SCORE:
	image:0.000269064330823
	table:0.000312026123367
	graph:0.000145377846761
	flow:0.000274485145998
PARA:
Clueword:
	あう:[0.0007,0.0005,0.0002,0.0001]
	専門:[0.0003,0.0003,0.0001,0.0004]
	動かす:[0.0001,0.0003,0.0013,0.0000]
	汚れる:[0.0000,0.0000,0.0001,0.0000]
	原因:[0.0014,0.0009,0.0005,0.0008]
	できる:[0.0044,0.0045,0.0022,0.0015]
	あまり:[0.0006,0.0002,0.0001,0.0000]
	状態:[0.0028,0.0009,0.0012,0.0006]
	そちら:[0.0000,0.0000,0.0000,0.0000]
	待つ:[0.0003,0.0003,0.0002,0.0001]
	ソフト:[0.0002,0.0001,0.0000,0.0001]
	みる:[0.0011,0.0014,0.0005,0.0011]
	ため:[0.0030,0.0032,0.0027,0.0024]
	なる:[0.0107,0.0090,0.0073,0.0068]
	方法:[0.0038,0.0019,0.0124,0.0001]
	キーボード:[0.0001,0.0002,0.0000,0.0000]
	交換:[0.0000,0.0000,0.0000,0.0000]
	する:[0.0377,0.0379,0.0453,0.0180]
	切れる:[0.0000,0.0000,0.0000,0.0002]
	いる:[0.0124,0.0129,0.0079,0.0099]
	動作:[0.0003,0.0002,0.0003,0.0000]
	願う:[0.0000,0.0000,0.0000,0.0000]
	こと:[0.0097,0.0093,0.0086,0.0051]
	この:[0.0023,0.0031,0.0023,0.0014]
	表面:[0.0001,0.0005,0.0000,0.0000]
	くださる:[0.0005,0.0014,0.0021,0.0009]
	異常だ:[0.0004,0.0005,0.0001,0.0000]
	インストール:[0.0000,0.0000,0.0000,0.0000]
	端子:[0.0000,0.0004,0.0000,0.0000]
	入れる:[0.0004,0.0003,0.0002,0.0000]
	もの:[0.0026,0.0031,0.0015,0.0008]
	更新:[0.0000,0.0001,0.0000,0.0000]
	起動:[0.0002,0.0003,0.0001,0.0000]
	最新だ:[0.0000,0.0000,0.0000,0.0000]
	停止:[0.0000,0.0001,0.0000,0.0000]
	ドライバ:[0.0000,0.0000,0.0000,0.0000]
	直す:[0.0001,0.0000,0.0000,0.0001]
	いう:[0.0059,0.0048,0.0034,0.0042]
	使用:[0.0008,0.0008,0.0013,0.0000]
	もう:[0.0002,0.0002,0.0006,0.0002]
	マウス:[0.0001,0.0001,0.0001,0.0000]
	他の:[0.0003,0.0003,0.0002,0.0003]
	場合:[0.0353,0.0044,0.0023,0.0045]
	同様だ:[0.0003,0.0003,0.0003,0.0000]
	抜く:[0.0001,0.0001,0.0002,0.0000]
	アップデート:[0.0001,0.0000,0.0000,0.0000]
	対処:[0.0005,0.0000,0.0000,0.0004]
	まで:[0.0020,0.0014,0.0016,0.0015]
	ます:[0.0228,0.0269,0.0224,0.0150]
	まず:[0.0007,0.0007,0.0187,0.0001]
	電源:[0.0000,0.0000,0.0000,0.0000]
	から:[0.0057,0.0058,0.0057,0.0033]
	くれる:[0.0004,0.0006,0.0000,0.0000]
	開く:[0.0000,0.0007,0.0024,0.0000]
	動く:[0.0004,0.0008,0.0009,0.0004]
	具合:[0.0000,0.0001,0.0001,0.0000]
	小さな:[0.0002,0.0007,0.0001,0.0000]
	これ:[0.0015,0.0020,0.0024,0.0011]
	その:[0.0018,0.0030,0.0033,0.0011]
	部分:[0.0020,0.0038,0.0010,0.0001]
	確認:[0.0005,0.0008,0.0010,0.0000]
	どう:[0.0005,0.0006,0.0004,0.0003]
	ゴミ:[0.0000,0.0000,0.0000,0.0001]
	バグ:[0.0001,0.0000,0.0000,0.0000]
	また:[0.0013,0.0021,0.0018,0.0011]
	データ:[0.0004,0.0003,0.0008,0.0001]
	しばらく:[0.0001,0.0001,0.0001,0.0001]
	考える:[0.0013,0.0012,0.0004,0.0007]
	無理だ:[0.0000,0.0000,0.0000,0.0000]
	られる:[0.0026,0.0025,0.0012,0.0015]
	ある:[0.0113,0.0103,0.0051,0.0037]
	だろう:[0.0010,0.0005,0.0000,0.0003]
	本体:[0.0001,0.0001,0.0001,0.0000]
	メーカー:[0.0001,0.0001,0.0005,0.0000]
	よい:[0.0014,0.0014,0.0003,0.0004]
	応答:[0.0000,0.0001,0.0000,0.0000]
	接触:[0.0000,0.0001,0.0003,0.0000]
	ドライバー:[0.0002,0.0000,0.0000,0.0002]
	ユーザー:[0.0000,0.0002,0.0000,0.0002]
	電池:[0.0000,0.0000,0.0000,0.0000]
	ない:[0.0105,0.0083,0.0076,0.0061]
	パソコン:[0.0004,0.0005,0.0000,0.0000]
False-Positive

Section:22
	Ｆｌａｇ：：００００
	Ｗｉｎｄｏｗｓのタスクマネージャー
	Ｗｉｎｄｏｗｓのタスクマネージャー
	Ｍａｃの「アプリケーションの強制終了」
	Ｍａｃの「アプリケーションの強制終了」
	３－２．フリーズしている場合
	フリーズの場合は、ほとんどの操作ができません。
	まずは電源スイッチを軽く押してパソコンが停止できるか試してみましょう。
	軽く押して停止できない場合は、電源スイッチを「パソコンが停止するまで押す（「電源ボタン長押し」と呼びます）」ことが必要になります。
	機種によっては「リセットボタン」があるものもあります。
	取扱説明を確認しておきましょう。
	ただし、この操作をフリーズ以外で行うと、コンピューター自体に深刻なダメージをあたえることがあります。
	ハードディスクの動作ランプが完全に停止しているかを確認してから実行しましょう。
	また、メーカーやお店のサポートなど、プロにまかせるのもひとつの方法です。
	３－３．電源供給以外で起動しない場合
	ここまでのチェック、対処でもパソコンが動かない場合、ユーザーにできることはあまりありません。
	メーカーに修理を依頼するか、買い換えを検討しましょう。
	いずれにしても、パソコンに保存してあったさまざまなデータは消去されてしまいますので、バックアップを取っておきましょう。
	とはいえ、パソコンは動かないのですから、最新のバックアップを取ることはできません。
	これまでにバックアップをとっておいたかどうかが頼りになります。
	普段からバックアップを習慣づけておきましょう。
	バックアップについてはこちらの記事も参照してください。
	大切なデータを復元！万が一に備えたＰＣのパックアップ方法
	これはメーカーに修理を依頼する場合でも同様です。
	運良くデータが消去されなければよいのですが、それはまれだと考えましょう。
Score:0.000971925970548
EACH_TAG_SCORE:
	image:0.00026501974727
	table:0.000305313128451
	graph:0.000147233060592
	flow:0.000254360034234
PARA:
Clueword:
	呼ぶ:[0.0011,0.0007,0.0003,0.0000]
	これ:[0.0015,0.0020,0.0024,0.0011]
	完全だ:[0.0000,0.0001,0.0000,0.0001]
	説明:[0.0005,0.0003,0.0001,0.0001]
	よる:[0.0024,0.0030,0.0030,0.0025]
	それ:[0.0013,0.0009,0.0018,0.0009]
	できる:[0.0044,0.0045,0.0022,0.0015]
	確認:[0.0005,0.0008,0.0010,0.0000]
	サポート:[0.0002,0.0001,0.0002,0.0000]
	最新だ:[0.0000,0.0000,0.0000,0.0000]
	とる:[0.0004,0.0007,0.0005,0.0001]
	さまざまだ:[0.0002,0.0001,0.0001,0.0000]
	実行:[0.0005,0.0000,0.0001,0.0001]
	れる:[0.0087,0.0086,0.0069,0.0045]
	チェック:[0.0004,0.0004,0.0002,0.0003]
	みる:[0.0011,0.0014,0.0005,0.0011]
	フリーズ:[0.0000,0.0001,0.0000,0.0000]
	しまう:[0.0018,0.0022,0.0024,0.0012]
	ディスク:[0.0001,0.0001,0.0000,0.0000]
	方法:[0.0038,0.0019,0.0124,0.0001]
	頼る:[0.0000,0.0000,0.0001,0.0001]
	つける:[0.0004,0.0008,0.0020,0.0000]
	する:[0.0377,0.0379,0.0453,0.0180]
	いる:[0.0124,0.0129,0.0079,0.0099]
	なる:[0.0107,0.0090,0.0073,0.0068]
	ランプ:[0.0002,0.0001,0.0000,0.0000]
	保存:[0.0000,0.0000,0.0000,0.0000]
	こと:[0.0097,0.0093,0.0086,0.0051]
	この:[0.0023,0.0031,0.0023,0.0014]
	万が一:[0.0001,0.0000,0.0000,0.0000]
	検討:[0.0001,0.0000,0.0000,0.0001]
	くださる:[0.0005,0.0014,0.0021,0.0009]
	動作:[0.0003,0.0002,0.0003,0.0000]
	同様だ:[0.0003,0.0003,0.0003,0.0000]
	ほとんど:[0.0006,0.0007,0.0001,0.0018]
	ここ:[0.0006,0.0005,0.0004,0.0003]
	もの:[0.0026,0.0031,0.0015,0.0008]
	買う:[0.0002,0.0001,0.0006,0.0004]
	押す:[0.0002,0.0004,0.0002,0.0000]
	起動:[0.0002,0.0003,0.0001,0.0000]
	おく:[0.0014,0.0010,0.0010,0.0012]
	停止:[0.0000,0.0001,0.0000,0.0000]
	供給:[0.0000,0.0000,0.0000,0.0003]
	操作:[0.0002,0.0003,0.0005,0.0000]
	以外:[0.0017,0.0016,0.0001,0.0001]
	パック:[0.0001,0.0000,0.0001,0.0000]
	普段:[0.0000,0.0001,0.0000,0.0000]
	備える:[0.0000,0.0000,0.0002,0.0000]
	こちら:[0.0006,0.0004,0.0004,0.0000]
	換える:[0.0001,0.0001,0.0000,0.0000]
	つく:[0.0013,0.0015,0.0009,0.0004]
	取る:[0.0009,0.0006,0.0001,0.0003]
	まずは:[0.0001,0.0002,0.0090,0.0002]
	とはいえ:[0.0000,0.0000,0.0001,0.0000]
	場合:[0.0353,0.0044,0.0023,0.0045]
	まかせる:[0.0000,0.0000,0.0001,0.0000]
	自体:[0.0004,0.0004,0.0000,0.0000]
	対処:[0.0005,0.0000,0.0000,0.0004]
	まで:[0.0020,0.0014,0.0016,0.0015]
	行う:[0.0007,0.0006,0.0022,0.0001]
	ます:[0.0228,0.0269,0.0224,0.0150]
	ただし:[0.0006,0.0003,0.0000,0.0000]
	習慣:[0.0000,0.0001,0.0000,0.0002]
	機種:[0.0000,0.0001,0.0005,0.0000]
	のだ:[0.0071,0.0068,0.0053,0.0039]
	依頼:[0.0002,0.0001,0.0003,0.0000]
	から:[0.0057,0.0058,0.0057,0.0033]
	データ:[0.0004,0.0003,0.0008,0.0001]
	動く:[0.0004,0.0008,0.0009,0.0004]
	ボタン:[0.0001,0.0005,0.0002,0.0000]
	必要だ:[0.0023,0.0013,0.0019,0.0006]
	大切だ:[0.0002,0.0003,0.0002,0.0001]
	ひと:[0.0003,0.0008,0.0013,0.0004]
	どう:[0.0005,0.0006,0.0004,0.0003]
	記事:[0.0002,0.0002,0.0000,0.0002]
	終了:[0.0000,0.0002,0.0000,0.0000]
	あまり:[0.0006,0.0002,0.0001,0.0000]
	考える:[0.0013,0.0012,0.0004,0.0007]
	いずれ:[0.0000,0.0001,0.0001,0.0001]
	ある:[0.0113,0.0103,0.0051,0.0037]
	強制:[0.0000,0.0001,0.0000,0.0000]
	電源:[0.0000,0.0000,0.0000,0.0000]
	など:[0.0054,0.0053,0.0021,0.0019]
	メーカー:[0.0001,0.0001,0.0005,0.0000]
	参照:[0.0000,0.0010,0.0000,0.0001]
	よい:[0.0014,0.0014,0.0003,0.0004]
	タスク:[0.0000,0.0000,0.0000,0.0000]
	ダメージ:[0.0000,0.0001,0.0000,0.0000]
	深刻だ:[0.0000,0.0000,0.0000,0.0002]
	良い:[0.0013,0.0011,0.0010,0.0006]
	試す:[0.0002,0.0000,0.0000,0.0000]
	また:[0.0013,0.0021,0.0018,0.0011]
	ユーザー:[0.0000,0.0002,0.0000,0.0002]
	軽い:[0.0008,0.0009,0.0017,0.0000]
	コンピューター:[0.0001,0.0001,0.0000,0.0000]
	でも:[0.0029,0.0018,0.0004,0.0017]
	アプリケーション:[0.0000,0.0001,0.0000,0.0000]
	ない:[0.0105,0.0083,0.0076,0.0061]
	ハード:[0.0001,0.0001,0.0000,0.0000]
	復元:[0.0000,0.0000,0.0000,0.0000]
	アップ:[0.0002,0.0006,0.0003,0.0024]
	パソコン:[0.0004,0.0005,0.0000,0.0000]
False-Positive

Section:12
	Ｆｌａｇ：：００００
	Ｗｉｎｄｏｗｓの場合の時計表示
	Ｗｉｎｄｏｗｓの場合の時計表示
	２－２．ＯＳの起動が途中で止まる場合
Score:0.000878427353264
EACH_TAG_SCORE:
	image:0.000159621790841
	table:0.000588671240131
	graph:8.20493533733e-05
	flow:4.80849689192e-05
PARA:
Clueword:
	表示:[0.0002,0.0046,0.0004,0.0002]
	止まる:[0.0001,0.0001,0.0000,0.0001]
	時計:[0.0000,0.0002,0.0001,0.0002]
	途中:[0.0001,0.0001,0.0000,0.0000]
	場合:[0.0353,0.0044,0.0023,0.0045]
	起動:[0.0002,0.0003,0.0001,0.0000]
False-Positive

Section:23
	Ｆｌａｇ：：００００
	４．最後に
	ここまで「パソコンを壊したら数万円、十数万円の損害がでますよ」というように話を進めてまいりましたが、問題としてこれらはまだ「お金を出せば解決する」ので、深刻度の点ではまだそれほどではないのです。
	パソコンに取り込んだ「家族との思い出の写真」や「旧友や大事な顧客とやりとりした電子メール」などは、いくらお金を出しても二度と手に入れることができないものです。
	パソコンを使うときには「短気は損気」を肝に銘じておきましょう。
	大切なデータを失う悲しさは、実際に経験しないとわからないものなのです。
	フリーズした場合の確認事項
	フリーズしたときには、まずマウスやキーボードが使えるかどうかを確認します。
	これらが使える場合は、まだ復帰できる可能性があります。
	そして、本当にフリーズしているのかどうかを判断しましょう。
	フリーズしたときの確認事項
	フリーズしたときの確認事項
	１－１：フリーズしているかどうかを確認する
	「固まった」と思ったら、まずはしばらく放置してみましょう。
	大きなファイルを開いたときや、ソフトウェアが複雑な計算をしているときなど、非常に重い処理をしているときには、フリーズしたと思うくらいに動作が重くなります。
	まずは少し待ってみて、それでもまったく変化がないときにはフリーズしていると判断し、次の行動に移ります。
	この際、処理の進行状況を表示するプログレスバーが少しでも動いているかどうかが判断材料のひとつになります。
	なお、一度スリープさせるという方法もあります。
	ノートパソコンであれば、一度ディスプレイを閉じてスリープさせてみましょう。
	しばらく置いて再びディスプレイを開くことで復帰できる場合があります。
	デスクトップパソコンにも「スリープ」メニューがありますが、これはマウスやキーボードが動く場合に限られます。
	２：マウスやキーボードが操作できる場合
	マウスやキーボードが動く場合には、試す方法があります。
	フリーズの多くは、ソフトウェアのコンフリクト（競合）が原因です。
	これは、特定の機能やデータを複数のソフトウェアが取り合うときに発生します。
	このため、使用してない起動中のソフトウェアを終了させていきます。
	２－１：ソフトウェアを終了する
	終了（×）ボタンを押してもソフトウェアを終了できないときは、「タスクマネージャー」を使って終了させていきます。
	２－１－１：タスクマネージャー
Score:0.000798636633268
EACH_TAG_SCORE:
	image:0.000218286860966
	table:0.000238705972018
	graph:0.00011654791002
	flow:0.000225095890264
PARA:
Clueword:
	表示:[0.0002,0.0046,0.0004,0.0002]
	非常だ:[0.0005,0.0005,0.0000,0.0002]
	おく:[0.0014,0.0010,0.0010,0.0012]
	失う:[0.0000,0.0001,0.0000,0.0000]
	できる:[0.0044,0.0045,0.0022,0.0015]
	れる:[0.0087,0.0086,0.0069,0.0045]
	みる:[0.0011,0.0014,0.0005,0.0011]
	処理:[0.0003,0.0001,0.0025,0.0000]
	なる:[0.0107,0.0090,0.0073,0.0068]
	キーボード:[0.0001,0.0002,0.0000,0.0000]
	閉じる:[0.0000,0.0000,0.0001,0.0000]
	込む:[0.0006,0.0010,0.0006,0.0004]
	次の:[0.0006,0.0001,0.0015,0.0000]
	電子:[0.0001,0.0000,0.0000,0.0000]
	損害:[0.0002,0.0001,0.0000,0.0000]
	進行:[0.0000,0.0001,0.0000,0.0000]
	それ:[0.0013,0.0009,0.0018,0.0009]
	合う:[0.0004,0.0004,0.0000,0.0001]
	押す:[0.0002,0.0004,0.0002,0.0000]
	入れる:[0.0004,0.0003,0.0002,0.0000]
	材料:[0.0000,0.0001,0.0000,0.0000]
	家族:[0.0005,0.0001,0.0000,0.0000]
	大事だ:[0.0001,0.0001,0.0000,0.0000]
	限る:[0.0002,0.0001,0.0000,0.0004]
	大きな:[0.0005,0.0016,0.0003,0.0005]
	多く:[0.0005,0.0006,0.0001,0.0054]
	この:[0.0023,0.0031,0.0023,0.0014]
	置く:[0.0002,0.0007,0.0005,0.0003]
	取る:[0.0009,0.0006,0.0001,0.0003]
	まずは:[0.0001,0.0002,0.0090,0.0002]
	マウス:[0.0001,0.0001,0.0001,0.0000]
	解決:[0.0002,0.0004,0.0000,0.0001]
	ファイル:[0.0001,0.0000,0.0000,0.0000]
	使用:[0.0008,0.0008,0.0013,0.0000]
	深刻だ:[0.0000,0.0000,0.0000,0.0002]
	機能:[0.0007,0.0004,0.0000,0.0000]
	動作:[0.0003,0.0002,0.0003,0.0000]
	くらい:[0.0006,0.0003,0.0010,0.0001]
	起動:[0.0002,0.0003,0.0001,0.0000]
	ボタン:[0.0001,0.0005,0.0002,0.0000]
	可能だ:[0.0009,0.0006,0.0008,0.0009]
	ソフトウェア:[0.0000,0.0000,0.0000,0.0000]
	場合:[0.0353,0.0044,0.0023,0.0045]
	まったく:[0.0001,0.0000,0.0000,0.0000]
	固まる:[0.0000,0.0002,0.0004,0.0000]
	ひと:[0.0003,0.0008,0.0013,0.0004]
	とく:[0.0000,0.0000,0.0001,0.0000]
	判断:[0.0006,0.0007,0.0001,0.0000]
	最後だ:[0.0001,0.0004,0.0009,0.0000]
	ある:[0.0113,0.0103,0.0051,0.0037]
	経験:[0.0003,0.0001,0.0007,0.0002]
	など:[0.0054,0.0053,0.0021,0.0019]
	操作:[0.0002,0.0003,0.0005,0.0000]
	変化:[0.0003,0.0005,0.0003,0.0000]
	ため:[0.0030,0.0032,0.0027,0.0024]
	やりとり:[0.0000,0.0000,0.0001,0.0000]
	事項:[0.0003,0.0004,0.0000,0.0002]
	二度と:[0.0001,0.0001,0.0000,0.0000]
	複雑だ:[0.0002,0.0002,0.0000,0.0000]
	なく:[0.0001,0.0001,0.0000,0.0000]
	でも:[0.0029,0.0018,0.0004,0.0017]
	なお:[0.0003,0.0003,0.0002,0.0001]
	ない:[0.0105,0.0083,0.0076,0.0061]
	わかる:[0.0006,0.0009,0.0004,0.0002]
	でる:[0.0000,0.0001,0.0000,0.0000]
	ノート:[0.0001,0.0000,0.0000,0.0000]
	進める:[0.0001,0.0000,0.0000,0.0001]
	それほど:[0.0001,0.0000,0.0000,0.0000]
	再び:[0.0000,0.0001,0.0002,0.0000]
	ディスプレイ:[0.0000,0.0001,0.0000,0.0000]
	損だ:[0.0001,0.0001,0.0000,0.0002]
	確認:[0.0005,0.0008,0.0010,0.0000]
	本当だ:[0.0001,0.0000,0.0000,0.0000]
	複数:[0.0001,0.0001,0.0004,0.0000]
	待つ:[0.0003,0.0003,0.0002,0.0001]
	行動:[0.0000,0.0000,0.0000,0.0000]
	出す:[0.0007,0.0007,0.0006,0.0003]
	フリーズ:[0.0000,0.0001,0.0000,0.0000]
	する:[0.0377,0.0379,0.0453,0.0180]
	いる:[0.0124,0.0129,0.0079,0.0099]
	こと:[0.0097,0.0093,0.0086,0.0051]
	バー:[0.0000,0.0001,0.0000,0.0000]
	放置:[0.0001,0.0001,0.0000,0.0000]
	そして:[0.0004,0.0004,0.0025,0.0001]
	問題:[0.0005,0.0008,0.0003,0.0003]
	ここ:[0.0006,0.0005,0.0004,0.0003]
	方法:[0.0038,0.0019,0.0124,0.0001]
	もの:[0.0026,0.0031,0.0015,0.0008]
	動く:[0.0004,0.0008,0.0009,0.0004]
	メール:[0.0004,0.0006,0.0009,0.0000]
	とき:[0.0006,0.0019,0.0029,0.0005]
	ようだ:[0.0039,0.0045,0.0062,0.0016]
	いく:[0.0011,0.0015,0.0022,0.0005]
	実際:[0.0001,0.0003,0.0004,0.0007]
	壊す:[0.0000,0.0001,0.0000,0.0000]
	重い:[0.0004,0.0000,0.0000,0.0000]
	いう:[0.0059,0.0048,0.0034,0.0042]
	メニュー:[0.0000,0.0001,0.0000,0.0000]
	計算:[0.0002,0.0001,0.0001,0.0006]
	写真:[0.0009,0.0046,0.0003,0.0000]
	使える:[0.0007,0.0004,0.0001,0.0000]
	まだ:[0.0001,0.0001,0.0001,0.0002]
	まで:[0.0020,0.0014,0.0016,0.0015]
	ます:[0.0228,0.0269,0.0224,0.0150]
	まず:[0.0007,0.0007,0.0187,0.0001]
	のだ:[0.0071,0.0068,0.0053,0.0039]
	開く:[0.0000,0.0007,0.0024,0.0000]
	状況:[0.0017,0.0003,0.0003,0.0004]
	特定:[0.0006,0.0003,0.0000,0.0000]
	これ:[0.0015,0.0020,0.0024,0.0011]
	大切だ:[0.0002,0.0003,0.0002,0.0001]
	どう:[0.0005,0.0006,0.0004,0.0003]
	終了:[0.0000,0.0002,0.0000,0.0000]
	いくら:[0.0000,0.0001,0.0000,0.0000]
	データ:[0.0004,0.0003,0.0008,0.0001]
	しばらく:[0.0001,0.0001,0.0001,0.0001]
	顧客:[0.0001,0.0000,0.0000,0.0001]
	せる:[0.0005,0.0017,0.0029,0.0006]
	タスク:[0.0000,0.0000,0.0000,0.0000]
	発生:[0.0006,0.0007,0.0008,0.0007]
	少し:[0.0005,0.0010,0.0006,0.0002]
	試す:[0.0002,0.0000,0.0000,0.0000]
	思う:[0.0011,0.0020,0.0027,0.0005]
	復帰:[0.0000,0.0000,0.0000,0.0000]
	使う:[0.0028,0.0024,0.0010,0.0006]
	パソコン:[0.0004,0.0005,0.0000,0.0000]
	原因:[0.0014,0.0009,0.0005,0.0008]
False-Positive

Section:1
	Ｆｌａｇ：：１００１
	１．動かないときに確認すること
	パソコン動かないと思ったときに重要なことは「落ち着くこと」です。
	実際にはなかなか難しいものですが、パソコンが動かなくなったときはまず落ち着き、下記の３つの手順に従いましょう。
	動かなくなったときに確認すること
	このとき、「急いで何かをしなくてはならないことが別にある」のであれば、まずはそちらを解決しましょう。
	パソコンのトラブルは、落ち着いてじっくり取り組むことが大切です。
	パソコンでしなければならない作業があるのなら、ほかのパソコンや手作業で片付けてからにしましょう。
	１－１．パソコンでの作業中か確認
	まず確認しなくてはいけないことは、そのパソコンが作業中かどうかです。
	ワープロで書類作成中だったのでしょうか、それともインターネットを閲覧中でしたか？そういうことをまず確認しましょう。
	１－１－１．ワープロソフトなどでの入力中か確認
	ワープロソフトなどでの入力中の場合、単純に文字変換に手間取っているだけということがよくあります。
	パソコンではＩＭ（インプットメソッド、文字入力ソフト。ＷｉｎｄｏｗｓではＭＳ－ＩＭＥ、Ｍａｃでは「ことえり」が標準ＩＭ）という変換ソフトで入力された文字を漢字などに変換していきますが、使い込んでいくと学習したデータが膨大になって、変換に時間がかかることがあります。
	１－１－２．インターネットの閲覧中か確認
	インターネットを閲覧中に動かなくなった場合、先述のＩＭが遅いだけということのほかに、回線の速度が遅くて情報表示が追いつかない、あるいは時間切れになってしまうということが起きます。
	また、「ソフトウェアのアップデート」が不十分で、インターネットを使おうとした時に複数の自動アップデートが一斉に動き出して、動作が非常に遅くなることもあります。
	１－１－３．ソフトの起動をしようとしたのか確認
	ソフトを起動しようとしてパソコンが動かなくなるケースでは「ソフト自体の不具合」が疑われます。
	いわゆる「バグ」というソフトの不良や、開こうとしたファイルに問題があって、バグを誘発して止まってしまうことがあります。
	１－２．起動を終えて作業を始める前か確認
	パソコンの電源を入れてしばらくすると、最初の画面が表示されます。
	しかし多くの場合、この時点では「一見使用できる準備が整ったように見えて、実際はまだ起動処理中」の状態です。
	この場合、パソコンは「パソコン自体の起動」を優先しますから、ほかの処理は後回しになります。
	そのため、止まっているように感じることがあります。
	１－３．パソコンが起動の途中で終了するのか確認
Score:0.000734231683017
EACH_TAG_SCORE:
	image:0.000198963201023
	table:0.000223142184411
	graph:0.000108628451489
	flow:0.000203497846094
PARA:
Clueword:
	表示:[0.0002,0.0046,0.0004,0.0002]
	変換:[0.0002,0.0001,0.0000,0.0000]
	非常だ:[0.0005,0.0005,0.0000,0.0002]
	落ち着く:[0.0002,0.0001,0.0006,0.0001]
	重要だ:[0.0007,0.0004,0.0000,0.0004]
	トラブル:[0.0002,0.0000,0.0000,0.0000]
	終える:[0.0000,0.0001,0.0001,0.0000]
	先述:[0.0000,0.0001,0.0000,0.0000]
	ソフト:[0.0002,0.0001,0.0000,0.0001]
	あう:[0.0007,0.0005,0.0002,0.0001]
	見える:[0.0005,0.0007,0.0007,0.0001]
	なら:[0.0020,0.0011,0.0003,0.0013]
	かかる:[0.0011,0.0002,0.0002,0.0002]
	なる:[0.0107,0.0090,0.0073,0.0068]
	疑う:[0.0000,0.0000,0.0000,0.0000]
	思う:[0.0011,0.0020,0.0027,0.0005]
	動作:[0.0003,0.0002,0.0003,0.0000]
	ソフトだ:[0.0000,0.0000,0.0000,0.0000]
	自体:[0.0004,0.0004,0.0000,0.0000]
	作業:[0.0001,0.0002,0.0011,0.0001]
	急ぐ:[0.0000,0.0000,0.0001,0.0000]
	多く:[0.0005,0.0006,0.0001,0.0054]
	まずは:[0.0001,0.0002,0.0090,0.0002]
	回線:[0.0000,0.0000,0.0000,0.0000]
	画面:[0.0004,0.0029,0.0003,0.0000]
	ファイル:[0.0001,0.0000,0.0000,0.0000]
	使用:[0.0008,0.0008,0.0013,0.0000]
	アップデート:[0.0001,0.0000,0.0000,0.0000]
	電源:[0.0000,0.0000,0.0000,0.0000]
	そういう:[0.0000,0.0000,0.0000,0.0000]
	起動:[0.0002,0.0003,0.0001,0.0000]
	書類:[0.0000,0.0000,0.0001,0.0000]
	込む:[0.0006,0.0010,0.0006,0.0004]
	一斉だ:[0.0000,0.0001,0.0000,0.0000]
	その:[0.0018,0.0030,0.0033,0.0011]
	できる:[0.0044,0.0045,0.0022,0.0015]
	バグ:[0.0001,0.0000,0.0000,0.0000]
	遅い:[0.0001,0.0001,0.0000,0.0000]
	いわゆる:[0.0001,0.0000,0.0000,0.0001]
	ある:[0.0113,0.0103,0.0051,0.0037]
	なかなか:[0.0000,0.0000,0.0005,0.0000]
	インターネット:[0.0004,0.0001,0.0000,0.0000]
	など:[0.0054,0.0053,0.0021,0.0019]
	準備:[0.0001,0.0002,0.0006,0.0000]
	ため:[0.0030,0.0032,0.0027,0.0024]
	下記:[0.0000,0.0012,0.0000,0.0002]
	始める:[0.0004,0.0003,0.0001,0.0004]
	最初だ:[0.0000,0.0003,0.0003,0.0000]
	大切だ:[0.0002,0.0003,0.0002,0.0001]
	いけない:[0.0004,0.0002,0.0001,0.0001]
	ない:[0.0105,0.0083,0.0076,0.0061]
	不良だ:[0.0000,0.0000,0.0001,0.0000]
	難しい:[0.0003,0.0005,0.0001,0.0002]
	止まる:[0.0001,0.0001,0.0000,0.0001]
	作成:[0.0005,0.0003,0.0006,0.0000]
	感じる:[0.0009,0.0010,0.0004,0.0003]
	にる:[0.0001,0.0001,0.0001,0.0000]
	ソフトウェア:[0.0000,0.0000,0.0000,0.0000]
	れる:[0.0087,0.0086,0.0069,0.0045]
	取り組む:[0.0001,0.0001,0.0000,0.0000]
	途中:[0.0001,0.0001,0.0000,0.0000]
	整う:[0.0000,0.0001,0.0000,0.0000]
	確認:[0.0005,0.0008,0.0010,0.0000]
	あるいは:[0.0010,0.0001,0.0001,0.0000]
	手順:[0.0000,0.0003,0.0081,0.0000]
	複数:[0.0001,0.0001,0.0004,0.0000]
	そちら:[0.0000,0.0000,0.0000,0.0000]
	起きる:[0.0001,0.0002,0.0010,0.0002]
	閲覧:[0.0001,0.0000,0.0000,0.0000]
	しまう:[0.0018,0.0022,0.0024,0.0012]
	出す:[0.0007,0.0007,0.0006,0.0003]
	不十分だ:[0.0001,0.0000,0.0000,0.0001]
	速度:[0.0007,0.0000,0.0000,0.0000]
	情報:[0.0007,0.0001,0.0002,0.0000]
	する:[0.0377,0.0379,0.0453,0.0180]
	いる:[0.0124,0.0129,0.0079,0.0099]
	単純だ:[0.0001,0.0001,0.0000,0.0001]
	処理:[0.0003,0.0001,0.0025,0.0000]
	こと:[0.0097,0.0093,0.0086,0.0051]
	この:[0.0023,0.0031,0.0023,0.0014]
	じっくり:[0.0000,0.0000,0.0000,0.0000]
	学習:[0.0004,0.0000,0.0000,0.0001]
	問題:[0.0005,0.0008,0.0003,0.0003]
	解決:[0.0002,0.0004,0.0000,0.0001]
	もの:[0.0026,0.0031,0.0015,0.0008]
	動く:[0.0004,0.0008,0.0009,0.0004]
	だけ:[0.0014,0.0013,0.0014,0.0007]
	入力:[0.0003,0.0004,0.0009,0.0000]
	とき:[0.0006,0.0019,0.0029,0.0005]
	ようだ:[0.0039,0.0045,0.0062,0.0016]
	文字:[0.0001,0.0001,0.0000,0.0000]
	いく:[0.0011,0.0015,0.0022,0.0005]
	実際:[0.0001,0.0003,0.0004,0.0007]
	入れる:[0.0004,0.0003,0.0002,0.0000]
	いう:[0.0059,0.0048,0.0034,0.0042]
	一見:[0.0001,0.0000,0.0000,0.0000]
	場合:[0.0353,0.0044,0.0023,0.0045]
	まだ:[0.0001,0.0001,0.0001,0.0002]
	標準:[0.0000,0.0000,0.0002,0.0000]
	ます:[0.0228,0.0269,0.0224,0.0150]
	まず:[0.0007,0.0007,0.0187,0.0001]
	また:[0.0013,0.0021,0.0018,0.0011]
	のだ:[0.0071,0.0068,0.0053,0.0039]
	から:[0.0057,0.0058,0.0057,0.0033]
	開く:[0.0000,0.0007,0.0024,0.0000]
	具合:[0.0000,0.0001,0.0001,0.0000]
	優先:[0.0000,0.0000,0.0000,0.0002]
	従う:[0.0000,0.0000,0.0000,0.0000]
	どう:[0.0005,0.0006,0.0004,0.0003]
	終了:[0.0000,0.0002,0.0000,0.0000]
	データ:[0.0004,0.0003,0.0008,0.0001]
	しばらく:[0.0001,0.0001,0.0001,0.0001]
	別だ:[0.0003,0.0001,0.0000,0.0000]
	時間:[0.0010,0.0004,0.0003,0.0010]
	よい:[0.0014,0.0014,0.0003,0.0004]
	自動:[0.0001,0.0000,0.0000,0.0001]
	状態:[0.0028,0.0009,0.0012,0.0006]
	それとも:[0.0000,0.0000,0.0000,0.0001]
	時点:[0.0001,0.0001,0.0001,0.0018]
	ケース:[0.0036,0.0001,0.0000,0.0000]
	ほか:[0.0002,0.0002,0.0000,0.0001]
	使う:[0.0028,0.0024,0.0010,0.0006]
	パソコン:[0.0004,0.0005,0.0000,0.0000]
	しかし:[0.0004,0.0004,0.0007,0.0004]
True-Positive

Section:33
	Ｆｌａｇ：：００００
	４－３：ウイルスに感染していないかチェックする
	ウイルスに感染していることが原因で、パソコンがフリーズすることもあります。
	フリーズから回復したら、セキュリティソフトでウイルススキャンを実行しましょう。
	４－４：ハードディスクのデフラグを行う
	ハードディスクのデータが断片化している場合にも、処理に長い時間がかかったり、フリーズしてしまうことがあります。
	ハードディスクのデフラグを行って、ディスク内のデータを最適化しましょう。
	なお、ドライブにＳＳＤ（ＳｏｌｉｄＳｔａｔｅＤｒｉｖｅ）を使用している場合は、デフラグの必要性はないとされています。
	４－４－１：ハードディスクのデフラグ
	Ｗｉｎｄｏｗｓの場合は、デフラグを実施したいドライブをエクスプローラーで表示し、ドライブを右クリックして［プロパティ］をクリックします。
	プロパティ画面が表示されるので、［ツール］タブから［最適化］をクリックして実行します。
	ハードディスクのデフラグ
	ハードディスクのデフラグ
	Ｍａｃの場合は、基本的にＯＳがデフラグを自動実行しますので、ユーザーが行う必要はないとされています。
	４－５：電源コンセントをチェックする
	電源が不安定な場合にも、フリーズすることがあります。
	電源ケーブルがしっかりとパソコンやコンセントに接続されているか、タコ足配線していないかなども確認しましょう。
	４－６：最悪の場合はＯＳを再インストールする
	上記の対策を行ってもフリーズしてしまうようなときは、最後の手段としてＯＳを再インストールしましょう。
	多くの場合、いったん初期状態にすることで、フリーズが解消されます。
	余裕があれば、必要最小限のソフトウェアや周辺機器を追加しながら様子を見ていくことで、原因を特定できる可能性があります。
	また、Ｗｉｎｄｏｗｓでは「ＢＩＯＳ」、Ｍａｃでは「ＥＦＩ」と「ＳＭＣ」といった、パソコンのマザーボードという基本的なパーツで動作するファームウェアというソフトウェアがアップデートされている場合があり、このアップデートによって不具合が解消することがあります。
	ただし、ファームウェアのアップデートに失敗するとパソコンが起動できなくなることもありますので、購入したショップなどに相談しましょう。
	５：最後に
	パソコンがフリーズしてしまうと、元の状態に復帰することが難しくなります。
	ほとんどの場合は、強制終了して再起動することで復帰できますが、その際に保存されていなかったデータは失われてしまいます。
	たとえば長文のブログを書いていたり、仕事用の資料を作成する場合などは、こまめにファイルを保存して被害を最小限に抑えるよう工夫しましょう。
Score:0.000677041181791
EACH_TAG_SCORE:
	image:0.000189654923984
	table:0.000212535306408
	graph:0.000107538546758
	flow:0.000167312404641
PARA:
Clueword:
	表示:[0.0002,0.0046,0.0004,0.0002]
	追加:[0.0000,0.0001,0.0003,0.0000]
	最適だ:[0.0002,0.0001,0.0000,0.0000]
	余裕:[0.0000,0.0000,0.0000,0.0000]
	できる:[0.0044,0.0045,0.0022,0.0015]
	セキュリティ:[0.0000,0.0000,0.0000,0.0000]
	作成:[0.0005,0.0003,0.0006,0.0000]
	れる:[0.0087,0.0086,0.0069,0.0045]
	かかる:[0.0011,0.0002,0.0002,0.0002]
	接続:[0.0000,0.0000,0.0002,0.0000]
	ディスク:[0.0001,0.0001,0.0000,0.0000]
	基本:[0.0010,0.0004,0.0001,0.0003]
	ウイルス:[0.0004,0.0002,0.0002,0.0001]
	必要だ:[0.0023,0.0013,0.0019,0.0006]
	保存:[0.0000,0.0000,0.0000,0.0000]
	インストール:[0.0000,0.0000,0.0000,0.0000]
	動作:[0.0003,0.0002,0.0003,0.0000]
	ほとんど:[0.0006,0.0007,0.0001,0.0018]
	ソフトだ:[0.0000,0.0000,0.0000,0.0000]
	周辺:[0.0001,0.0000,0.0000,0.0000]
	多く:[0.0005,0.0006,0.0001,0.0054]
	ドライブ:[0.0000,0.0000,0.0000,0.0001]
	復帰:[0.0000,0.0000,0.0000,0.0000]
	終了:[0.0000,0.0002,0.0000,0.0000]
	最小だ:[0.0000,0.0000,0.0001,0.0000]
	画面:[0.0004,0.0029,0.0003,0.0000]
	購入:[0.0001,0.0002,0.0009,0.0000]
	ファイル:[0.0001,0.0000,0.0000,0.0000]
	手段:[0.0005,0.0000,0.0000,0.0000]
	使用:[0.0008,0.0008,0.0013,0.0000]
	アップデート:[0.0001,0.0000,0.0000,0.0000]
	いったん:[0.0000,0.0000,0.0000,0.0001]
	実施:[0.0002,0.0000,0.0000,0.0000]
	たい:[0.0012,0.0013,0.0014,0.0010]
	書く:[0.0018,0.0008,0.0006,0.0001]
	タブ:[0.0000,0.0001,0.0000,0.0000]
	起動:[0.0002,0.0003,0.0001,0.0000]
	回復:[0.0003,0.0001,0.0004,0.0004]
	可能だ:[0.0009,0.0006,0.0008,0.0009]
	その:[0.0018,0.0030,0.0033,0.0011]
	よう:[0.0002,0.0001,0.0004,0.0000]
	最後だ:[0.0001,0.0004,0.0009,0.0000]
	ある:[0.0113,0.0103,0.0051,0.0037]
	強制:[0.0000,0.0001,0.0000,0.0000]
	など:[0.0054,0.0053,0.0021,0.0019]
	なる:[0.0107,0.0090,0.0073,0.0068]
	様子:[0.0000,0.0001,0.0000,0.0000]
	処理:[0.0003,0.0001,0.0025,0.0000]
	ユーザー:[0.0000,0.0002,0.0000,0.0002]
	的だ:[0.0049,0.0028,0.0019,0.0013]
	被害:[0.0000,0.0000,0.0000,0.0005]
	たとえば:[0.0003,0.0014,0.0001,0.0001]
	なお:[0.0003,0.0003,0.0002,0.0001]
	ない:[0.0105,0.0083,0.0076,0.0061]
	抑える:[0.0003,0.0003,0.0003,0.0000]
	難しい:[0.0003,0.0005,0.0001,0.0002]
	失敗:[0.0001,0.0002,0.0003,0.0000]
	初期:[0.0001,0.0000,0.0010,0.0001]
	ソフトウェア:[0.0000,0.0000,0.0000,0.0000]
	相談:[0.0006,0.0001,0.0001,0.0003]
	よる:[0.0024,0.0030,0.0030,0.0025]
	最悪だ:[0.0000,0.0001,0.0000,0.0000]
	確認:[0.0005,0.0008,0.0010,0.0000]
	対策:[0.0005,0.0005,0.0011,0.0003]
	しまう:[0.0018,0.0022,0.0024,0.0012]
	パソコン:[0.0004,0.0005,0.0000,0.0000]
	フリーズ:[0.0000,0.0001,0.0000,0.0000]
	失う:[0.0000,0.0001,0.0000,0.0000]
	する:[0.0377,0.0379,0.0453,0.0180]
	いる:[0.0124,0.0129,0.0079,0.0099]
	工夫:[0.0001,0.0001,0.0000,0.0001]
	クリック:[0.0000,0.0007,0.0010,0.0000]
	機器:[0.0000,0.0000,0.0000,0.0000]
	感染:[0.0002,0.0001,0.0001,0.0003]
	こと:[0.0097,0.0093,0.0086,0.0051]
	この:[0.0023,0.0031,0.0023,0.0014]
	解消:[0.0000,0.0002,0.0000,0.0000]
	チェック:[0.0004,0.0004,0.0002,0.0003]
	プロパティ:[0.0000,0.0000,0.0001,0.0000]
	見る:[0.0008,0.0020,0.0005,0.0013]
	とき:[0.0006,0.0019,0.0029,0.0005]
	ようだ:[0.0039,0.0045,0.0062,0.0016]
	いく:[0.0011,0.0015,0.0022,0.0005]
	上記:[0.0005,0.0012,0.0000,0.0000]
	いう:[0.0059,0.0048,0.0034,0.0042]
	不安定だ:[0.0001,0.0001,0.0000,0.0000]
	場合:[0.0353,0.0044,0.0023,0.0045]
	行う:[0.0007,0.0006,0.0022,0.0001]
	ます:[0.0228,0.0269,0.0224,0.0150]
	ただし:[0.0006,0.0003,0.0000,0.0000]
	また:[0.0013,0.0021,0.0018,0.0011]
	のだ:[0.0071,0.0068,0.0053,0.0039]
	行く:[0.0006,0.0004,0.0002,0.0002]
	から:[0.0057,0.0058,0.0057,0.0033]
	具合:[0.0000,0.0001,0.0001,0.0000]
	特定:[0.0006,0.0003,0.0000,0.0000]
	仕事:[0.0003,0.0003,0.0005,0.0003]
	データ:[0.0004,0.0003,0.0008,0.0001]
	電源:[0.0000,0.0000,0.0000,0.0000]
	時間:[0.0010,0.0004,0.0003,0.0010]
	ながら:[0.0001,0.0005,0.0010,0.0005]
	長い:[0.0005,0.0013,0.0003,0.0022]
	しっかり:[0.0001,0.0003,0.0016,0.0001]
	自動:[0.0001,0.0000,0.0000,0.0001]
	状態:[0.0028,0.0009,0.0012,0.0006]
	実行:[0.0005,0.0000,0.0001,0.0001]
	ハード:[0.0001,0.0001,0.0000,0.0000]
	原因:[0.0014,0.0009,0.0005,0.0008]
False-Positive

Section:29
	Ｆｌａｇ：：００００
	Ｍａｃでは「アクティビティモニタ」でソフトを終了する
	Ｍａｃでは「アクティビティモニタ」でソフトを終了する
	２－２：周辺機器を取り外す
	外付けドライブを接続したとき、外付けハードディスクにデータをコピーしているとき、外付け光学ドライブのディスクのフォーマットをしているときなどは、比較的フリーズの発生率が高いようです。
	これは、外付けドライブ用のドライバソフトに原因というケースが多くあります。
	ドライバソフトとは、パソコンに接続したドライブを認識し、操作を可能にするソフトです。
	これは標準的なものがパソコンのＯＳに用意されていますが、ドライブのメーカーがドライバソフトを提供している場合もあります。
	その場合はメーカー製のドライバを使うようにしましょう。
	外付けドライブが原因と思われる場合は、ひとまずドライブを取り外して、様子を見てみましょう。
	この際、ドライブのアクセスランプが消えたままの状態であることを確認しましょう。
	アクセスランプが点滅している状態でドライブを外すと、外付けドライブに保存されているデータが破壊されることがあります。
	３：マウスやキーボードが操作できない場合
	マウスやキーボードが動かない場合には、復帰が難しくなります。
	この場合は基本的にパソコンを強制終了することになりますが、その際には保存していないデータが消えてしまいます。
	文書や表計算ソフトなどでファイルを作成している場合は、こまめに保存するクセをつけましょう。
	なお、マイクロソフトの「Ｏｆｆｉｃｅ」などは自動バックアップ機能がありますので、再起動後にある程度の復元が可能です。
	３－１：コネクタを確認する
	まずは、マウスやキーボードの接続コネクタが外れかかっている可能性もあります。
	コネクタの接続を確認するとともに、ケーブルが無理に曲がっていないかなども確認しましょう。
	ワイヤレスのマウスやキーボードの場合には、電池切れも疑ってみます。
	３－２：強制終了する
	マウスやキーボード、周辺機器などがしっかり接続されている場合には、強制終了してみましょう。
	マウスもキーボードも操作できないため、本体の電源ボタンを長押しします。
	一定時間、電源ボタンを押していると終了します。
	また、リセットボタンのある機種では、リセットを試してみることも有効です。
	電源ボタンでも終了できない場合には、最後の手段として電源ケーブルをコンセントから抜きます。
	パソコンは電気で動く機械ですから、電源が断たれると当然ながら終了します。
	なお、ノートパソコンの場合は、電源ケーブルをコンセントから外しても内蔵バッテリーから電力が供給されているので、バッテリーも外しましょう。
	ひんぱんにフリーズするときに実施すること
	ひんぱんにフリーズするときに実施すること
	４：フリーズから回復したらやるべきこと
	フリーズから解放されて再起動をしても、そのままでは再びフリーズが発生する可能性があります。
	そこで、再起動をしたらチェックしたいポイントを以下に挙げてみました。
	４－１：ソフトウェアを最新にする
	ソフトウェアは定期、不定期にアップデートが行われています。
	アップデートのたびに不具合も修正されていきますので、こまめにアップデートが出ていないかをチェックし、最新版が公開されていたら適用しましょう。
	多くの場合、「設定」や「ヘルプ」メニューから確認できます。
	なお、マイクロソフト製品やアドビ製品など、自動更新機能のあるソフトウェアもあります。
	「秀丸」の場合は［その他］メニューからチェック
	「秀丸」の場合は［その他］メニューからチェック
	４－２：ドライバソフトを最新にする
	ソフトウェアと同様に、ドライバソフトも不定期にアップデートされます。
	アップデートの多くは対応機器の更新などですが、コンフリクトなどの不具合が確認されたときも修正されるので、フリーズが発生した後はドライバの更新を試しましょう。
	４－２－１：ドライバソフトの更新
Score:0.000514095076754
EACH_TAG_SCORE:
	image:0.000137784939681
	table:0.000161620889845
	graph:8.67058247145e-05
	flow:0.000127983422513
PARA:
Clueword:
	やる:[0.0004,0.0003,0.0011,0.0001]
	ひとまず:[0.0001,0.0000,0.0000,0.0000]
	できる:[0.0044,0.0045,0.0022,0.0015]
	電気:[0.0000,0.0004,0.0000,0.0000]
	作成:[0.0005,0.0003,0.0006,0.0000]
	回復:[0.0003,0.0001,0.0004,0.0004]
	たび:[0.0000,0.0000,0.0000,0.0001]
	ソフト:[0.0002,0.0001,0.0000,0.0001]
	文書:[0.0001,0.0004,0.0000,0.0000]
	みる:[0.0011,0.0014,0.0005,0.0011]
	かかる:[0.0011,0.0002,0.0002,0.0002]
	接続:[0.0000,0.0000,0.0002,0.0000]
	ディスク:[0.0001,0.0001,0.0000,0.0000]
	キーボード:[0.0001,0.0002,0.0000,0.0000]
	つける:[0.0004,0.0008,0.0020,0.0000]
	基本:[0.0010,0.0004,0.0001,0.0003]
	付ける:[0.0002,0.0004,0.0008,0.0001]
	曲がる:[0.0000,0.0001,0.0000,0.0000]
	疑う:[0.0000,0.0000,0.0000,0.0000]
	ソフトウェア:[0.0000,0.0000,0.0000,0.0000]
	電池:[0.0000,0.0000,0.0000,0.0000]
	モニタ:[0.0000,0.0000,0.0000,0.0000]
	表:[0.0004,0.0000,0.0000,0.0000]
	ソフトだ:[0.0000,0.0000,0.0000,0.0000]
	メニュー:[0.0000,0.0001,0.0000,0.0000]
	機種:[0.0000,0.0001,0.0005,0.0000]
	最新だ:[0.0000,0.0000,0.0000,0.0000]
	用意:[0.0002,0.0000,0.0000,0.0000]
	操作:[0.0002,0.0003,0.0005,0.0000]
	べし:[0.0001,0.0003,0.0000,0.0001]
	周辺:[0.0001,0.0000,0.0000,0.0000]
	ドライバ:[0.0000,0.0000,0.0000,0.0000]
	多く:[0.0005,0.0006,0.0001,0.0054]
	ドライブ:[0.0000,0.0000,0.0000,0.0001]
	そこ:[0.0005,0.0005,0.0006,0.0001]
	多い:[0.0030,0.0023,0.0006,0.0031]
	復帰:[0.0000,0.0000,0.0000,0.0000]
	まずは:[0.0001,0.0002,0.0090,0.0002]
	マウス:[0.0001,0.0001,0.0001,0.0000]
	ファイル:[0.0001,0.0000,0.0000,0.0000]
	手段:[0.0005,0.0000,0.0000,0.0000]
	抜く:[0.0001,0.0001,0.0002,0.0000]
	押す:[0.0002,0.0004,0.0002,0.0000]
	アップデート:[0.0001,0.0000,0.0000,0.0000]
	程度:[0.0014,0.0010,0.0007,0.0018]
	機能:[0.0007,0.0004,0.0000,0.0000]
	電源:[0.0000,0.0000,0.0000,0.0000]
	起動:[0.0002,0.0003,0.0001,0.0000]
	ボタン:[0.0001,0.0005,0.0002,0.0000]
	可能だ:[0.0009,0.0006,0.0008,0.0009]
	比較的:[0.0044,0.0005,0.0000,0.0028]
	その:[0.0018,0.0030,0.0033,0.0011]
	その他:[0.0003,0.0004,0.0000,0.0000]
	有効だ:[0.0003,0.0000,0.0001,0.0000]
	最後だ:[0.0001,0.0004,0.0009,0.0000]
	とき:[0.0006,0.0019,0.0029,0.0005]
	高い:[0.0015,0.0007,0.0005,0.0100]
	ある:[0.0113,0.0103,0.0051,0.0037]
	強制:[0.0000,0.0001,0.0000,0.0000]
	など:[0.0054,0.0053,0.0021,0.0019]
	なる:[0.0107,0.0090,0.0073,0.0068]
	様子:[0.0000,0.0001,0.0000,0.0000]
	ため:[0.0030,0.0032,0.0027,0.0024]
	適用:[0.0002,0.0005,0.0001,0.0000]
	提供:[0.0002,0.0000,0.0004,0.0000]
	的だ:[0.0049,0.0028,0.0019,0.0013]
	機械:[0.0001,0.0000,0.0009,0.0000]
	取り外す:[0.0000,0.0001,0.0001,0.0000]
	クセ:[0.0000,0.0001,0.0002,0.0000]
	でも:[0.0029,0.0018,0.0004,0.0017]
	なお:[0.0003,0.0003,0.0002,0.0001]
	ない:[0.0105,0.0083,0.0076,0.0061]
	難しい:[0.0003,0.0005,0.0001,0.0002]
	そのまま:[0.0000,0.0002,0.0010,0.0001]
	ノート:[0.0001,0.0000,0.0000,0.0000]
	保存:[0.0000,0.0000,0.0000,0.0000]
	れる:[0.0087,0.0086,0.0069,0.0045]
	再び:[0.0000,0.0001,0.0002,0.0000]
	コピー:[0.0000,0.0002,0.0004,0.0000]
	確認:[0.0005,0.0008,0.0010,0.0000]
	修正:[0.0000,0.0003,0.0009,0.0001]
	点滅:[0.0000,0.0000,0.0000,0.0000]
	しまう:[0.0018,0.0022,0.0024,0.0012]
	フリーズ:[0.0000,0.0001,0.0000,0.0000]
	認識:[0.0001,0.0001,0.0010,0.0001]
	する:[0.0377,0.0379,0.0453,0.0180]
	フォーマット:[0.0000,0.0004,0.0000,0.0000]
	いる:[0.0124,0.0129,0.0079,0.0099]
	機器:[0.0000,0.0000,0.0000,0.0000]
	ランプ:[0.0002,0.0001,0.0000,0.0000]
	こと:[0.0097,0.0093,0.0086,0.0051]
	破壊:[0.0002,0.0000,0.0000,0.0000]
	この:[0.0023,0.0031,0.0023,0.0014]
	たい:[0.0012,0.0013,0.0014,0.0010]
	当然だ:[0.0000,0.0000,0.0000,0.0000]
	チェック:[0.0004,0.0004,0.0002,0.0003]
	以下:[0.0010,0.0024,0.0011,0.0002]
	見る:[0.0008,0.0020,0.0005,0.0013]
	もの:[0.0026,0.0031,0.0015,0.0008]
	動く:[0.0004,0.0008,0.0009,0.0004]
	製品:[0.0000,0.0004,0.0003,0.0000]
	供給:[0.0000,0.0000,0.0000,0.0003]
	試す:[0.0002,0.0000,0.0000,0.0000]
	ようだ:[0.0039,0.0045,0.0062,0.0016]
	定期:[0.0001,0.0000,0.0000,0.0001]
	いく:[0.0011,0.0015,0.0022,0.0005]
	まま:[0.0003,0.0002,0.0001,0.0002]
	いう:[0.0059,0.0048,0.0034,0.0042]
	計算:[0.0002,0.0001,0.0001,0.0006]
	ポイント:[0.0025,0.0005,0.0000,0.0014]
	場合:[0.0353,0.0044,0.0023,0.0045]
	同様だ:[0.0003,0.0003,0.0003,0.0000]
	一定:[0.0001,0.0001,0.0000,0.0001]
	外す:[0.0000,0.0000,0.0001,0.0000]
	標準:[0.0000,0.0000,0.0002,0.0000]
	使う:[0.0028,0.0024,0.0010,0.0006]
	ます:[0.0228,0.0269,0.0224,0.0150]
	対応:[0.0002,0.0000,0.0000,0.0000]
	また:[0.0013,0.0021,0.0018,0.0011]
	のだ:[0.0071,0.0068,0.0053,0.0039]
	から:[0.0057,0.0058,0.0057,0.0033]
	具合:[0.0000,0.0001,0.0001,0.0000]
	発生:[0.0006,0.0007,0.0008,0.0007]
	これ:[0.0015,0.0020,0.0024,0.0011]
	更新:[0.0000,0.0001,0.0000,0.0000]
	行う:[0.0007,0.0006,0.0022,0.0001]
	終了:[0.0000,0.0002,0.0000,0.0000]
	挙げる:[0.0000,0.0005,0.0004,0.0000]
	ともに:[0.0001,0.0001,0.0001,0.0002]
	データ:[0.0004,0.0003,0.0008,0.0001]
	ながら:[0.0001,0.0005,0.0010,0.0005]
	無理だ:[0.0000,0.0000,0.0000,0.0000]
	実施:[0.0002,0.0000,0.0000,0.0000]
	本体:[0.0001,0.0001,0.0001,0.0000]
	時間:[0.0010,0.0004,0.0003,0.0010]
	メーカー:[0.0001,0.0001,0.0005,0.0000]
	切る:[0.0002,0.0003,0.0001,0.0002]
	アクセス:[0.0005,0.0002,0.0000,0.0000]
	設定:[0.0007,0.0007,0.0017,0.0000]
	しっかり:[0.0001,0.0003,0.0016,0.0001]
	出る:[0.0009,0.0008,0.0003,0.0006]
	自動:[0.0001,0.0000,0.0000,0.0001]
	状態:[0.0028,0.0009,0.0012,0.0006]
	思う:[0.0011,0.0020,0.0027,0.0005]
	ケース:[0.0036,0.0001,0.0000,0.0000]
	ハード:[0.0001,0.0001,0.0000,0.0000]
	復元:[0.0000,0.0000,0.0000,0.0000]
	原因:[0.0014,0.0009,0.0005,0.0008]
	パソコン:[0.0004,0.0005,0.0000,0.0000]
False-Positive

Section:25
	Ｆｌａｇ：：００００
	スタートメニューからタスクマネージャーを起動
	スタートメニューからタスクマネージャーを起動
Score:0.00039368630454
EACH_TAG_SCORE:
	image:0.000113016862166
	table:0.000107566891773
	graph:5.902928487e-05
	flow:0.000114073265731
PARA:
Clueword:
	タスク:[0.0000,0.0000,0.0000,0.0000]
	から:[0.0057,0.0058,0.0057,0.0033]
	スタート:[0.0001,0.0001,0.0005,0.0000]
	起動:[0.0002,0.0003,0.0001,0.0000]
	メニュー:[0.0000,0.0001,0.0000,0.0000]
True-Negative

Section:9
	Ｆｌａｇ：：００００
	２－１－３．システム時計の動作確認
Score:0.000165472295937
EACH_TAG_SCORE:
	image:5.40332798821e-05
	table:4.71623652492e-05
	graph:7.96305144129e-06
	flow:5.63135993644e-05
PARA:
Clueword:
	動作:[0.0003,0.0002,0.0003,0.0000]
	確認:[0.0005,0.0008,0.0010,0.0000]
	時計:[0.0000,0.0002,0.0001,0.0002]
	システム:[0.0005,0.0003,0.0001,0.0000]
True-Negative

Section:31
	Ｆｌａｇ：：００００
	ドライバソフトの更新はデバイスマネージャーで行う
	ドライバソフトの更新はデバイスマネージャーで行う
Score:7.25068006527e-05
EACH_TAG_SCORE:
	image:1.39844187708e-05
	table:1.59765786293e-05
	graph:5.93979536463e-06
	flow:3.6606007888e-05
PARA:
Clueword:
	行う:[0.0007,0.0006,0.0022,0.0001]
	ドライバ:[0.0000,0.0000,0.0000,0.0000]
	ソフト:[0.0002,0.0001,0.0000,0.0001]
	更新:[0.0000,0.0001,0.0000,0.0000]
	デバイス:[0.0000,0.0000,0.0000,0.0001]
True-Negative

Section:5
	Ｆｌａｇ：：００００
	タスクバーの通知
	タスクバーの通知
Score:1.42876049029e-05
EACH_TAG_SCORE:
	image:7.95497463993e-06
	table:1.78303972614e-06
	graph:0.0
	flow:4.54959053686e-06
PARA:
Clueword:
	タスク:[0.0000,0.0000,0.0000,0.0000]
	通知:[0.0000,0.0001,0.0001,0.0000]
	バー:[0.0000,0.0001,0.0000,0.0000]
True-Negative

True-Negative:4
False-Positive:12
True-Positive:17
False-Negative:0
precision = 0.586207
recall = 1.000000
fvalue = 0.739130