Section:9
	Ｆｌａｇ：：１０００
	俗に言う迷惑メールのうち、純粋に他人に迷惑をかける目的で送信されているものはほぼありません。
	以下のような、送信者がなんらかの金銭的メリットを得る目的で、大半の迷惑メールは送信されています。
	アダルトや出会い系
	ドラッグの販売
	アフィリエイトのリンク
	非合法な仕事の斡旋
	ワンクリック詐欺
	フィッシング詐欺
Score:0.00239778193028
EACH_TAG_SCORE:
	image:0.000710052723248
	table:0.000700241583945
	graph:0.000353331270863
	flow:0.000634156352227
PARA:
Clueword:
	純粋だ:[0.0000,0.0001,0.0000,0.0000]
	リンク:[0.0000,0.0000,0.0000,0.0000]
	得る:[0.0003,0.0002,0.0002,0.0002]
	斡旋:[0.0000,0.0001,0.0000,0.0000]
	非合法だ:[0.0000,0.0000,0.0000,0.0000]
	的だ:[0.0049,0.0028,0.0019,0.0013]
	出会う:[0.0000,0.0001,0.0000,0.0000]
	メリット:[0.0045,0.0002,0.0000,0.0000]
	金銭:[0.0000,0.0000,0.0000,0.0000]
	送信:[0.0002,0.0002,0.0000,0.0000]
	ます:[0.0228,0.0269,0.0224,0.0150]
	なんらか:[0.0000,0.0000,0.0000,0.0000]
	俗だ:[0.0000,0.0000,0.0000,0.0000]
	れる:[0.0087,0.0086,0.0069,0.0045]
	うち:[0.0001,0.0002,0.0000,0.0006]
	仕事:[0.0003,0.0003,0.0005,0.0003]
	他人:[0.0000,0.0000,0.0001,0.0000]
	大半:[0.0001,0.0001,0.0000,0.0000]
	する:[0.0377,0.0379,0.0453,0.0180]
	ドラッグ:[0.0000,0.0002,0.0004,0.0000]
	言う:[0.0010,0.0013,0.0005,0.0004]
	いる:[0.0124,0.0129,0.0079,0.0099]
	アダルト:[0.0000,0.0000,0.0000,0.0000]
	詐欺:[0.0000,0.0001,0.0000,0.0000]
	クリック:[0.0000,0.0007,0.0010,0.0000]
	販売:[0.0000,0.0001,0.0000,0.0001]
	目的:[0.0008,0.0003,0.0001,0.0000]
	ほぼ:[0.0003,0.0002,0.0000,0.0007]
	アフィリエイト:[0.0000,0.0000,0.0000,0.0000]
	かける:[0.0005,0.0008,0.0007,0.0003]
	フィッシング:[0.0000,0.0000,0.0000,0.0000]
	ある:[0.0113,0.0103,0.0051,0.0037]
	以下:[0.0010,0.0024,0.0011,0.0002]
	メール:[0.0004,0.0006,0.0009,0.0000]
	迷惑:[0.0002,0.0003,0.0005,0.0000]
	ようだ:[0.0039,0.0045,0.0062,0.0016]
	ワン:[0.0000,0.0001,0.0000,0.0000]
	もの:[0.0026,0.0031,0.0015,0.0008]
True-Positive

Section:11
	Ｆｌａｇ：：１０００
	インターネット上では、以下のような手段で常にメールアドレスが収集されています。
	不正なスマホアプリを本人に気づかないようにインストールさせ、端末内の電話帳ごと盗み取る
	あるサービスを利用するために登録されたメールアドレスを他のサービスに流用
	手当たりしだいにメールを送り、送信が成功したアドレスのみをリスト化する
	インターネット上を巡回し、ＷＥＢサイトなどに書き込まれたアドレスをリスト化する
Score:0.00210828503002
EACH_TAG_SCORE:
	image:0.000625312954215
	table:0.00061182854642
	graph:0.000317470520038
	flow:0.000553673009349
PARA:
Clueword:
	登録:[0.0002,0.0001,0.0004,0.0000]
	ごと:[0.0002,0.0004,0.0001,0.0000]
	スマホ:[0.0000,0.0001,0.0000,0.0000]
	電話:[0.0001,0.0001,0.0002,0.0000]
	成功:[0.0001,0.0001,0.0001,0.0002]
	利用:[0.0010,0.0003,0.0000,0.0002]
	他の:[0.0003,0.0003,0.0002,0.0003]
	手段:[0.0005,0.0000,0.0000,0.0000]
	アドレス:[0.0001,0.0004,0.0000,0.0000]
	送信:[0.0002,0.0002,0.0000,0.0000]
	ます:[0.0228,0.0269,0.0224,0.0150]
	端末:[0.0000,0.0000,0.0000,0.0000]
	書く:[0.0018,0.0008,0.0006,0.0001]
	手当たりしだい:[0.0000,0.0000,0.0000,0.0000]
	流用:[0.0000,0.0000,0.0000,0.0000]
	れる:[0.0087,0.0086,0.0069,0.0045]
	収集:[0.0000,0.0000,0.0000,0.0000]
	リスト:[0.0000,0.0009,0.0000,0.0000]
	込む:[0.0006,0.0010,0.0006,0.0004]
	のみ:[0.0003,0.0002,0.0000,0.0000]
	アプリ:[0.0004,0.0001,0.0000,0.0000]
	本人:[0.0001,0.0001,0.0001,0.0000]
	常に:[0.0002,0.0001,0.0000,0.0001]
	する:[0.0377,0.0379,0.0453,0.0180]
	取る:[0.0009,0.0006,0.0001,0.0003]
	いる:[0.0124,0.0129,0.0079,0.0099]
	盗む:[0.0000,0.0000,0.0000,0.0000]
	送る:[0.0001,0.0001,0.0001,0.0000]
	ある:[0.0113,0.0103,0.0051,0.0037]
	インターネット:[0.0004,0.0001,0.0000,0.0000]
	サービス:[0.0016,0.0002,0.0006,0.0000]
	など:[0.0054,0.0053,0.0021,0.0019]
	せる:[0.0005,0.0017,0.0029,0.0006]
	インストール:[0.0000,0.0000,0.0000,0.0000]
	ため:[0.0030,0.0032,0.0027,0.0024]
	以下:[0.0010,0.0024,0.0011,0.0002]
	気づく:[0.0000,0.0001,0.0000,0.0000]
	不正だ:[0.0000,0.0002,0.0003,0.0000]
	メール:[0.0004,0.0006,0.0009,0.0000]
	ない:[0.0105,0.0083,0.0076,0.0061]
	ようだ:[0.0039,0.0045,0.0062,0.0016]
	サイト:[0.0002,0.0001,0.0000,0.0001]
	巡回:[0.0000,0.0000,0.0000,0.0000]
True-Positive

Section:4
	Ｆｌａｇ：：００００
	『迷惑メール断固拒否！携帯３キャリア＆ＰＣの簡単設定法』に、迷惑メール設定についてもう一歩踏み込んだ記事があります。
Score:0.00190500355773
EACH_TAG_SCORE:
	image:0.000596131755763
	table:0.000545723555705
	graph:0.000285649799942
	flow:0.000477498446325
PARA:
Clueword:
	もう:[0.0002,0.0002,0.0006,0.0002]
	携帯:[0.0001,0.0001,0.0002,0.0000]
	踏み込む:[0.0000,0.0000,0.0000,0.0000]
	つく:[0.0013,0.0015,0.0009,0.0004]
	設定:[0.0007,0.0007,0.0017,0.0000]
	ます:[0.0228,0.0269,0.0224,0.0150]
	記事:[0.0002,0.0002,0.0000,0.0002]
	簡単だ:[0.0004,0.0003,0.0005,0.0001]
	拒否:[0.0002,0.0000,0.0000,0.0000]
	メール:[0.0004,0.0006,0.0009,0.0000]
	迷惑:[0.0002,0.0003,0.0005,0.0000]
	ある:[0.0113,0.0103,0.0051,0.0037]
False-Positive

Section:8
	Ｆｌａｇ：：００００
	２－２．ＬＩＮＥなどコミュニケーションできるアプリで代替
	そもそも迷惑メールが届くのは、メールアドレスがオフィシャルなものであり、アドレスさえ合致していれば、他人でも送信や受信ができてしまうからです。
	家族や友人とメッセージをやりとりするのなら、お互いが認可しあっていなければ通信できない、ＬＩＮＥ、カカオトーク、Ｓｋｙｐｅなどのコミュニケーションツールを使う手があります。
	また、Ｆａｃｅｂｏｏｋユーザー同士が通信できるメッセンジャーや、海外ではユーザーが非常に多いＷｈａｔｓＡｐｐも頼りになります。
	さらに、電話番号同士でメールをやりとりできるＳＭＳという選択肢もあります。
	３．なぜ迷惑メールがｉＰｈｏｎｅに届くのか
	３－１．営利目的で大量の迷惑メールが送信されている
Score:0.00158994384007
EACH_TAG_SCORE:
	image:0.000463204571928
	table:0.000476322424341
	graph:0.000260397983263
	flow:0.000390018860536
PARA:
Clueword:
	あう:[0.0007,0.0005,0.0002,0.0001]
	非常だ:[0.0005,0.0005,0.0000,0.0002]
	アドレス:[0.0001,0.0004,0.0000,0.0000]
	できる:[0.0044,0.0045,0.0022,0.0015]
	お互い:[0.0000,0.0000,0.0000,0.0000]
	受信:[0.0000,0.0000,0.0000,0.0000]
	通信:[0.0001,0.0000,0.0000,0.0000]
	いう:[0.0059,0.0048,0.0034,0.0042]
	しまう:[0.0018,0.0022,0.0024,0.0012]
	なら:[0.0020,0.0011,0.0003,0.0013]
	なる:[0.0107,0.0090,0.0073,0.0068]
	頼る:[0.0000,0.0000,0.0001,0.0001]
	なぜ:[0.0002,0.0001,0.0000,0.0000]
	する:[0.0377,0.0379,0.0453,0.0180]
	いる:[0.0124,0.0129,0.0079,0.0099]
	さらに:[0.0005,0.0007,0.0031,0.0007]
	番号:[0.0001,0.0001,0.0002,0.0000]
	そもそも:[0.0000,0.0000,0.0005,0.0001]
	アプリ:[0.0004,0.0001,0.0000,0.0000]
	他人:[0.0000,0.0000,0.0001,0.0000]
	もの:[0.0026,0.0031,0.0015,0.0008]
	家族:[0.0005,0.0001,0.0000,0.0000]
	大量だ:[0.0000,0.0000,0.0000,0.0000]
	届く:[0.0002,0.0000,0.0000,0.0000]
	メール:[0.0004,0.0006,0.0009,0.0000]
	メッセージ:[0.0000,0.0000,0.0000,0.0000]
	多い:[0.0030,0.0023,0.0006,0.0031]
	電話:[0.0001,0.0001,0.0002,0.0000]
	ます:[0.0228,0.0269,0.0224,0.0150]
	また:[0.0013,0.0021,0.0018,0.0011]
	のだ:[0.0071,0.0068,0.0053,0.0039]
	から:[0.0057,0.0058,0.0057,0.0033]
	海外:[0.0007,0.0001,0.0000,0.0002]
	さえ:[0.0000,0.0000,0.0000,0.0001]
	コミュニケーション:[0.0000,0.0001,0.0000,0.0000]
	送信:[0.0002,0.0002,0.0000,0.0000]
	選択肢:[0.0004,0.0000,0.0000,0.0000]
	目的:[0.0008,0.0003,0.0001,0.0000]
	同士:[0.0000,0.0000,0.0000,0.0000]
	ある:[0.0113,0.0103,0.0051,0.0037]
	など:[0.0054,0.0053,0.0021,0.0019]
	れる:[0.0087,0.0086,0.0069,0.0045]
	やりとり:[0.0000,0.0000,0.0001,0.0000]
	ユーザー:[0.0000,0.0002,0.0000,0.0002]
	合致:[0.0000,0.0001,0.0000,0.0000]
	でも:[0.0029,0.0018,0.0004,0.0017]
	迷惑:[0.0002,0.0003,0.0005,0.0000]
	ない:[0.0105,0.0083,0.0076,0.0061]
	使う:[0.0028,0.0024,0.0010,0.0006]
False-Positive

Section:10
	Ｆｌａｇ：：００００
	そして営利目的とはいっても、通常の方法で売り込むことのできない怪しげなものを大量に拡散しているのが迷惑メールですから、上記のような怪しいメールを受信してしまっても、興味を持たずすぐに破棄すれば問題は起きません。
	言い替えれば、本文を読み、興味を持ってしまう人がいるかぎり、迷惑メールはなくなりません。
	また迷惑メールの送信は、ゾンビパソコンと呼ばれる犯罪者に秘密裏に操られているグループ化されたパソコンにより、常時送信されています。
	１分間で１０００通以上、１日に１００万通以上の迷惑メール送信を行うゾンビパソコンのグループも確認されています。
	犯罪者にとっては、コストがほぼかからず、送れば送るほど利益になるのですから、迷惑メール送信が完全になくなることは当面ないでしょう。
	３－２．メールアドレスは収集され、販売されている
	それでは迷惑メールを大量に送信する犯罪者は、送信先をどのように確保しているのでしょうか。
Score:0.00145755237466
EACH_TAG_SCORE:
	image:0.000401067947602
	table:0.000401114237671
	graph:0.000237608419869
	flow:0.000417761769518
PARA:
Clueword:
	呼ぶ:[0.0011,0.0007,0.0003,0.0000]
	完全だ:[0.0000,0.0001,0.0000,0.0001]
	だろう:[0.0010,0.0005,0.0000,0.0003]
	よる:[0.0024,0.0030,0.0030,0.0025]
	分間:[0.0004,0.0000,0.0000,0.0013]
	アドレス:[0.0001,0.0004,0.0000,0.0000]
	できる:[0.0044,0.0045,0.0022,0.0015]
	確認:[0.0005,0.0008,0.0010,0.0000]
	なくなる:[0.0001,0.0002,0.0000,0.0000]
	犯罪:[0.0000,0.0000,0.0000,0.0004]
	受信:[0.0000,0.0000,0.0000,0.0000]
	れる:[0.0087,0.0086,0.0069,0.0045]
	収集:[0.0000,0.0000,0.0000,0.0000]
	起きる:[0.0001,0.0002,0.0010,0.0002]
	しまう:[0.0018,0.0022,0.0024,0.0012]
	かかる:[0.0011,0.0002,0.0002,0.0002]
	なる:[0.0107,0.0090,0.0073,0.0068]
	方法:[0.0038,0.0019,0.0124,0.0001]
	する:[0.0377,0.0379,0.0453,0.0180]
	読む:[0.0003,0.0005,0.0000,0.0000]
	送る:[0.0001,0.0001,0.0001,0.0000]
	販売:[0.0000,0.0001,0.0000,0.0001]
	こと:[0.0097,0.0093,0.0086,0.0051]
	かぎり:[0.0000,0.0000,0.0000,0.0000]
	問題:[0.0005,0.0008,0.0003,0.0003]
	以上:[0.0010,0.0009,0.0006,0.0017]
	もの:[0.0026,0.0031,0.0015,0.0008]
	コスト:[0.0004,0.0000,0.0000,0.0003]
	言う:[0.0010,0.0013,0.0005,0.0004]
	確保:[0.0001,0.0000,0.0000,0.0004]
	メール:[0.0004,0.0006,0.0009,0.0000]
	興味:[0.0002,0.0000,0.0000,0.0000]
	ようだ:[0.0039,0.0045,0.0062,0.0016]
	上記:[0.0005,0.0012,0.0000,0.0000]
	どのように:[0.0002,0.0003,0.0000,0.0000]
	いう:[0.0059,0.0048,0.0034,0.0042]
	大量だ:[0.0000,0.0000,0.0000,0.0000]
	すぐ:[0.0003,0.0004,0.0005,0.0002]
	いる:[0.0124,0.0129,0.0079,0.0099]
	行う:[0.0007,0.0006,0.0022,0.0001]
	ます:[0.0228,0.0269,0.0224,0.0150]
	持つ:[0.0008,0.0007,0.0014,0.0001]
	また:[0.0013,0.0021,0.0018,0.0011]
	１００万:[0.0001,0.0000,0.0000,0.0000]
	から:[0.0057,0.0058,0.0057,0.0033]
	とる:[0.0004,0.0007,0.0005,0.0001]
	込む:[0.0006,0.0010,0.0006,0.0004]
	通常:[0.0003,0.0003,0.0003,0.0006]
	送信:[0.0002,0.0002,0.0000,0.0000]
	それでは:[0.0000,0.0000,0.0095,0.0000]
	目的:[0.0008,0.0003,0.0001,0.0000]
	ほぼ:[0.0003,0.0002,0.0000,0.0007]
	ほど:[0.0009,0.0005,0.0000,0.0003]
	売る:[0.0001,0.0003,0.0010,0.0007]
	そして:[0.0004,0.0004,0.0025,0.0001]
	のだ:[0.0071,0.0068,0.0053,0.0039]
	利益:[0.0000,0.0002,0.0001,0.0044]
	グループ:[0.0000,0.0002,0.0000,0.0000]
	迷惑:[0.0002,0.0003,0.0005,0.0000]
	ない:[0.0105,0.0083,0.0076,0.0061]
	パソコン:[0.0004,0.0005,0.0000,0.0000]
False-Positive

Section:3
	Ｆｌａｇ：：０１００
	≪パソコンからのメールを拒否≫
	発信元がパソコンのメール（携帯ではないメール）を、すべて受信拒否にします。
	ほぼすべての迷惑メールはパソコンから送信されているため、強力な迷惑メール対策になりますが、同時に迷惑メールではないパソコン経由のメールも届かなくなってしまいます。
	≪指定アドレス（ｏｒドメイン）受信≫
	こちらが指定したメールアドレス（ｏｒドメイン）は、必ず受信されます。
	≪指定アドレス（ｏｒドメイン）拒否≫
	こちらが指定したメールアドレス（ｏｒドメイン）は、必ず拒否されます。
	≪なりすまし拒否≫
	送信元と送信アドレスがちがう（携帯アドレスに見せかけてパソコンから送信するなど）メールは拒否します。
	上記４種類の設定を組み合わせることで、迷惑メールがｉＰｈｏｎｅに届く前にサーバで処理します。
Score:0.00136930056
EACH_TAG_SCORE:
	image:0.000384090790496
	table:0.000419754992893
	graph:0.000212317043336
	flow:0.00035313773328
PARA:
Clueword:
	組み合わせる:[0.0002,0.0004,0.0001,0.0001]
	こちら:[0.0006,0.0004,0.0004,0.0000]
	携帯:[0.0001,0.0001,0.0002,0.0000]
	上記:[0.0005,0.0012,0.0000,0.0000]
	すます:[0.0000,0.0000,0.0000,0.0000]
	必ず:[0.0002,0.0003,0.0003,0.0002]
	する:[0.0377,0.0379,0.0453,0.0180]
	強力だ:[0.0001,0.0000,0.0000,0.0001]
	送信:[0.0002,0.0002,0.0000,0.0000]
	ます:[0.0228,0.0269,0.0224,0.0150]
	受信:[0.0000,0.0000,0.0000,0.0000]
	見せかける:[0.0000,0.0000,0.0000,0.0000]
	ドメイン:[0.0003,0.0001,0.0000,0.0000]
	から:[0.0057,0.0058,0.0057,0.0033]
	れる:[0.0087,0.0086,0.0069,0.0045]
	対策:[0.0005,0.0005,0.0011,0.0003]
	ちがう:[0.0000,0.0000,0.0001,0.0000]
	しまう:[0.0018,0.0022,0.0024,0.0012]
	アドレス:[0.0001,0.0004,0.0000,0.0000]
	なり:[0.0001,0.0001,0.0000,0.0000]
	なる:[0.0107,0.0090,0.0073,0.0068]
	届く:[0.0002,0.0000,0.0000,0.0000]
	いる:[0.0124,0.0129,0.0079,0.0099]
	指定:[0.0003,0.0002,0.0000,0.0000]
	発信:[0.0000,0.0000,0.0000,0.0000]
	ない:[0.0105,0.0083,0.0076,0.0061]
	拒否:[0.0002,0.0000,0.0000,0.0000]
	こと:[0.0097,0.0093,0.0086,0.0051]
	など:[0.0054,0.0053,0.0021,0.0019]
	種類:[0.0166,0.0024,0.0001,0.0004]
	経由:[0.0000,0.0000,0.0000,0.0000]
	同時に:[0.0001,0.0001,0.0005,0.0000]
	ほぼ:[0.0003,0.0002,0.0000,0.0007]
	ため:[0.0030,0.0032,0.0027,0.0024]
	設定:[0.0007,0.0007,0.0017,0.0000]
	すべて:[0.0004,0.0008,0.0002,0.0006]
	メール:[0.0004,0.0006,0.0009,0.0000]
	迷惑:[0.0002,0.0003,0.0005,0.0000]
	サーバ:[0.0001,0.0000,0.0000,0.0000]
	処理:[0.0003,0.0001,0.0025,0.0000]
	パソコン:[0.0004,0.0005,0.0000,0.0000]
True-Positive

Section:12
	Ｆｌａｇ：：００００
	そして収集されたアドレスはリスト化され、そのままインターネット上で販売されてます。
	アドレスの種類や属性（無料メールｏｒ携帯メールなど）によっても価格は変化しますが、一例として１０００アドレスで０．５ドル～１０ドル、１０万アドレスで７０ドル～１５０ドルほどで取引されています。
	また正規のサービスに登録したアドレスが、同意した規約の範囲内で別のサービスの情報送信に用いられるケースもあります。
	アドレス収集や迷惑メールのパターンなどは、『徹底解剖！迷惑メールの仕組みを全て知り、被害をなくす方法』で詳しく解説しています。
	４．まとめ
	ｉＰｈｏｎｅの迷惑メール対策と、迷惑メールが無尽蔵に送られ続ける仕組みを解説してきましたがいかがでしたか。
	将来的にはともかく、しばらくの間は迷惑メールがなくなることはないでしょう。
	だからこそ、対策と知識を持つことで快適にｉＰｈｏｎｅを使うことができるはずです。
Score:0.00136507118714
EACH_TAG_SCORE:
	image:0.000387670476675
	table:0.000434203000262
	graph:0.000195522982908
	flow:0.000347674727294
PARA:
Clueword:
	だろう:[0.0010,0.0005,0.0000,0.0003]
	そのまま:[0.0000,0.0002,0.0010,0.0001]
	詳しい:[0.0002,0.0001,0.0000,0.0000]
	よる:[0.0024,0.0030,0.0030,0.0025]
	携帯:[0.0001,0.0001,0.0002,0.0000]
	取引:[0.0001,0.0003,0.0003,0.0005]
	アドレス:[0.0001,0.0004,0.0000,0.0000]
	送信:[0.0002,0.0002,0.0000,0.0000]
	快適だ:[0.0000,0.0000,0.0000,0.0000]
	なくなる:[0.0001,0.0002,0.0000,0.0000]
	はずだ:[0.0003,0.0003,0.0000,0.0001]
	同意:[0.0000,0.0000,0.0000,0.0000]
	れる:[0.0087,0.0086,0.0069,0.0045]
	収集:[0.0000,0.0000,0.0000,0.0000]
	知識:[0.0001,0.0000,0.0000,0.0001]
	情報:[0.0007,0.0001,0.0002,0.0000]
	ある:[0.0113,0.0103,0.0051,0.0037]
	的だ:[0.0049,0.0028,0.0019,0.0013]
	する:[0.0377,0.0379,0.0453,0.0180]
	いる:[0.0124,0.0129,0.0079,0.0099]
	解説:[0.0000,0.0005,0.0001,0.0000]
	なくす:[0.0000,0.0001,0.0000,0.0000]
	送る:[0.0001,0.0001,0.0001,0.0000]
	販売:[0.0000,0.0001,0.0000,0.0001]
	別だ:[0.0003,0.0001,0.0000,0.0000]
	こと:[0.0097,0.0093,0.0086,0.0051]
	種類:[0.0166,0.0024,0.0001,0.0004]
	全て:[0.0001,0.0001,0.0000,0.0000]
	知る:[0.0007,0.0006,0.0002,0.0007]
	用いる:[0.0003,0.0002,0.0000,0.0000]
	まとめる:[0.0001,0.0002,0.0001,0.0002]
	メール:[0.0004,0.0006,0.0009,0.0000]
	だからこそ:[0.0000,0.0000,0.0000,0.0001]
	徹底:[0.0001,0.0000,0.0000,0.0000]
	登録:[0.0002,0.0001,0.0004,0.0000]
	一例:[0.0004,0.0004,0.0000,0.0000]
	続ける:[0.0004,0.0001,0.0000,0.0005]
	価格:[0.0005,0.0003,0.0005,0.0006]
	リスト:[0.0000,0.0009,0.0000,0.0000]
	ます:[0.0228,0.0269,0.0224,0.0150]
	くる:[0.0012,0.0016,0.0007,0.0011]
	持つ:[0.0008,0.0007,0.0014,0.0001]
	また:[0.0013,0.0021,0.0018,0.0011]
	仕組む:[0.0001,0.0002,0.0005,0.0000]
	無料:[0.0012,0.0001,0.0000,0.0004]
	範囲:[0.0002,0.0046,0.0000,0.0001]
	属性:[0.0004,0.0000,0.0000,0.0000]
	できる:[0.0044,0.0045,0.0022,0.0015]
	対策:[0.0005,0.0005,0.0011,0.0003]
	しばらく:[0.0001,0.0001,0.0001,0.0001]
	られる:[0.0026,0.0025,0.0012,0.0015]
	インターネット:[0.0004,0.0001,0.0000,0.0000]
	サービス:[0.0016,0.0002,0.0006,0.0000]
	など:[0.0054,0.0053,0.0021,0.0019]
	ほど:[0.0009,0.0005,0.0000,0.0003]
	変化:[0.0003,0.0005,0.0003,0.0000]
	そして:[0.0004,0.0004,0.0025,0.0001]
	規約:[0.0004,0.0000,0.0001,0.0000]
	方法:[0.0038,0.0019,0.0124,0.0001]
	被害:[0.0000,0.0000,0.0000,0.0005]
	ドル:[0.0004,0.0001,0.0000,0.0000]
	将来:[0.0000,0.0001,0.0001,0.0001]
	迷惑:[0.0002,0.0003,0.0005,0.0000]
	ケース:[0.0036,0.0001,0.0000,0.0000]
	ない:[0.0105,0.0083,0.0076,0.0061]
	使う:[0.0028,0.0024,0.0010,0.0006]
	パターン:[0.0005,0.0002,0.0004,0.0001]
False-Positive

Section:2
	Ｆｌａｇ：：１００１
	１－１－１．設定方法
	まずｉＰｈｏｎｅ標準のインターネットブラウザであるＳａｆａｒｉを開きましょう。
	なおこのとき、Ｗｉ－Ｆｉに接続していると設定できないため、Ｗｉ－Ｆｉをオフにする必要があります。
	【ｄｏｃｏｍｏ】
	Ｓａｆａｒｉのブックマーク内にある【ドコモお客さまサービス】を開く。
	【サービス・メールなどの設定】をタップ。
	【メール設定】をタップ。
	【２．迷惑メール対策設定】に進む。
	【ａｕ】
	ブックマークにある【ａｕお客さまサポート】を開く。
	【お持ちの機種を選択】から、使用機種を選択。
	【ＳｏｆｔＢａｎｋ】
	ブックマークの【ＭｙＳｏｆｔｂａｎｋ】を開く。
	【ログインはこちら】をタップ。
	携帯電話番号とパスワードを入力してログインします。
	【迷惑メール対策を行う】をタップ。
	ＭｙＳｏｆｔＢａｎｋに直接アクセスして設定することもできます（パソコンからも可能）。
	１－１－２．対策方法
	対策のメインとなる設定は以下の通り。
Score:0.00132443873018
EACH_TAG_SCORE:
	image:0.000360710435226
	table:0.00036258309089
	graph:0.000185351762256
	flow:0.000415793441808
PARA:
Clueword:
	携帯:[0.0001,0.0001,0.0002,0.0000]
	ドコモ:[0.0000,0.0000,0.0002,0.0000]
	できる:[0.0044,0.0045,0.0022,0.0015]
	サポート:[0.0002,0.0001,0.0002,0.0000]
	対策:[0.0005,0.0005,0.0011,0.0003]
	接続:[0.0000,0.0000,0.0002,0.0000]
	方法:[0.0038,0.0019,0.0124,0.0001]
	パスワード:[0.0000,0.0000,0.0002,0.0000]
	電話:[0.0001,0.0001,0.0002,0.0000]
	いる:[0.0124,0.0129,0.0079,0.0099]
	通り:[0.0003,0.0002,0.0004,0.0002]
	必要だ:[0.0023,0.0013,0.0019,0.0006]
	こと:[0.0097,0.0093,0.0086,0.0051]
	この:[0.0023,0.0031,0.0023,0.0014]
	以下:[0.0010,0.0024,0.0011,0.0002]
	タップ:[0.0000,0.0001,0.0009,0.0000]
	機種:[0.0000,0.0001,0.0005,0.0000]
	ログイン:[0.0000,0.0001,0.0005,0.0000]
	メール:[0.0004,0.0006,0.0009,0.0000]
	入力:[0.0003,0.0004,0.0009,0.0000]
	とき:[0.0006,0.0019,0.0029,0.0005]
	ブックマーク:[0.0000,0.0001,0.0005,0.0000]
	インターネットブラウザ:[0.0000,0.0000,0.0002,0.0000]
	こちら:[0.0006,0.0004,0.0004,0.0000]
	する:[0.0377,0.0379,0.0453,0.0180]
	進む:[0.0002,0.0001,0.0002,0.0003]
	使用:[0.0008,0.0008,0.0013,0.0000]
	標準:[0.0000,0.0000,0.0002,0.0000]
	行う:[0.0007,0.0006,0.0022,0.0001]
	ます:[0.0228,0.0269,0.0224,0.0150]
	まず:[0.0007,0.0007,0.0187,0.0001]
	持つ:[0.0008,0.0007,0.0014,0.0001]
	オフ:[0.0000,0.0001,0.0002,0.0004]
	から:[0.0057,0.0058,0.0057,0.0033]
	開く:[0.0000,0.0007,0.0024,0.0000]
	可能だ:[0.0009,0.0006,0.0008,0.0009]
	番号:[0.0001,0.0001,0.0002,0.0000]
	さま:[0.0002,0.0001,0.0005,0.0000]
	なお:[0.0003,0.0003,0.0002,0.0001]
	直接だ:[0.0002,0.0000,0.0001,0.0000]
	ある:[0.0113,0.0103,0.0051,0.0037]
	サービス:[0.0016,0.0002,0.0006,0.0000]
	など:[0.0054,0.0053,0.0021,0.0019]
	なる:[0.0107,0.0090,0.0073,0.0068]
	アクセス:[0.0005,0.0002,0.0000,0.0000]
	ため:[0.0030,0.0032,0.0027,0.0024]
	設定:[0.0007,0.0007,0.0017,0.0000]
	メイン:[0.0001,0.0001,0.0002,0.0000]
	選択:[0.0004,0.0003,0.0007,0.0000]
	迷惑:[0.0002,0.0003,0.0005,0.0000]
	ない:[0.0105,0.0083,0.0076,0.0061]
	パソコン:[0.0004,0.0005,0.0000,0.0000]
True-Positive

Section:6
	Ｆｌａｇ：：００００
	もっとも強力な方法です。
	後述しますが、世界中の悪徳業者がいろいろな手段を用いてメールアドレスを収集しており、本人がいくら気をつけても知人の電話帳から自分のメールアドレスが流出する可能性があります。
	つまり時間が経つほどそのアドレスは迷惑メールの標的になりやすくなるため、変更することで完全なリセットが可能です。
	もちろん新しいアドレスを知人に通知する必要がありますが、その際に知人が指定したアドレスのみを受信する設定だった場合、メール以外の手段でアドレス変更を知らせなければいけません。
	２．【間接的対処】ｉＰｈｏｎｅへの迷惑メールの影響を減らす方法
	２－１．無料メールを活用し、キャリアメールの使用を限定する
	携帯キャリアのメールアドレス変更は少々手間ですよね。
	またスマホは基本的にメール着信がユーザーに通知されるため、メールの開封率がパソコンのメールにくらべ高い傾向にあります。
	だからこそ悪徳業者にとって、携帯キャリアのメールアドレスは美味しいターゲットなのです。
	であれば、携帯キャリアのアドレスをあえて使わず、無料で取得できるＧｍａｉｌ、Ｙａｈｏｏ！メールなどを、携帯メールがわりに使うという手があります。
	≪無料メールを使う４つのメリット≫
	１．無料でいくつでも取得できる
Score:0.00125704150152
EACH_TAG_SCORE:
	image:0.000327077243381
	table:0.000410375308447
	graph:0.000217764012558
	flow:0.000301824937134
PARA:
Clueword:
	業者:[0.0000,0.0000,0.0001,0.0000]
	完全だ:[0.0000,0.0001,0.0000,0.0001]
	時間:[0.0010,0.0004,0.0003,0.0010]
	いろいろだ:[0.0001,0.0002,0.0001,0.0000]
	減らす:[0.0005,0.0001,0.0003,0.0023]
	電話:[0.0001,0.0001,0.0002,0.0000]
	アドレス:[0.0001,0.0004,0.0000,0.0000]
	できる:[0.0044,0.0045,0.0022,0.0015]
	あえる:[0.0001,0.0000,0.0000,0.0000]
	活用:[0.0003,0.0000,0.0000,0.0002]
	ユーザー:[0.0000,0.0002,0.0000,0.0002]
	受信:[0.0000,0.0000,0.0000,0.0000]
	通知:[0.0000,0.0001,0.0001,0.0000]
	スマホ:[0.0000,0.0001,0.0000,0.0000]
	変更:[0.0002,0.0001,0.0000,0.0000]
	収集:[0.0000,0.0000,0.0000,0.0000]
	なる:[0.0107,0.0090,0.0073,0.0068]
	自分:[0.0013,0.0009,0.0012,0.0008]
	方法:[0.0038,0.0019,0.0124,0.0001]
	ターゲット:[0.0001,0.0002,0.0004,0.0003]
	つける:[0.0004,0.0008,0.0020,0.0000]
	基本:[0.0010,0.0004,0.0001,0.0003]
	的だ:[0.0049,0.0028,0.0019,0.0013]
	する:[0.0377,0.0379,0.0453,0.0180]
	美味しい:[0.0000,0.0001,0.0000,0.0000]
	必要だ:[0.0023,0.0013,0.0019,0.0006]
	こと:[0.0097,0.0093,0.0086,0.0051]
	後述:[0.0002,0.0001,0.0000,0.0000]
	限定:[0.0006,0.0003,0.0000,0.0001]
	用いる:[0.0003,0.0002,0.0000,0.0000]
	携帯:[0.0001,0.0001,0.0002,0.0000]
	メール:[0.0004,0.0006,0.0009,0.0000]
	流出:[0.0000,0.0000,0.0000,0.0001]
	だからこそ:[0.0000,0.0000,0.0000,0.0001]
	いく:[0.0011,0.0015,0.0022,0.0005]
	経つ:[0.0000,0.0000,0.0000,0.0000]
	メリット:[0.0045,0.0002,0.0000,0.0000]
	いう:[0.0059,0.0048,0.0034,0.0042]
	取得:[0.0001,0.0002,0.0000,0.0000]
	世界:[0.0007,0.0005,0.0008,0.0008]
	知人:[0.0000,0.0000,0.0000,0.0000]
	影響:[0.0004,0.0006,0.0005,0.0007]
	手段:[0.0005,0.0000,0.0000,0.0000]
	使用:[0.0008,0.0008,0.0013,0.0000]
	強力だ:[0.0001,0.0000,0.0000,0.0001]
	わりに:[0.0000,0.0000,0.0000,0.0000]
	対処:[0.0005,0.0000,0.0000,0.0004]
	いける:[0.0002,0.0001,0.0000,0.0004]
	ます:[0.0228,0.0269,0.0224,0.0150]
	また:[0.0013,0.0021,0.0018,0.0011]
	のだ:[0.0071,0.0068,0.0053,0.0039]
	傾向:[0.0004,0.0002,0.0000,0.0114]
	から:[0.0057,0.0058,0.0057,0.0033]
	手間:[0.0000,0.0000,0.0000,0.0000]
	とる:[0.0004,0.0007,0.0005,0.0001]
	可能だ:[0.0009,0.0006,0.0008,0.0009]
	場合:[0.0353,0.0044,0.0023,0.0045]
	のみ:[0.0003,0.0002,0.0000,0.0000]
	無料:[0.0012,0.0001,0.0000,0.0004]
	少々:[0.0000,0.0004,0.0000,0.0000]
	その:[0.0018,0.0030,0.0033,0.0011]
	いくら:[0.0000,0.0001,0.0000,0.0000]
	指定:[0.0003,0.0002,0.0000,0.0000]
	高い:[0.0015,0.0007,0.0005,0.0100]
	ない:[0.0105,0.0083,0.0076,0.0061]
	新しい:[0.0002,0.0002,0.0004,0.0001]
	など:[0.0054,0.0053,0.0021,0.0019]
	おる:[0.0001,0.0006,0.0000,0.0003]
	ほど:[0.0009,0.0005,0.0000,0.0003]
	ある:[0.0113,0.0103,0.0051,0.0037]
	れる:[0.0087,0.0086,0.0069,0.0045]
	ため:[0.0030,0.0032,0.0027,0.0024]
	設定:[0.0007,0.0007,0.0017,0.0000]
	以外:[0.0017,0.0016,0.0001,0.0001]
	本人:[0.0001,0.0001,0.0001,0.0000]
	もっとも:[0.0002,0.0001,0.0000,0.0000]
	知らせる:[0.0000,0.0001,0.0001,0.0000]
	でも:[0.0029,0.0018,0.0004,0.0017]
	迷惑:[0.0002,0.0003,0.0005,0.0000]
	やすい:[0.0028,0.0023,0.0011,0.0006]
	使う:[0.0028,0.0024,0.0010,0.0006]
	もちろん:[0.0003,0.0001,0.0005,0.0000]
	パソコン:[0.0004,0.0005,0.0000,0.0000]
	つまり:[0.0002,0.0004,0.0000,0.0002]
False-Positive

Section:7
	Ｆｌａｇ：：１０００
	アドレス取得の手間はほとんどかかりませんし、保有数の制限は当然ないため、個人で複数のアドレスを持てます。
	これにより、用途や相手によりアドレスを使い分けることが可能になります。
	またいくらでも無料で手に入るため、不要なアドレスを使い捨てしても問題ありません。
	２．パソコンからも送受信できる
	パソコンで文字を打つのが得意な人にとっては、見逃せないメリット。
	パソコンのキーボードで素早く文字を打てます。
	またｉＰｈｏｎｅそのものが使えない状態でもメールが送受信できます。
	３．ｉＰｈｏｎｅアプリを使えば、携帯アドレスと同じように使える
	ブラウザでサービスにログインする必要はありません。
	専用のアプリを使うことで、携帯メールと同じように送受信できます。
	また「メール」アプリに、取得した無料アドレスのアカウントを追加することもできます。
	４．デフォルトの迷惑メール対策に期待できる
	Ｇｍａｉｌなど大手の無料メールは、強力な迷惑メールのフィルタリング機能を搭載しています。
	世界中のユーザーから集められた情報により、特別な設定をすることなく迷惑メールの可能性が高いものを排除してくれます。
Score:0.0012175526318
EACH_TAG_SCORE:
	image:0.000344838153936
	table:0.000365732893424
	graph:0.000207092211912
	flow:0.000299889372526
PARA:
Clueword:
	文字:[0.0001,0.0001,0.0000,0.0000]
	よる:[0.0024,0.0030,0.0030,0.0025]
	捨てる:[0.0000,0.0000,0.0000,0.0000]
	携帯:[0.0001,0.0001,0.0002,0.0000]
	同じだ:[0.0013,0.0010,0.0005,0.0009]
	期待:[0.0001,0.0001,0.0001,0.0002]
	アドレス:[0.0001,0.0004,0.0000,0.0000]
	できる:[0.0044,0.0045,0.0022,0.0015]
	複数:[0.0001,0.0001,0.0004,0.0000]
	対策:[0.0005,0.0005,0.0011,0.0003]
	集める:[0.0000,0.0001,0.0000,0.0000]
	また:[0.0013,0.0021,0.0018,0.0011]
	かかる:[0.0011,0.0002,0.0002,0.0002]
	なる:[0.0107,0.0090,0.0073,0.0068]
	見逃せる:[0.0000,0.0000,0.0000,0.0000]
	情報:[0.0007,0.0001,0.0002,0.0000]
	キーボード:[0.0001,0.0002,0.0000,0.0000]
	する:[0.0377,0.0379,0.0453,0.0180]
	いる:[0.0124,0.0129,0.0079,0.0099]
	必要だ:[0.0023,0.0013,0.0019,0.0006]
	搭載:[0.0000,0.0000,0.0000,0.0000]
	世界:[0.0007,0.0005,0.0008,0.0008]
	排除:[0.0001,0.0001,0.0000,0.0000]
	フィルタリング:[0.0000,0.0000,0.0000,0.0000]
	こと:[0.0097,0.0093,0.0086,0.0051]
	打てる:[0.0000,0.0000,0.0000,0.0000]
	保有:[0.0002,0.0001,0.0000,0.0001]
	打つ:[0.0001,0.0001,0.0005,0.0000]
	問題:[0.0005,0.0008,0.0003,0.0003]
	ほとんど:[0.0006,0.0007,0.0001,0.0018]
	入る:[0.0005,0.0010,0.0008,0.0003]
	いためる:[0.0000,0.0000,0.0000,0.0000]
	もの:[0.0026,0.0031,0.0015,0.0008]
	用途:[0.0007,0.0001,0.0000,0.0000]
	制限:[0.0003,0.0001,0.0000,0.0000]
	ログイン:[0.0000,0.0001,0.0005,0.0000]
	メール:[0.0004,0.0006,0.0009,0.0000]
	ようだ:[0.0039,0.0045,0.0062,0.0016]
	デフォルト:[0.0000,0.0000,0.0000,0.0000]
	追加:[0.0000,0.0001,0.0003,0.0000]
	メリット:[0.0045,0.0002,0.0000,0.0000]
	ブラウザ:[0.0002,0.0000,0.0000,0.0000]
	取得:[0.0001,0.0002,0.0000,0.0000]
	当然だ:[0.0000,0.0000,0.0000,0.0000]
	そのもの:[0.0002,0.0000,0.0000,0.0001]
	使える:[0.0007,0.0004,0.0001,0.0000]
	強力だ:[0.0001,0.0000,0.0000,0.0001]
	素早い:[0.0000,0.0001,0.0000,0.0000]
	相手:[0.0001,0.0006,0.0003,0.0008]
	機能:[0.0007,0.0004,0.0000,0.0000]
	持てる:[0.0000,0.0000,0.0000,0.0000]
	から:[0.0057,0.0058,0.0057,0.0033]
	くれる:[0.0004,0.0006,0.0000,0.0000]
	専用:[0.0000,0.0001,0.0000,0.0000]
	手間:[0.0000,0.0000,0.0000,0.0000]
	とる:[0.0004,0.0007,0.0005,0.0001]
	可能だ:[0.0009,0.0006,0.0008,0.0009]
	これ:[0.0015,0.0020,0.0024,0.0011]
	無料:[0.0012,0.0001,0.0000,0.0004]
	ため:[0.0030,0.0032,0.0027,0.0024]
	アプリ:[0.0004,0.0001,0.0000,0.0000]
	いくら:[0.0000,0.0001,0.0000,0.0000]
	ます:[0.0228,0.0269,0.0224,0.0150]
	特別だ:[0.0001,0.0001,0.0000,0.0000]
	使い分ける:[0.0000,0.0001,0.0000,0.0000]
	られる:[0.0026,0.0025,0.0012,0.0015]
	高い:[0.0015,0.0007,0.0005,0.0100]
	ある:[0.0113,0.0103,0.0051,0.0037]
	不要だ:[0.0001,0.0001,0.0000,0.0000]
	サービス:[0.0016,0.0002,0.0006,0.0000]
	など:[0.0054,0.0053,0.0021,0.0019]
	個人:[0.0004,0.0001,0.0004,0.0002]
	アカウント:[0.0000,0.0000,0.0000,0.0000]
	送受信:[0.0000,0.0001,0.0000,0.0000]
	設定:[0.0007,0.0007,0.0017,0.0000]
	大手:[0.0004,0.0004,0.0000,0.0000]
	状態:[0.0028,0.0009,0.0012,0.0006]
	ユーザー:[0.0000,0.0002,0.0000,0.0002]
	でも:[0.0029,0.0018,0.0004,0.0017]
	迷惑:[0.0002,0.0003,0.0005,0.0000]
	ない:[0.0105,0.0083,0.0076,0.0061]
	使う:[0.0028,0.0024,0.0010,0.0006]
	パソコン:[0.0004,0.0005,0.0000,0.0000]
	得意だ:[0.0006,0.0000,0.0000,0.0000]
True-Positive

Section:5
	Ｆｌａｇ：：１０００
	無料でいくつでも取得できる
Score:0.00111824706708
EACH_TAG_SCORE:
	image:0.000339706376295
	table:0.000404497013655
	graph:0.000170664093778
	flow:0.00020337958335
PARA:
Clueword:
	できる:[0.0044,0.0045,0.0022,0.0015]
	いく:[0.0011,0.0015,0.0022,0.0005]
	でも:[0.0029,0.0018,0.0004,0.0017]
	取得:[0.0001,0.0002,0.0000,0.0000]
	無料:[0.0012,0.0001,0.0000,0.0004]
True-Positive

Section:1
	Ｆｌａｇ：：００００
	ｉＰｈｏｎｅに届く迷惑メールに悩まされているのなら、この記事があなたの力になれるかもしれません。
	多くのｉＰｈｏｎｅユーザーは、「メール」という初期搭載アプリで携帯アドレスのメールを送受信しているはずですが、このアプリには迷惑メールのフォルダ分け機能はありません。
	よって、迷惑メール対策は、各キャリアのサーバにユーザーログインして行いましょう。
	またそもそも携帯メールを使わずに済むコミュニケーション方法や、迷惑メールを誰がなんの目的で送信しているかという部分の話もしていきます。
	読み終わるころには、あなたのｉＰｈｏｎｅが迷惑メールに悩まされることもなくなるでしょう。
	１．【直接的対策】ｉＰｈｏｎｅへの迷惑メールを遮断する方法
	１－１．キャリアごとのサーバ設定で根元から絶つ
	＠ｄｏｃｏｍｏ．ｎｅ．ｊｐ、＠ｅｚｗｅｂ．ｎｅ．ｊｐ、＠ｉ．ｓｏｆｔｂａｎｋ．ｎｅ．ｊｐといった、携帯キャリアのメールをｉＰｈｏｎｅで受信する場合、ほとんどの人は最初からｉＰｈｏｎｅに入っており、キャリア側が設定方法を教えてくれる「メール」という純正アプリを使用しているのではないでしょうか。
	ｍａｉｌ
	このアプリはシンプルで使いやすいのですが、そのままでは迷惑メールを別のフォルダに振り分けたり、削除はできません。
	よって、ｉＰｈｏｎｅに到達する前に経由する、各キャリアのサーバで迷惑メールを排除することが有効です。
	キャリアによっては基本的な迷惑メール対策を行っていますが、積極的に対策するためには以下の方法でサーバにログインしましょう。
Score:0.00100591256478
EACH_TAG_SCORE:
	image:0.00027839589764
	table:0.000323975585576
	graph:0.000152759720966
	flow:0.000250781360599
PARA:
Clueword:
	だろう:[0.0010,0.0005,0.0000,0.0003]
	いく:[0.0011,0.0015,0.0022,0.0005]
	初期:[0.0001,0.0000,0.0010,0.0001]
	経由:[0.0000,0.0000,0.0000,0.0000]
	あなた:[0.0001,0.0007,0.0001,0.0000]
	しれる:[0.0002,0.0003,0.0000,0.0001]
	アドレス:[0.0001,0.0004,0.0000,0.0000]
	そのまま:[0.0000,0.0002,0.0010,0.0001]
	そもそも:[0.0000,0.0000,0.0005,0.0001]
	なくなる:[0.0001,0.0002,0.0000,0.0000]
	はずだ:[0.0003,0.0003,0.0000,0.0001]
	れる:[0.0087,0.0086,0.0069,0.0045]
	対策:[0.0005,0.0005,0.0011,0.0003]
	なら:[0.0020,0.0011,0.0003,0.0013]
	悩む:[0.0001,0.0009,0.0009,0.0000]
	方法:[0.0038,0.0019,0.0124,0.0001]
	基本:[0.0010,0.0004,0.0001,0.0003]
	する:[0.0377,0.0379,0.0453,0.0180]
	いる:[0.0124,0.0129,0.0079,0.0099]
	場合:[0.0353,0.0044,0.0023,0.0045]
	以下:[0.0010,0.0024,0.0011,0.0002]
	搭載:[0.0000,0.0000,0.0000,0.0000]
	排除:[0.0001,0.0001,0.0000,0.0000]
	こと:[0.0097,0.0093,0.0086,0.0051]
	この:[0.0023,0.0031,0.0023,0.0014]
	シンプルだ:[0.0002,0.0003,0.0000,0.0000]
	ほとんど:[0.0006,0.0007,0.0001,0.0018]
	遮断:[0.0000,0.0000,0.0000,0.0000]
	入る:[0.0005,0.0010,0.0008,0.0003]
	携帯:[0.0001,0.0001,0.0002,0.0000]
	届く:[0.0002,0.0000,0.0000,0.0000]
	ログイン:[0.0000,0.0001,0.0005,0.0000]
	メール:[0.0004,0.0006,0.0009,0.0000]
	直接:[0.0000,0.0000,0.0000,0.0000]
	分ける:[0.0014,0.0003,0.0001,0.0002]
	多く:[0.0005,0.0006,0.0001,0.0054]
	教える:[0.0002,0.0002,0.0001,0.0001]
	いう:[0.0059,0.0048,0.0034,0.0042]
	送信:[0.0002,0.0002,0.0000,0.0000]
	できる:[0.0044,0.0045,0.0022,0.0015]
	的だ:[0.0049,0.0028,0.0019,0.0013]
	ごと:[0.0002,0.0004,0.0001,0.0000]
	使用:[0.0008,0.0008,0.0013,0.0000]
	済む:[0.0001,0.0000,0.0001,0.0000]
	終わる:[0.0002,0.0002,0.0004,0.0001]
	読む:[0.0003,0.0005,0.0000,0.0000]
	行う:[0.0007,0.0006,0.0022,0.0001]
	かも:[0.0003,0.0004,0.0000,0.0001]
	機能:[0.0007,0.0004,0.0000,0.0000]
	また:[0.0013,0.0021,0.0018,0.0011]
	のだ:[0.0071,0.0068,0.0053,0.0039]
	行く:[0.0006,0.0004,0.0002,0.0002]
	くれる:[0.0004,0.0006,0.0000,0.0000]
	別だ:[0.0003,0.0001,0.0000,0.0000]
	よる:[0.0024,0.0030,0.0030,0.0025]
	有効だ:[0.0003,0.0000,0.0001,0.0000]
	ころ:[0.0007,0.0000,0.0000,0.0000]
	ため:[0.0030,0.0032,0.0027,0.0024]
	アプリ:[0.0004,0.0001,0.0000,0.0000]
	部分:[0.0020,0.0038,0.0010,0.0001]
	コミュニケーション:[0.0000,0.0001,0.0000,0.0000]
	記事:[0.0002,0.0002,0.0000,0.0002]
	ます:[0.0228,0.0269,0.0224,0.0150]
	目的:[0.0008,0.0003,0.0001,0.0000]
	ある:[0.0113,0.0103,0.0051,0.0037]
	積極:[0.0001,0.0001,0.0000,0.0000]
	やすい:[0.0028,0.0023,0.0011,0.0006]
	よって:[0.0000,0.0001,0.0000,0.0000]
	おる:[0.0001,0.0006,0.0000,0.0003]
	送受信:[0.0000,0.0001,0.0000,0.0000]
	設定:[0.0007,0.0007,0.0017,0.0000]
	受信:[0.0000,0.0000,0.0000,0.0000]
	ユーザー:[0.0000,0.0002,0.0000,0.0002]
	最初だ:[0.0000,0.0003,0.0003,0.0000]
	迷惑:[0.0002,0.0003,0.0005,0.0000]
	ない:[0.0105,0.0083,0.0076,0.0061]
	使う:[0.0028,0.0024,0.0010,0.0006]
	サーバ:[0.0001,0.0000,0.0000,0.0000]
	から:[0.0057,0.0058,0.0057,0.0033]
	フォルダ:[0.0000,0.0000,0.0000,0.0000]
False-Positive

True-Negative:0
False-Positive:6
True-Positive:6
False-Negative:0
precision = 0.500000
recall = 1.000000
fvalue = 0.666667