Section:7
	Ｆｌａｇ：：００００
	●乳酸菌やビフィズス菌が花粉症を改善させる仕組み
Score:0.00423354312323
EACH_TAG_SCORE:
	image:0.00114805890944
	table:0.00112469978374
	graph:0.000531136518155
	flow:0.00142964791189
PARA:
Clueword:
	する:[0.0377,0.0379,0.0453,0.0180]
	仕組む:[0.0001,0.0002,0.0005,0.0000]
	乳酸菌:[0.0002,0.0000,0.0000,0.0000]
	改善:[0.0003,0.0001,0.0001,0.0000]
	花粉:[0.0004,0.0004,0.0012,0.0000]
	ビフィズス菌:[0.0001,0.0000,0.0000,0.0000]
	せる:[0.0005,0.0017,0.0029,0.0006]
False-Positive

Section:1
	Ｆｌａｇ：：００００
	だるさや倦怠感の原因となる急性疾患
	疲労によってだるさや倦怠感を感じることはありますが、休養しても回復しないだるさや倦怠感は重大な病気の症状の一つかもしれません。
Score:0.00419829221461
EACH_TAG_SCORE:
	image:0.00119552824027
	table:0.00124328245798
	graph:0.000664258353101
	flow:0.00109522316325
PARA:
Clueword:
	だるい:[0.0002,0.0002,0.0000,0.0004]
	感じる:[0.0009,0.0010,0.0004,0.0003]
	急性:[0.0001,0.0000,0.0000,0.0000]
	よる:[0.0024,0.0030,0.0030,0.0025]
	病気:[0.0004,0.0001,0.0000,0.0003]
	疾患:[0.0002,0.0002,0.0000,0.0001]
	疲労:[0.0005,0.0002,0.0000,0.0001]
	ます:[0.0228,0.0269,0.0224,0.0150]
	回復:[0.0003,0.0001,0.0004,0.0004]
	なる:[0.0107,0.0090,0.0073,0.0068]
	する:[0.0377,0.0379,0.0453,0.0180]
	かも:[0.0003,0.0004,0.0000,0.0001]
	ある:[0.0113,0.0103,0.0051,0.0037]
	倦怠:[0.0002,0.0001,0.0000,0.0004]
	ない:[0.0105,0.0083,0.0076,0.0061]
	こと:[0.0097,0.0093,0.0086,0.0051]
	症状:[0.0044,0.0018,0.0003,0.0008]
	重大だ:[0.0002,0.0000,0.0000,0.0000]
	しれる:[0.0002,0.0003,0.0000,0.0001]
	休養:[0.0000,0.0000,0.0000,0.0000]
	原因:[0.0014,0.0009,0.0005,0.0008]
False-Positive

Section:2
	Ｆｌａｇ：：０１００
	代表的な急性疾患は、風邪やインフルエンザ、急性肝炎などです。
	風邪の場合は、ウイルスが侵入すると体からウイルスを排除するために免疫機能が活性化になります。
	このため、だるさや倦怠感、発熱などの症状が起こります。
Score:0.00342020355684
EACH_TAG_SCORE:
	image:0.000898888324766
	table:0.00119510884353
	graph:0.000505205101531
	flow:0.000821001287009
PARA:
Clueword:
	代表:[0.0003,0.0002,0.0000,0.0000]
	だるい:[0.0002,0.0002,0.0000,0.0004]
	急性:[0.0001,0.0000,0.0000,0.0000]
	免疫:[0.0001,0.0001,0.0005,0.0001]
	インフルエンザ:[0.0008,0.0002,0.0001,0.0005]
	場合:[0.0353,0.0044,0.0023,0.0045]
	疾患:[0.0002,0.0002,0.0000,0.0001]
	ます:[0.0228,0.0269,0.0224,0.0150]
	機能:[0.0007,0.0004,0.0000,0.0000]
	から:[0.0057,0.0058,0.0057,0.0033]
	発熱:[0.0001,0.0000,0.0000,0.0001]
	なる:[0.0107,0.0090,0.0073,0.0068]
	侵入:[0.0000,0.0001,0.0005,0.0000]
	肝炎:[0.0001,0.0000,0.0000,0.0000]
	する:[0.0377,0.0379,0.0453,0.0180]
	ウイルス:[0.0004,0.0002,0.0002,0.0001]
	排除:[0.0001,0.0001,0.0000,0.0000]
	活性:[0.0001,0.0001,0.0000,0.0000]
	など:[0.0054,0.0053,0.0021,0.0019]
	症状:[0.0044,0.0018,0.0003,0.0008]
	ため:[0.0030,0.0032,0.0027,0.0024]
	風邪:[0.0002,0.0001,0.0000,0.0000]
	倦怠:[0.0002,0.0001,0.0000,0.0004]
	的だ:[0.0049,0.0028,0.0019,0.0013]
	起こる:[0.0004,0.0004,0.0000,0.0005]
	この:[0.0023,0.0031,0.0023,0.0014]
True-Positive

Section:8
	Ｆｌａｇ：：１０００
	「ＩｇＥ抗体」が作られるのを抑えたり、「Ｔｈ１細胞」の働きを強めることで、花粉症を改善します。
	さらに、ある大学のマウス実験において、「Ｔｈ２細胞」の働きを抑える効果があることもわかってきました。
Score:0.00324084934116
EACH_TAG_SCORE:
	image:0.000934308251367
	table:0.000909934008604
	graph:0.000471188146728
	flow:0.000925418934456
PARA:
Clueword:
	マウス:[0.0001,0.0001,0.0001,0.0000]
	わかつ:[0.0000,0.0000,0.0001,0.0000]
	作る:[0.0012,0.0011,0.0018,0.0001]
	ます:[0.0228,0.0269,0.0224,0.0150]
	強める:[0.0000,0.0000,0.0000,0.0000]
	れる:[0.0087,0.0086,0.0069,0.0045]
	する:[0.0377,0.0379,0.0453,0.0180]
	実験:[0.0001,0.0000,0.0000,0.0000]
	さらに:[0.0005,0.0007,0.0031,0.0007]
	細胞:[0.0003,0.0005,0.0019,0.0000]
	ある:[0.0113,0.0103,0.0051,0.0037]
	大学:[0.0004,0.0005,0.0000,0.0007]
	こと:[0.0097,0.0093,0.0086,0.0051]
	抗体:[0.0000,0.0002,0.0009,0.0000]
	花粉:[0.0004,0.0004,0.0012,0.0000]
	くる:[0.0012,0.0016,0.0007,0.0011]
	働く:[0.0003,0.0004,0.0005,0.0002]
	改善:[0.0003,0.0001,0.0001,0.0000]
	おく:[0.0014,0.0010,0.0010,0.0012]
	効果:[0.0015,0.0010,0.0000,0.0005]
	抑える:[0.0003,0.0003,0.0003,0.0000]
True-Positive

Section:14
	Ｆｌａｇ：：００１０
	感染症による身体のだるさは一時的なものであり、病気の軽快とともに自然に治まりますが、もししばらく続くようなら倦怠感以外の症状をチェックしてみてください。
	体重の減りや息切れ、発汗、発熱、不眠などを伴う場合は、大きな病気が隠れている恐れがありますので、早めに医師に相談しましょう。
Score:0.00311638685793
EACH_TAG_SCORE:
	image:0.000856234758236
	table:0.00104206619985
	graph:0.000497364343298
	flow:0.000720721556554
PARA:
Clueword:
	大きな:[0.0005,0.0016,0.0003,0.0005]
	続く:[0.0004,0.0003,0.0004,0.0013]
	だるい:[0.0002,0.0002,0.0000,0.0004]
	めだ:[0.0007,0.0008,0.0006,0.0003]
	身体:[0.0001,0.0002,0.0002,0.0004]
	よる:[0.0024,0.0030,0.0030,0.0025]
	場合:[0.0353,0.0044,0.0023,0.0045]
	減る:[0.0000,0.0000,0.0000,0.0004]
	病気:[0.0004,0.0001,0.0000,0.0003]
	隠れる:[0.0000,0.0000,0.0000,0.0001]
	いる:[0.0124,0.0129,0.0079,0.0099]
	ます:[0.0228,0.0269,0.0224,0.0150]
	一時的だ:[0.0000,0.0001,0.0000,0.0003]
	のだ:[0.0071,0.0068,0.0053,0.0039]
	相談:[0.0006,0.0001,0.0001,0.0003]
	伴う:[0.0000,0.0000,0.0000,0.0002]
	みる:[0.0011,0.0014,0.0005,0.0011]
	なら:[0.0020,0.0011,0.0003,0.0013]
	発汗:[0.0000,0.0000,0.0000,0.0001]
	早い:[0.0000,0.0001,0.0001,0.0003]
	する:[0.0377,0.0379,0.0453,0.0180]
	不眠:[0.0000,0.0000,0.0000,0.0001]
	ともに:[0.0001,0.0001,0.0001,0.0002]
	症状:[0.0044,0.0018,0.0003,0.0008]
	しばらく:[0.0001,0.0001,0.0001,0.0001]
	感染:[0.0002,0.0001,0.0001,0.0003]
	ある:[0.0113,0.0103,0.0051,0.0037]
	倦怠:[0.0002,0.0001,0.0000,0.0004]
	もし:[0.0002,0.0000,0.0001,0.0006]
	など:[0.0054,0.0053,0.0021,0.0019]
	医師:[0.0001,0.0000,0.0000,0.0002]
	くださる:[0.0005,0.0014,0.0021,0.0009]
	発熱:[0.0001,0.0000,0.0000,0.0001]
	自然だ:[0.0002,0.0004,0.0003,0.0001]
	治まる:[0.0000,0.0000,0.0000,0.0001]
	チェック:[0.0004,0.0004,0.0002,0.0003]
	息切れ:[0.0000,0.0000,0.0000,0.0001]
	体重:[0.0001,0.0001,0.0001,0.0001]
	軽快だ:[0.0000,0.0000,0.0000,0.0001]
	ようだ:[0.0039,0.0045,0.0062,0.0016]
	以外:[0.0017,0.0016,0.0001,0.0001]
	恐れる:[0.0000,0.0001,0.0003,0.0001]
	もの:[0.0026,0.0031,0.0015,0.0008]
True-Positive

Section:12
	Ｆｌａｇ：：１０１０
	また、炭水化物やタンパク質が不足しているときも注意が必要。
	良質なタンパク質、ビタミンやミネラルが豊富に含まれた食材を使った、バランスのよい食事を心掛けましょう。
	そのほか、一時的な疲労回復には糖分が役立ちますが、とりすぎるとかえって身体がだるくなることもありますので気を付けてくださいね。
Score:0.00309267503238
EACH_TAG_SCORE:
	image:0.000906054826757
	table:0.000861758948935
	graph:0.000528477524885
	flow:0.000796383731801
PARA:
Clueword:
	炭水化物:[0.0000,0.0000,0.0000,0.0001]
	だるい:[0.0002,0.0002,0.0000,0.0004]
	回復:[0.0003,0.0001,0.0004,0.0004]
	食材:[0.0000,0.0002,0.0000,0.0005]
	身体:[0.0001,0.0002,0.0002,0.0004]
	良質だ:[0.0001,0.0001,0.0001,0.0001]
	タンパク:[0.0007,0.0011,0.0009,0.0003]
	疲労:[0.0005,0.0002,0.0000,0.0001]
	ます:[0.0228,0.0269,0.0224,0.0150]
	一時的だ:[0.0000,0.0001,0.0000,0.0003]
	ミネラル:[0.0000,0.0000,0.0000,0.0001]
	糖分:[0.0000,0.0000,0.0000,0.0001]
	また:[0.0013,0.0021,0.0018,0.0011]
	のだ:[0.0071,0.0068,0.0053,0.0039]
	役立つ:[0.0000,0.0001,0.0000,0.0001]
	れる:[0.0087,0.0086,0.0069,0.0045]
	とる:[0.0004,0.0007,0.0005,0.0001]
	かえる:[0.0000,0.0001,0.0000,0.0001]
	注意:[0.0003,0.0008,0.0007,0.0005]
	なる:[0.0107,0.0090,0.0073,0.0068]
	する:[0.0377,0.0379,0.0453,0.0180]
	含む:[0.0004,0.0008,0.0004,0.0006]
	いる:[0.0124,0.0129,0.0079,0.0099]
	すぎる:[0.0006,0.0007,0.0003,0.0001]
	必要だ:[0.0023,0.0013,0.0019,0.0006]
	付ける:[0.0002,0.0004,0.0008,0.0001]
	ある:[0.0113,0.0103,0.0051,0.0037]
	ビタミン:[0.0000,0.0000,0.0000,0.0001]
	こと:[0.0097,0.0093,0.0086,0.0051]
	食事:[0.0000,0.0001,0.0000,0.0001]
	豊富だ:[0.0000,0.0000,0.0000,0.0001]
	不足:[0.0000,0.0000,0.0001,0.0001]
	くださる:[0.0005,0.0014,0.0021,0.0009]
	よい:[0.0014,0.0014,0.0003,0.0004]
	とき:[0.0006,0.0019,0.0029,0.0005]
	使う:[0.0028,0.0024,0.0010,0.0006]
	心掛ける:[0.0000,0.0000,0.0000,0.0001]
	そのほか:[0.0000,0.0001,0.0000,0.0001]
	バランス:[0.0003,0.0020,0.0002,0.0054]
True-Positive

Section:15
	Ｆｌａｇ：：００１０
	更年期症状でホルモンバランスが崩れ、だるさが続くことがあります。
	倦怠感のほかに、ほてりやのぼせ、イライラがないかチェックしてみましょう。
	最近では、２０代、３０代でも自律神経の乱れで更年期に似た症状を感じることがあるようです。
Score:0.00308376616088
EACH_TAG_SCORE:
	image:0.000870654541746
	table:0.000877022670835
	graph:0.000525781597612
	flow:0.000810307350688
PARA:
Clueword:
	続く:[0.0004,0.0003,0.0004,0.0013]
	だるい:[0.0002,0.0002,0.0000,0.0004]
	ホルモン:[0.0002,0.0000,0.0000,0.0001]
	乱れる:[0.0000,0.0000,0.0000,0.0001]
	最近:[0.0003,0.0002,0.0019,0.0018]
	ます:[0.0228,0.0269,0.0224,0.0150]
	のぼせる:[0.0000,0.0000,0.0000,0.0001]
	ほてる:[0.0000,0.0000,0.0000,0.0001]
	感じる:[0.0009,0.0010,0.0004,0.0003]
	みる:[0.0011,0.0014,0.0005,0.0011]
	自律:[0.0000,0.0000,0.0000,0.0001]
	似る:[0.0002,0.0004,0.0000,0.0001]
	でも:[0.0029,0.0018,0.0004,0.0017]
	する:[0.0377,0.0379,0.0453,0.0180]
	症状:[0.0044,0.0018,0.0003,0.0008]
	ある:[0.0113,0.0103,0.0051,0.0037]
	倦怠:[0.0002,0.0001,0.0000,0.0004]
	ほか:[0.0002,0.0002,0.0000,0.0001]
	こと:[0.0097,0.0093,0.0086,0.0051]
	バランス:[0.0003,0.0020,0.0002,0.0054]
	ようだ:[0.0039,0.0045,0.0062,0.0016]
	更年期:[0.0001,0.0001,0.0000,0.0003]
	チェック:[0.0004,0.0004,0.0002,0.0003]
	イライラ:[0.0000,0.0000,0.0000,0.0001]
	崩れる:[0.0001,0.0000,0.0002,0.0001]
	ない:[0.0105,0.0083,0.0076,0.0061]
	神経:[0.0000,0.0001,0.0000,0.0001]
True-Positive

Section:16
	Ｆｌａｇ：：００００
	更年期症状でホルモンバランスが崩れ、だるさが続くことがあります。
	倦怠感のほかに、ほてりやのぼせ、イライラがないかチェックしてみましょう。
	最近では、２０代、３０代でも自律神経の乱れで更年期に似た症状を感じることがあるようです。
Score:0.00308376616088
EACH_TAG_SCORE:
	image:0.000870654541746
	table:0.000877022670835
	graph:0.000525781597612
	flow:0.000810307350688
PARA:
Clueword:
	続く:[0.0004,0.0003,0.0004,0.0013]
	だるい:[0.0002,0.0002,0.0000,0.0004]
	感じる:[0.0009,0.0010,0.0004,0.0003]
	ホルモン:[0.0002,0.0000,0.0000,0.0001]
	乱れる:[0.0000,0.0000,0.0000,0.0001]
	最近:[0.0003,0.0002,0.0019,0.0018]
	ます:[0.0228,0.0269,0.0224,0.0150]
	のぼせる:[0.0000,0.0000,0.0000,0.0001]
	ほてる:[0.0000,0.0000,0.0000,0.0001]
	みる:[0.0011,0.0014,0.0005,0.0011]
	自律:[0.0000,0.0000,0.0000,0.0001]
	似る:[0.0002,0.0004,0.0000,0.0001]
	でも:[0.0029,0.0018,0.0004,0.0017]
	する:[0.0377,0.0379,0.0453,0.0180]
	症状:[0.0044,0.0018,0.0003,0.0008]
	ある:[0.0113,0.0103,0.0051,0.0037]
	倦怠:[0.0002,0.0001,0.0000,0.0004]
	ない:[0.0105,0.0083,0.0076,0.0061]
	こと:[0.0097,0.0093,0.0086,0.0051]
	バランス:[0.0003,0.0020,0.0002,0.0054]
	ようだ:[0.0039,0.0045,0.0062,0.0016]
	更年期:[0.0001,0.0001,0.0000,0.0003]
	チェック:[0.0004,0.0004,0.0002,0.0003]
	イライラ:[0.0000,0.0000,0.0000,0.0001]
	崩れる:[0.0001,0.0000,0.0002,0.0001]
	ほか:[0.0002,0.0002,0.0000,0.0001]
	神経:[0.0000,0.0001,0.0000,0.0001]
False-Positive

Section:18
	Ｆｌａｇ：：００００
	だるさは身体からのＳＯＳサイン
	身体のだるさは他人と比べられないもの。
	身体がだるい状態が続くということは、どこかに負担がかかっているという身体からのサインかもしれません。
	倦怠感がなかなか治まらないときは、ご紹介した４つのポイントに注意して、しっかり対処していきましょう。
Score:0.00294056510367
EACH_TAG_SCORE:
	image:0.000822200624045
	table:0.000838118441386
	graph:0.000499850494967
	flow:0.00078039554327
PARA:
Clueword:
	ます:[0.0228,0.0269,0.0224,0.0150]
	だるい:[0.0002,0.0002,0.0000,0.0004]
	いく:[0.0011,0.0015,0.0022,0.0005]
	いう:[0.0059,0.0048,0.0034,0.0042]
	身体:[0.0001,0.0002,0.0002,0.0004]
	続く:[0.0004,0.0003,0.0004,0.0013]
	もの:[0.0026,0.0031,0.0015,0.0008]
	かも:[0.0003,0.0004,0.0000,0.0001]
	紹介:[0.0003,0.0004,0.0000,0.0000]
	負担:[0.0000,0.0000,0.0000,0.0000]
	どこ:[0.0002,0.0002,0.0001,0.0002]
	ポイント:[0.0025,0.0005,0.0000,0.0014]
	対処:[0.0005,0.0000,0.0000,0.0004]
	かかる:[0.0011,0.0002,0.0002,0.0002]
	他人:[0.0000,0.0000,0.0001,0.0000]
	治まる:[0.0000,0.0000,0.0000,0.0001]
	注意:[0.0003,0.0008,0.0007,0.0005]
	サイン:[0.0000,0.0001,0.0002,0.0000]
	する:[0.0377,0.0379,0.0453,0.0180]
	いる:[0.0124,0.0129,0.0079,0.0099]
	比べる:[0.0012,0.0003,0.0000,0.0016]
	られる:[0.0026,0.0025,0.0012,0.0015]
	なかなか:[0.0000,0.0000,0.0005,0.0000]
	こと:[0.0097,0.0093,0.0086,0.0051]
	しっかり:[0.0001,0.0003,0.0016,0.0001]
	倦怠:[0.0002,0.0001,0.0000,0.0004]
	状態:[0.0028,0.0009,0.0012,0.0006]
	しれる:[0.0002,0.0003,0.0000,0.0001]
	とき:[0.0006,0.0019,0.0029,0.0005]
	ない:[0.0105,0.0083,0.0076,0.0061]
	から:[0.0057,0.0058,0.0057,0.0033]
False-Positive

Section:5
	Ｆｌａｇ：：００００
	花粉症は、季節性アレルギー性鼻炎といわれるように、特定の時期に発症するアレルギー疾患です。
	辛くて苦しい花粉症の症状が、乳酸菌やビフィズス菌によってどのように改善するのか解説します。
	乳酸菌・ビフィズス菌が花粉症を改善するメカニズムとは
	私たちの体には免疫機能が備わっていますが、その免疫機能の過剰な反応によって起こるのが花粉症です。
	●花粉症の原因とメカニズム
Score:0.0021363358979
EACH_TAG_SCORE:
	image:0.000601439609715
	table:0.000589807913784
	graph:0.000377420268576
	flow:0.000567668105826
PARA:
Clueword:
	どのように:[0.0002,0.0003,0.0000,0.0000]
	いう:[0.0059,0.0048,0.0034,0.0042]
	免疫:[0.0001,0.0001,0.0005,0.0001]
	過剰だ:[0.0001,0.0001,0.0000,0.0000]
	よる:[0.0024,0.0030,0.0030,0.0025]
	症状:[0.0044,0.0018,0.0003,0.0008]
	機能:[0.0007,0.0004,0.0000,0.0000]
	疾患:[0.0002,0.0002,0.0000,0.0001]
	発症:[0.0000,0.0001,0.0005,0.0000]
	アレルギー:[0.0001,0.0001,0.0007,0.0000]
	季節:[0.0001,0.0001,0.0000,0.0000]
	乳酸菌:[0.0002,0.0000,0.0000,0.0000]
	れる:[0.0087,0.0086,0.0069,0.0045]
	特定:[0.0006,0.0003,0.0000,0.0000]
	解説:[0.0000,0.0005,0.0001,0.0000]
	その:[0.0018,0.0030,0.0033,0.0011]
	たち:[0.0003,0.0002,0.0000,0.0005]
	する:[0.0377,0.0379,0.0453,0.0180]
	反応:[0.0001,0.0003,0.0010,0.0000]
	いる:[0.0124,0.0129,0.0079,0.0099]
	ます:[0.0228,0.0269,0.0224,0.0150]
	花粉:[0.0004,0.0004,0.0012,0.0000]
	時期:[0.0000,0.0002,0.0000,0.0087]
	改善:[0.0003,0.0001,0.0001,0.0000]
	のだ:[0.0071,0.0068,0.0053,0.0039]
	ビフィズス菌:[0.0001,0.0000,0.0000,0.0000]
	ようだ:[0.0039,0.0045,0.0062,0.0016]
	起こる:[0.0004,0.0004,0.0000,0.0005]
	原因:[0.0014,0.0009,0.0005,0.0008]
False-Positive

Section:13
	Ｆｌａｇ：：００００
	チェック３．感染症や病気にかかっていませんか？
	インフルエンザのような感染症にかかると、つらい倦怠感に悩まされることがありますが、いわゆる鼻風邪症状を引き起こす副鼻腔炎が原因で身体がだるくなることも。
	そのほか、貧血や糖尿病、甲状腺機能低下症など、倦怠感はさまざまな病気とつながっている可能性もあり、決して軽くみてはいけません。
Score:0.00192240144467
EACH_TAG_SCORE:
	image:0.000554734307012
	table:0.000567198506124
	graph:0.000362010163986
	flow:0.000438458467545
PARA:
Clueword:
	だるい:[0.0002,0.0002,0.0000,0.0004]
	など:[0.0054,0.0053,0.0021,0.0019]
	身体:[0.0001,0.0002,0.0002,0.0004]
	インフルエンザ:[0.0008,0.0002,0.0001,0.0005]
	決する:[0.0000,0.0001,0.0001,0.0001]
	病気:[0.0004,0.0001,0.0000,0.0003]
	いける:[0.0002,0.0001,0.0000,0.0004]
	ます:[0.0228,0.0269,0.0224,0.0150]
	機能:[0.0007,0.0004,0.0000,0.0000]
	さまざまだ:[0.0002,0.0001,0.0001,0.0000]
	れる:[0.0087,0.0086,0.0069,0.0045]
	可能だ:[0.0009,0.0006,0.0008,0.0009]
	みる:[0.0011,0.0014,0.0005,0.0011]
	かかる:[0.0011,0.0002,0.0002,0.0002]
	なる:[0.0107,0.0090,0.0073,0.0068]
	悩む:[0.0001,0.0009,0.0009,0.0000]
	糖尿:[0.0001,0.0000,0.0000,0.0000]
	いる:[0.0124,0.0129,0.0079,0.0099]
	症状:[0.0044,0.0018,0.0003,0.0008]
	引き起こす:[0.0000,0.0001,0.0003,0.0000]
	感染:[0.0002,0.0001,0.0001,0.0003]
	ある:[0.0113,0.0103,0.0051,0.0037]
	風邪:[0.0002,0.0001,0.0000,0.0000]
	こと:[0.0097,0.0093,0.0086,0.0051]
	つながる:[0.0000,0.0001,0.0002,0.0003]
	いわゆる:[0.0001,0.0000,0.0000,0.0001]
	低下:[0.0002,0.0005,0.0036,0.0072]
	チェック:[0.0004,0.0004,0.0002,0.0003]
	つらい:[0.0000,0.0001,0.0000,0.0000]
	倦怠:[0.0002,0.0001,0.0000,0.0004]
	軽い:[0.0008,0.0009,0.0017,0.0000]
	貧血:[0.0000,0.0000,0.0000,0.0000]
	ようだ:[0.0039,0.0045,0.0062,0.0016]
	そのほか:[0.0000,0.0001,0.0000,0.0001]
	原因:[0.0014,0.0009,0.0005,0.0008]
False-Positive

Section:17
	Ｆｌａｇ：：００１０
	実際「心配性の人の方が仕事のパフォーマンスが高かった」なんて研究結果も。
	「××が起こったらどうしよう．．．．．．」と不安に思うところから、もう一歩進んで「××が起こった時のために、こんな対処法を練っておこう！」と解決策を考えてみて。
	対処法も一緒に想像することで不安を和らげることができるはず。
Score:0.00170499863575
EACH_TAG_SCORE:
	image:0.000451774349851
	table:0.000456550683019
	graph:0.00032883315453
	flow:0.000467840448352
PARA:
Clueword:
	実際:[0.0001,0.0003,0.0004,0.0007]
	ところ:[0.0010,0.0004,0.0003,0.0007]
	解決:[0.0002,0.0004,0.0000,0.0001]
	進む:[0.0002,0.0001,0.0002,0.0003]
	一緒だ:[0.0001,0.0001,0.0000,0.0003]
	パフォーマンス:[0.0000,0.0000,0.0000,0.0001]
	こんな:[0.0001,0.0003,0.0003,0.0001]
	対処:[0.0005,0.0000,0.0000,0.0004]
	できる:[0.0044,0.0045,0.0022,0.0015]
	なんて:[0.0003,0.0002,0.0000,0.0003]
	不安だ:[0.0001,0.0001,0.0001,0.0008]
	から:[0.0057,0.0058,0.0057,0.0033]
	みる:[0.0011,0.0014,0.0005,0.0011]
	仕事:[0.0003,0.0003,0.0005,0.0003]
	どう:[0.0005,0.0006,0.0004,0.0003]
	もう:[0.0002,0.0002,0.0006,0.0002]
	する:[0.0377,0.0379,0.0453,0.0180]
	心配:[0.0000,0.0000,0.0000,0.0003]
	研究:[0.0000,0.0003,0.0003,0.0004]
	こと:[0.0097,0.0093,0.0086,0.0051]
	考える:[0.0013,0.0012,0.0004,0.0007]
	高い:[0.0015,0.0007,0.0005,0.0100]
	思う:[0.0011,0.0020,0.0027,0.0005]
	練る:[0.0000,0.0000,0.0000,0.0001]
	ため:[0.0030,0.0032,0.0027,0.0024]
	おく:[0.0014,0.0010,0.0010,0.0012]
	起こる:[0.0004,0.0004,0.0000,0.0005]
	結果:[0.0004,0.0004,0.0007,0.0011]
	和らげる:[0.0000,0.0000,0.0000,0.0001]
	想像:[0.0002,0.0000,0.0000,0.0005]
	はず:[0.0001,0.0001,0.0001,0.0001]
True-Positive

Section:3
	Ｆｌａｇ：：１１００
	他にも、顔にむくみがある場合は腎臓や心臓疾患、顔色が悪くめまいがする場合は貧血や更年期障害、低血圧症のおそれがあります。
	更年期障害の場合は、閉経の前後に女性ホルモンのバランスの変化により、だるさや疲れ、不眠などの症状が出ます。
	さらに大きな病気の前触れとして、うつ病や心身症などの精神疾患や、慢性肝炎や肝硬変などの肝臓の疾患、胃がん、大腸がん、糖尿病、結核、慢性腎盂腎炎などの症状としてだるさや倦怠感が現れることもあります。
	疲労からなりやすいと言われるうつ病は、特別な疾患はないにも関わらず、だるさが続き、気力が低下したり、落ち込むことがあります。
	だるさや倦怠感を感じた場合、まず休養を取ることが大切ですが、なかなか回復しない場合は他の病気の可能性はないかと疑うことも必要です。
Score:0.00168229895446
EACH_TAG_SCORE:
	image:0.000431583897783
	table:0.000527037091538
	graph:0.000286439965159
	flow:0.000437237999976
PARA:
Clueword:
	おそれる:[0.0000,0.0001,0.0001,0.0000]
	感じる:[0.0009,0.0010,0.0004,0.0003]
	よる:[0.0024,0.0030,0.0030,0.0025]
	慢性:[0.0001,0.0001,0.0000,0.0000]
	閉経:[0.0000,0.0000,0.0000,0.0000]
	病気:[0.0004,0.0001,0.0000,0.0003]
	気力:[0.0000,0.0000,0.0000,0.0000]
	心身:[0.0000,0.0000,0.0000,0.0000]
	症状:[0.0044,0.0018,0.0003,0.0008]
	低下:[0.0002,0.0005,0.0036,0.0072]
	前後:[0.0006,0.0011,0.0026,0.0047]
	れる:[0.0087,0.0086,0.0069,0.0045]
	続く:[0.0004,0.0003,0.0004,0.0013]
	なる:[0.0107,0.0090,0.0073,0.0068]
	悪い:[0.0006,0.0002,0.0001,0.0005]
	糖尿:[0.0001,0.0000,0.0000,0.0000]
	疲れる:[0.0000,0.0001,0.0000,0.0000]
	前触れ:[0.0001,0.0000,0.0000,0.0000]
	さらに:[0.0005,0.0007,0.0031,0.0007]
	疑う:[0.0000,0.0000,0.0000,0.0000]
	こと:[0.0097,0.0093,0.0086,0.0051]
	肝臓:[0.0000,0.0000,0.0000,0.0000]
	心臓:[0.0001,0.0000,0.0000,0.0001]
	更年期:[0.0001,0.0001,0.0000,0.0003]
	肝硬変:[0.0000,0.0000,0.0000,0.0000]
	障害:[0.0004,0.0003,0.0000,0.0001]
	大腸:[0.0000,0.0000,0.0000,0.0000]
	他の:[0.0003,0.0003,0.0002,0.0003]
	関わる:[0.0000,0.0000,0.0000,0.0000]
	がん:[0.0001,0.0001,0.0000,0.0000]
	貧血:[0.0000,0.0000,0.0000,0.0000]
	現れる:[0.0004,0.0002,0.0003,0.0000]
	大きな:[0.0005,0.0016,0.0003,0.0005]
	だるい:[0.0002,0.0002,0.0000,0.0004]
	取る:[0.0009,0.0006,0.0001,0.0003]
	顔色:[0.0000,0.0000,0.0000,0.0000]
	する:[0.0377,0.0379,0.0453,0.0180]
	ホルモン:[0.0002,0.0000,0.0000,0.0001]
	場合:[0.0353,0.0044,0.0023,0.0045]
	言う:[0.0010,0.0013,0.0005,0.0004]
	ます:[0.0228,0.0269,0.0224,0.0150]
	まず:[0.0007,0.0007,0.0187,0.0001]
	疾患:[0.0002,0.0002,0.0000,0.0001]
	腎盂:[0.0000,0.0000,0.0000,0.0000]
	むくむ:[0.0000,0.0000,0.0000,0.0000]
	めまい:[0.0001,0.0000,0.0000,0.0001]
	回復:[0.0003,0.0001,0.0004,0.0004]
	可能だ:[0.0009,0.0006,0.0008,0.0009]
	込む:[0.0006,0.0010,0.0006,0.0004]
	必要だ:[0.0023,0.0013,0.0019,0.0006]
	腎臓:[0.0001,0.0000,0.0000,0.0001]
	女性:[0.0006,0.0006,0.0002,0.0009]
	落ちる:[0.0001,0.0001,0.0001,0.0000]
	肝炎:[0.0001,0.0000,0.0000,0.0000]
	疲労:[0.0005,0.0002,0.0000,0.0001]
	不眠:[0.0000,0.0000,0.0000,0.0001]
	特別だ:[0.0001,0.0001,0.0000,0.0000]
	結核:[0.0000,0.0000,0.0000,0.0000]
	ある:[0.0113,0.0103,0.0051,0.0037]
	倦怠:[0.0002,0.0001,0.0000,0.0004]
	ない:[0.0105,0.0083,0.0076,0.0061]
	など:[0.0054,0.0053,0.0021,0.0019]
	変化:[0.0003,0.0005,0.0003,0.0000]
	なかなか:[0.0000,0.0000,0.0005,0.0000]
	うつ病:[0.0001,0.0001,0.0000,0.0000]
	血圧:[0.0000,0.0000,0.0000,0.0000]
	腎炎:[0.0000,0.0000,0.0000,0.0000]
	出る:[0.0009,0.0008,0.0003,0.0006]
	大切だ:[0.0002,0.0003,0.0002,0.0001]
	精神:[0.0001,0.0001,0.0000,0.0000]
	やすい:[0.0028,0.0023,0.0011,0.0006]
	休養:[0.0000,0.0000,0.0000,0.0000]
	から:[0.0057,0.0058,0.0057,0.0033]
	バランス:[0.0003,0.0020,0.0002,0.0054]
True-Positive

Section:6
	Ｆｌａｇ：：１００１
	体にウイルスなどの敵が侵入すると、白血球内のリンパ球に存在する免疫細胞が、攻撃をしかけて撃退します。
	このときに抗体を作り、再び同じ敵が侵入してきたときのために備えます。
	この抗体が「ＩｇＥ抗体」と呼ばれるもので、花粉を敵と勘違いして、花粉に接触する度に「ＩｇＥ抗体」が作られて体内に蓄積され、ある水準を超えると花粉症として発症します。
	また、免疫細胞である「Ｔｈ１細胞」と「Ｔｈ２細胞」も、花粉症を発生させる原因のひとつといわれています。
	その仕組みは、アレルギー反応を促す「Ｔｈ２細胞」と、それを見張ってアレルギー反応を抑える「Ｔｈ１細胞」のバランスが崩れることで、花粉症などのアレルギーが発症するというものです。
Score:0.00160130422899
EACH_TAG_SCORE:
	image:0.000466940391885
	table:0.000434364227964
	graph:0.000257187762416
	flow:0.000442811846723
PARA:
Clueword:
	呼ぶ:[0.0011,0.0007,0.0003,0.0000]
	水準:[0.0000,0.0000,0.0002,0.0001]
	免疫:[0.0001,0.0001,0.0005,0.0001]
	かける:[0.0005,0.0008,0.0007,0.0003]
	蓄積:[0.0000,0.0000,0.0007,0.0000]
	再び:[0.0000,0.0001,0.0002,0.0000]
	同じだ:[0.0013,0.0010,0.0005,0.0009]
	存在:[0.0004,0.0006,0.0005,0.0004]
	白血球:[0.0000,0.0000,0.0002,0.0000]
	発症:[0.0000,0.0001,0.0005,0.0000]
	れる:[0.0087,0.0086,0.0069,0.0045]
	する:[0.0377,0.0379,0.0453,0.0180]
	いる:[0.0124,0.0129,0.0079,0.0099]
	接触:[0.0000,0.0001,0.0003,0.0000]
	細胞:[0.0003,0.0005,0.0019,0.0000]
	こと:[0.0097,0.0093,0.0086,0.0051]
	抗体:[0.0000,0.0002,0.0009,0.0000]
	この:[0.0023,0.0031,0.0023,0.0014]
	花粉:[0.0004,0.0004,0.0012,0.0000]
	それ:[0.0013,0.0009,0.0018,0.0009]
	超える:[0.0001,0.0001,0.0002,0.0000]
	バランス:[0.0003,0.0020,0.0002,0.0054]
	もの:[0.0026,0.0031,0.0015,0.0008]
	崩れる:[0.0001,0.0000,0.0002,0.0001]
	攻撃:[0.0000,0.0001,0.0003,0.0000]
	リンパ:[0.0000,0.0001,0.0002,0.0000]
	とき:[0.0006,0.0019,0.0029,0.0005]
	備える:[0.0000,0.0000,0.0002,0.0000]
	いう:[0.0059,0.0048,0.0034,0.0042]
	勘違い:[0.0000,0.0000,0.0002,0.0000]
	作る:[0.0012,0.0011,0.0018,0.0001]
	ます:[0.0228,0.0269,0.0224,0.0150]
	くる:[0.0012,0.0016,0.0007,0.0011]
	ウイルス:[0.0004,0.0002,0.0002,0.0001]
	アレルギー:[0.0001,0.0001,0.0007,0.0000]
	仕組む:[0.0001,0.0002,0.0005,0.0000]
	侵入:[0.0000,0.0001,0.0005,0.0000]
	見張る:[0.0000,0.0000,0.0002,0.0000]
	その:[0.0018,0.0030,0.0033,0.0011]
	ひと:[0.0003,0.0008,0.0013,0.0004]
	撃退:[0.0000,0.0000,0.0002,0.0000]
	ある:[0.0113,0.0103,0.0051,0.0037]
	など:[0.0054,0.0053,0.0021,0.0019]
	抑える:[0.0003,0.0003,0.0003,0.0000]
	せる:[0.0005,0.0017,0.0029,0.0006]
	ため:[0.0030,0.0032,0.0027,0.0024]
	また:[0.0013,0.0021,0.0018,0.0011]
	促す:[0.0000,0.0000,0.0002,0.0000]
	発生:[0.0006,0.0007,0.0008,0.0007]
	反応:[0.0001,0.0003,0.0010,0.0000]
	原因:[0.0014,0.0009,0.0005,0.0008]
True-Positive

Section:4
	Ｆｌａｇ：：０１００
	内科の病気の前触れとして現れる疲労感
	内科の病気の症状が現れる前に、疲労感が現れることもあります。
	時間が経つとそれぞれの病気が持つ特徴的な症状が現れますが、それまでの病気がまだ分かっていない間に疲労感は現れます。
	精神的なストレスの蓄積や過労、睡眠不足、心配事などが原因で、軽いうつ病の症状として疲労感を感じることがあります。
	また、自律神経障害の症状として疲労感が生じることもあります。
	また、立ち仕事やパソコン業務の長時間労働などにより肉体的な疲労感を感じることもあります。
	同じ姿勢で長時間いることで一部の筋肉しか使われず、特定の筋肉のこりを生じやすいからです。
	筋肉のこりは肩や首、頭部にかけて生じることが多いため、頭痛やめまい、目の奥が痛むなどの症状が現れることがあります。
	他にも、睡眠時無呼吸症候群や慢性疲労症候群、潜在的ビタミンＢ１欠乏症、糖尿病などの病気の前触れとして現れる疲労感もあります。
	回復しないだるさや倦怠感がある場合は、重大な病気が潜んでいることもあるので、病院で診てもらう必要があります。
	また、定期的に人間ドッグなどの健康診断を受けることも大切です。
Score:0.00130452430652
EACH_TAG_SCORE:
	image:0.000352855310862
	table:0.000453258233589
	graph:0.000204229123255
	flow:0.000294181638816
PARA:
Clueword:
	感じる:[0.0009,0.0010,0.0004,0.0003]
	肉体:[0.0000,0.0000,0.0000,0.0000]
	しか:[0.0006,0.0006,0.0000,0.0011]
	欠乏:[0.0000,0.0000,0.0000,0.0000]
	よる:[0.0024,0.0030,0.0030,0.0025]
	蓄積:[0.0000,0.0000,0.0007,0.0000]
	同じだ:[0.0013,0.0010,0.0005,0.0009]
	病気:[0.0004,0.0001,0.0000,0.0003]
	疲労:[0.0005,0.0002,0.0000,0.0001]
	症状:[0.0044,0.0018,0.0003,0.0008]
	だるい:[0.0002,0.0002,0.0000,0.0004]
	過労:[0.0000,0.0000,0.0000,0.0000]
	生じる:[0.0002,0.0002,0.0003,0.0000]
	れる:[0.0087,0.0086,0.0069,0.0045]
	ストレス:[0.0001,0.0000,0.0000,0.0000]
	受ける:[0.0004,0.0001,0.0002,0.0002]
	ドッグ:[0.0000,0.0000,0.0000,0.0000]
	潜在:[0.0000,0.0000,0.0000,0.0000]
	糖尿:[0.0001,0.0000,0.0000,0.0000]
	する:[0.0377,0.0379,0.0453,0.0180]
	いる:[0.0124,0.0129,0.0079,0.0099]
	場合:[0.0353,0.0044,0.0023,0.0045]
	一部:[0.0008,0.0002,0.0000,0.0011]
	呼吸:[0.0001,0.0001,0.0000,0.0001]
	こと:[0.0097,0.0093,0.0086,0.0051]
	もらう:[0.0003,0.0001,0.0000,0.0000]
	不足:[0.0000,0.0000,0.0001,0.0001]
	それ:[0.0013,0.0009,0.0018,0.0009]
	重大だ:[0.0002,0.0000,0.0000,0.0000]
	障害:[0.0004,0.0003,0.0000,0.0001]
	健康だ:[0.0001,0.0002,0.0001,0.0000]
	定期:[0.0001,0.0000,0.0000,0.0001]
	人間:[0.0001,0.0002,0.0001,0.0000]
	診断:[0.0000,0.0000,0.0000,0.0000]
	経つ:[0.0000,0.0000,0.0000,0.0000]
	慢性:[0.0001,0.0001,0.0000,0.0000]
	多い:[0.0030,0.0023,0.0006,0.0031]
	前触れ:[0.0001,0.0000,0.0000,0.0000]
	症候:[0.0001,0.0000,0.0000,0.0000]
	潜む:[0.0000,0.0000,0.0000,0.0000]
	まだ:[0.0001,0.0001,0.0001,0.0002]
	病院:[0.0000,0.0000,0.0000,0.0000]
	内科:[0.0001,0.0000,0.0000,0.0000]
	特徴:[0.0100,0.0019,0.0000,0.0002]
	まで:[0.0020,0.0014,0.0016,0.0015]
	ます:[0.0228,0.0269,0.0224,0.0150]
	持つ:[0.0008,0.0007,0.0014,0.0001]
	また:[0.0013,0.0021,0.0018,0.0011]
	のだ:[0.0071,0.0068,0.0053,0.0039]
	筋肉:[0.0002,0.0000,0.0001,0.0000]
	分かつ:[0.0001,0.0000,0.0000,0.0000]
	頭部:[0.0000,0.0000,0.0000,0.0000]
	生ずる:[0.0001,0.0000,0.0000,0.0000]
	こる:[0.0001,0.0000,0.0000,0.0000]
	回復:[0.0003,0.0001,0.0004,0.0004]
	特定:[0.0006,0.0003,0.0000,0.0000]
	頭痛:[0.0001,0.0000,0.0000,0.0001]
	仕事:[0.0003,0.0003,0.0005,0.0003]
	自律:[0.0000,0.0000,0.0000,0.0001]
	必要だ:[0.0023,0.0013,0.0019,0.0006]
	睡眠:[0.0001,0.0000,0.0000,0.0001]
	心配事:[0.0000,0.0000,0.0000,0.0003]
	立つ:[0.0004,0.0004,0.0009,0.0004]
	ある:[0.0113,0.0103,0.0051,0.0037]
	ビタミン:[0.0000,0.0000,0.0000,0.0001]
	やすい:[0.0028,0.0023,0.0011,0.0006]
	労働:[0.0001,0.0000,0.0000,0.0003]
	神経:[0.0000,0.0001,0.0000,0.0001]
	など:[0.0054,0.0053,0.0021,0.0019]
	時間:[0.0010,0.0004,0.0003,0.0010]
	かける:[0.0005,0.0008,0.0007,0.0003]
	業務:[0.0004,0.0001,0.0000,0.0001]
	姿勢:[0.0001,0.0011,0.0000,0.0000]
	ため:[0.0030,0.0032,0.0027,0.0024]
	倦怠:[0.0002,0.0001,0.0000,0.0004]
	うつ病:[0.0001,0.0001,0.0000,0.0000]
	それぞれ:[0.0016,0.0004,0.0001,0.0000]
	精神:[0.0001,0.0001,0.0000,0.0000]
	現れる:[0.0004,0.0002,0.0003,0.0000]
	めまい:[0.0001,0.0000,0.0000,0.0001]
	診る:[0.0000,0.0000,0.0000,0.0000]
	的だ:[0.0049,0.0028,0.0019,0.0013]
	軽い:[0.0008,0.0009,0.0017,0.0000]
	痛む:[0.0004,0.0006,0.0003,0.0001]
	大切だ:[0.0002,0.0003,0.0002,0.0001]
	ない:[0.0105,0.0083,0.0076,0.0061]
	使う:[0.0028,0.0024,0.0010,0.0006]
	パソコン:[0.0004,0.0005,0.0000,0.0000]
	から:[0.0057,0.0058,0.0057,0.0033]
	原因:[0.0014,0.0009,0.0005,0.0008]
True-Positive

Section:9
	Ｆｌａｇ：：００００
	花粉症に効果が期待できる菌の種類は．．．
Score:0.00121839911341
EACH_TAG_SCORE:
	image:0.000268760253766
	table:0.000745605601013
	graph:8.61298106666e-05
	flow:0.000117903447962
PARA:
Clueword:
	できる:[0.0044,0.0045,0.0022,0.0015]
	効果:[0.0015,0.0010,0.0000,0.0005]
	種類:[0.0166,0.0024,0.0001,0.0004]
	花粉:[0.0004,0.0004,0.0012,0.0000]
	期待:[0.0001,0.0001,0.0001,0.0002]
False-Positive

Section:10
	Ｆｌａｇ：：０１００
	花粉症の改善に効果が期待できるとして注目される代表的な乳酸菌とビフィズス菌には、以下のようなものがあります。
	●フェカリス菌
	加熱殺菌して死滅した状態で摂取しても高い効果が得られる新型乳酸菌。
	スギ花粉症患者２０名に曝露（ばくろ）室で人工的に一定量の花粉を浴びてもらい、その後、フェカリス菌入り乳性飲料を１日１本２か月間飲用後にも同じ実験を実施。
	飲む前と後では、鼻かみ回数や目のかゆみなどが減り、アレルギー症状が改善する傾向が認められました。
	●Ｌ－９２乳酸菌
	花粉症にかかった人を対象に、一定期間にわたってＬ－９２乳酸菌を摂取してもらったところ、
	アレルギーの原因となる「Ｔｈ２細胞」を活性化する物質が抑えられました。
	その結果、花粉症の改善に効果があることが立証されました。
	●ＫＷ乳酸菌
	花粉症患者９６人にＫＷ乳酸菌の粉末を摂取してもらったところ、花粉症の症状が改善。
	また、マウスによる実験において、血中のＩｇＥ濃度が低下し、Ｔｈ２細胞とＴｈ１細胞のバランスが改善されたことも報告されています。
	●ビフィズス菌ｂｂ５３６
	スギ花粉が飛び始める約１か月前から１３週間にわたって、花粉症患者４４名にビフィズス菌ｂｂ５３６粉末を飲んでもらったところ、花粉症の症状が改善されたという実験結果が報告されています。
	以上は代表的なものですが、今後もさらに注目の新しい菌が発見される可能性もあります。
Score:0.00113003591308
EACH_TAG_SCORE:
	image:0.00029204838788
	table:0.000305508841678
	graph:0.000238194270931
	flow:0.000294284412594
PARA:
Clueword:
	以上:[0.0010,0.0009,0.0006,0.0017]
	実験:[0.0001,0.0000,0.0000,0.0000]
	れる:[0.0087,0.0086,0.0069,0.0045]
	よる:[0.0024,0.0030,0.0030,0.0025]
	定量:[0.0000,0.0000,0.0000,0.0000]
	同じだ:[0.0013,0.0010,0.0005,0.0009]
	減る:[0.0000,0.0000,0.0000,0.0004]
	対象:[0.0003,0.0001,0.0000,0.0003]
	期待:[0.0001,0.0001,0.0001,0.0002]
	わたる:[0.0001,0.0000,0.0000,0.0000]
	できる:[0.0044,0.0045,0.0022,0.0015]
	症状:[0.0044,0.0018,0.0003,0.0008]
	低下:[0.0002,0.0005,0.0036,0.0072]
	期間:[0.0003,0.0002,0.0005,0.0040]
	もらう:[0.0003,0.0001,0.0000,0.0000]
	乳酸菌:[0.0002,0.0000,0.0000,0.0000]
	患者:[0.0001,0.0000,0.0000,0.0000]
	いう:[0.0059,0.0048,0.0034,0.0042]
	可能だ:[0.0009,0.0006,0.0008,0.0009]
	かかる:[0.0011,0.0002,0.0002,0.0002]
	なる:[0.0107,0.0090,0.0073,0.0068]
	かゆい:[0.0000,0.0000,0.0000,0.0000]
	ビフィズス菌:[0.0001,0.0000,0.0000,0.0000]
	する:[0.0377,0.0379,0.0453,0.0180]
	いる:[0.0124,0.0129,0.0079,0.0099]
	スギ:[0.0001,0.0000,0.0000,0.0000]
	さらに:[0.0005,0.0007,0.0031,0.0007]
	細胞:[0.0003,0.0005,0.0019,0.0000]
	今後:[0.0002,0.0001,0.0074,0.0016]
	加熱:[0.0001,0.0001,0.0000,0.0000]
	注目:[0.0002,0.0000,0.0000,0.0002]
	マウス:[0.0001,0.0001,0.0001,0.0000]
	発見:[0.0001,0.0001,0.0000,0.0000]
	花粉:[0.0004,0.0004,0.0012,0.0000]
	バランス:[0.0003,0.0020,0.0002,0.0054]
	殺菌:[0.0000,0.0000,0.0000,0.0000]
	その:[0.0018,0.0030,0.0033,0.0011]
	以下:[0.0010,0.0024,0.0011,0.0002]
	曝露:[0.0000,0.0000,0.0000,0.0000]
	回数:[0.0002,0.0000,0.0001,0.0001]
	入り:[0.0001,0.0001,0.0000,0.0003]
	結果:[0.0004,0.0004,0.0007,0.0011]
	か月:[0.0000,0.0000,0.0001,0.0000]
	粉末:[0.0001,0.0000,0.0000,0.0000]
	ばくろ:[0.0000,0.0000,0.0000,0.0000]
	フェカリス:[0.0001,0.0000,0.0000,0.0000]
	死滅:[0.0000,0.0000,0.0000,0.0000]
	ようだ:[0.0039,0.0045,0.0062,0.0016]
	飲用:[0.0000,0.0000,0.0000,0.0000]
	もの:[0.0026,0.0031,0.0015,0.0008]
	代表:[0.0003,0.0002,0.0000,0.0000]
	得る:[0.0003,0.0002,0.0002,0.0002]
	ところ:[0.0010,0.0004,0.0003,0.0007]
	摂取:[0.0001,0.0002,0.0000,0.0000]
	活性:[0.0001,0.0001,0.0000,0.0000]
	一定:[0.0001,0.0001,0.0000,0.0001]
	新型:[0.0001,0.0000,0.0000,0.0001]
	立証:[0.0003,0.0002,0.0000,0.0000]
	新しい:[0.0002,0.0002,0.0004,0.0001]
	ます:[0.0228,0.0269,0.0224,0.0150]
	実施:[0.0002,0.0000,0.0000,0.0000]
	また:[0.0013,0.0021,0.0018,0.0011]
	傾向:[0.0004,0.0002,0.0000,0.0114]
	アレルギー:[0.0001,0.0001,0.0007,0.0000]
	濃度:[0.0005,0.0000,0.0000,0.0077]
	人工:[0.0000,0.0000,0.0000,0.0000]
	認める:[0.0004,0.0001,0.0001,0.0000]
	効果:[0.0015,0.0010,0.0000,0.0005]
	週間:[0.0002,0.0000,0.0000,0.0002]
	浴びる:[0.0000,0.0001,0.0000,0.0000]
	高い:[0.0015,0.0007,0.0005,0.0100]
	られる:[0.0026,0.0025,0.0012,0.0015]
	鼻かみ:[0.0000,0.0000,0.0000,0.0000]
	飲む:[0.0002,0.0003,0.0006,0.0001]
	など:[0.0054,0.0053,0.0021,0.0019]
	飲料:[0.0000,0.0000,0.0000,0.0000]
	ある:[0.0113,0.0103,0.0051,0.0037]
	始める:[0.0004,0.0003,0.0001,0.0004]
	飛ぶ:[0.0001,0.0000,0.0001,0.0000]
	おく:[0.0014,0.0010,0.0010,0.0012]
	その後:[0.0002,0.0002,0.0133,0.0001]
	報告:[0.0011,0.0003,0.0000,0.0001]
	状態:[0.0028,0.0009,0.0012,0.0006]
	改善:[0.0003,0.0001,0.0001,0.0000]
	的だ:[0.0049,0.0028,0.0019,0.0013]
	こと:[0.0097,0.0093,0.0086,0.0051]
	物質:[0.0002,0.0001,0.0001,0.0001]
	抑える:[0.0003,0.0003,0.0003,0.0000]
	から:[0.0057,0.0058,0.0057,0.0033]
	原因:[0.0014,0.0009,0.0005,0.0008]
True-Positive

Section:11
	Ｆｌａｇ：：００００
	元気なように見えても、実は身体がだるい状態が続いている．．．．．．そんな悩みを抱えている人は少なくありません。
	そこで、身体のだるさに悩んでいるときのチェックポイントをまとめてみました。
	不調の原因を探ることで、倦怠感に対処していきましょう。
	チェック１．身体や心に過度の負担はありませんか？
	病気でもないのにだるい状態が続くのなら、身体や心に負担がかかっているかもしれません。
	原因となる出来事がなかったかどうか、ここ数日～数週間の生活を振り返ってみましょう。
	特に思い当たるフシがない場合でも、家事や育児、仕事などに追われる毎日を過ごすなかで知らないうちに疲れがたまり、だるさにつながっていることがあります。
	また、心の疲れをそのままにしておくと、うつ病のような心の病気につながる可能性も。
	特に、身体が鉛のように重くてだるいと感じているなら要注意です。
	身体と心に負担を感じたら、なるべく早めに十分な休息と睡眠をとりましょう。
	休息をとったのにまだ倦怠感がある場合は、何らかの病気が隠れている可能性も。
	あまり長く続くようなら、一度病院に相談してみましょう。
	チェック２．栄養は足りていますか？
	忙しいからと、ついつい毎日の食事をおろそかにしていませんか？実は、栄養不足がだるさにつながることもあるようです。
	特に、ビタミンＢ群が不足すると身体が疲れやすくなるので、豚肉や納豆、鶏レバーや牛乳といった食材を積極的に摂取するとよいですね。
Score:0.00112100033102
EACH_TAG_SCORE:
	image:0.000306679632388
	table:0.000368857744915
	graph:0.000187868947932
	flow:0.000257594005789
PARA:
Clueword:
	続く:[0.0004,0.0003,0.0004,0.0013]
	栄養:[0.0000,0.0000,0.0000,0.0000]
	そのまま:[0.0000,0.0002,0.0010,0.0001]
	積極:[0.0001,0.0001,0.0000,0.0000]
	毎日:[0.0001,0.0001,0.0001,0.0000]
	身体:[0.0001,0.0002,0.0002,0.0004]
	しれる:[0.0002,0.0003,0.0000,0.0001]
	抱える:[0.0001,0.0001,0.0000,0.0000]
	病気:[0.0004,0.0001,0.0000,0.0003]
	牛乳:[0.0000,0.0000,0.0000,0.0000]
	めだ:[0.0007,0.0008,0.0006,0.0003]
	そこ:[0.0005,0.0005,0.0006,0.0001]
	負担:[0.0000,0.0000,0.0000,0.0000]
	れる:[0.0087,0.0086,0.0069,0.0045]
	です:[0.0011,0.0009,0.0005,0.0006]
	うち:[0.0001,0.0002,0.0000,0.0006]
	可能だ:[0.0009,0.0006,0.0008,0.0009]
	みる:[0.0011,0.0014,0.0005,0.0011]
	なら:[0.0020,0.0011,0.0003,0.0013]
	かかる:[0.0011,0.0002,0.0002,0.0002]
	なる:[0.0107,0.0090,0.0073,0.0068]
	悩む:[0.0001,0.0009,0.0009,0.0000]
	早い:[0.0000,0.0001,0.0001,0.0003]
	的だ:[0.0049,0.0028,0.0019,0.0013]
	いる:[0.0124,0.0129,0.0079,0.0099]
	疲れる:[0.0000,0.0001,0.0000,0.0000]
	重い:[0.0004,0.0000,0.0000,0.0000]
	忙しい:[0.0000,0.0000,0.0001,0.0001]
	少ない:[0.0006,0.0012,0.0000,0.0014]
	こと:[0.0097,0.0093,0.0086,0.0051]
	食事:[0.0000,0.0001,0.0000,0.0001]
	つながる:[0.0000,0.0001,0.0002,0.0003]
	不足:[0.0000,0.0000,0.0001,0.0001]
	なるべく:[0.0000,0.0000,0.0000,0.0000]
	過ごす:[0.0001,0.0000,0.0000,0.0000]
	ここ:[0.0006,0.0005,0.0004,0.0003]
	まとめる:[0.0001,0.0002,0.0001,0.0002]
	実は:[0.0001,0.0002,0.0000,0.0000]
	ポイント:[0.0025,0.0005,0.0000,0.0014]
	出来事:[0.0000,0.0000,0.0000,0.0001]
	ようだ:[0.0039,0.0045,0.0062,0.0016]
	あまり:[0.0006,0.0002,0.0001,0.0000]
	いく:[0.0011,0.0015,0.0022,0.0005]
	特に:[0.0004,0.0003,0.0002,0.0003]
	だるい:[0.0002,0.0002,0.0000,0.0004]
	いう:[0.0059,0.0048,0.0034,0.0042]
	感じる:[0.0009,0.0010,0.0004,0.0003]
	振り返る:[0.0000,0.0000,0.0000,0.0000]
	する:[0.0377,0.0379,0.0453,0.0180]
	食材:[0.0000,0.0002,0.0000,0.0005]
	摂取:[0.0001,0.0002,0.0000,0.0000]
	足りる:[0.0000,0.0000,0.0000,0.0000]
	場合:[0.0353,0.0044,0.0023,0.0045]
	まだ:[0.0001,0.0001,0.0001,0.0002]
	病院:[0.0000,0.0000,0.0000,0.0000]
	知る:[0.0007,0.0006,0.0002,0.0007]
	ます:[0.0228,0.0269,0.0224,0.0150]
	生活:[0.0003,0.0004,0.0000,0.0001]
	そんな:[0.0002,0.0001,0.0000,0.0005]
	また:[0.0013,0.0021,0.0018,0.0011]
	のだ:[0.0071,0.0068,0.0053,0.0039]
	から:[0.0057,0.0058,0.0057,0.0033]
	十分だ:[0.0002,0.0002,0.0003,0.0001]
	とる:[0.0004,0.0007,0.0005,0.0001]
	見える:[0.0005,0.0007,0.0007,0.0001]
	対処:[0.0005,0.0000,0.0000,0.0004]
	仕事:[0.0003,0.0003,0.0005,0.0003]
	相談:[0.0006,0.0001,0.0001,0.0003]
	元気だ:[0.0000,0.0000,0.0000,0.0000]
	どう:[0.0005,0.0006,0.0004,0.0003]
	睡眠:[0.0001,0.0000,0.0000,0.0001]
	週間:[0.0002,0.0000,0.0000,0.0002]
	育児:[0.0000,0.0000,0.0001,0.0000]
	かも:[0.0003,0.0004,0.0000,0.0001]
	とき:[0.0006,0.0019,0.0029,0.0005]
	隠れる:[0.0000,0.0000,0.0000,0.0001]
	ある:[0.0113,0.0103,0.0051,0.0037]
	倦怠:[0.0002,0.0001,0.0000,0.0004]
	やすい:[0.0028,0.0023,0.0011,0.0006]
	など:[0.0054,0.0053,0.0021,0.0019]
	よい:[0.0014,0.0014,0.0003,0.0004]
	おく:[0.0014,0.0010,0.0010,0.0012]
	ビタミン:[0.0000,0.0000,0.0000,0.0001]
	長い:[0.0005,0.0013,0.0003,0.0022]
	うつ病:[0.0001,0.0001,0.0000,0.0000]
	チェック:[0.0004,0.0004,0.0002,0.0003]
	状態:[0.0028,0.0009,0.0012,0.0006]
	追う:[0.0001,0.0001,0.0000,0.0000]
	でも:[0.0029,0.0018,0.0004,0.0017]
	なか:[0.0001,0.0002,0.0002,0.0000]
	ない:[0.0105,0.0083,0.0076,0.0061]
	原因:[0.0014,0.0009,0.0005,0.0008]
False-Positive

True-Negative:0
False-Positive:8
True-Positive:10
False-Negative:0
precision = 0.555556
recall = 1.000000
fvalue = 0.714286