Section:9
	Ｆｌａｇ：：１０００
	仕事ではコンタクトを着用しているけど、休みの日はメガネで過ごしています。
	という女性に「メガネ萌え」しちゃう男性も！？いつもと違う雰囲気に「特別感」を感じてドキドキしちゃうそうですよ。
Score:0.00297506389764
EACH_TAG_SCORE:
	image:0.000860237860278
	table:0.000816328745822
	graph:0.000498578127929
	flow:0.000799919163609
PARA:
Clueword:
	感じる:[0.0009,0.0010,0.0004,0.0003]
	いう:[0.0059,0.0048,0.0034,0.0042]
	そうだ:[0.0003,0.0008,0.0005,0.0007]
	ます:[0.0228,0.0269,0.0224,0.0150]
	ドキドキ:[0.0000,0.0001,0.0000,0.0000]
	雰囲気:[0.0000,0.0006,0.0001,0.0000]
	萌える:[0.0000,0.0000,0.0000,0.0000]
	仕事:[0.0003,0.0003,0.0005,0.0003]
	女性:[0.0006,0.0006,0.0002,0.0009]
	特別:[0.0000,0.0000,0.0000,0.0000]
	男性:[0.0007,0.0003,0.0000,0.0004]
	する:[0.0377,0.0379,0.0453,0.0180]
	いる:[0.0124,0.0129,0.0079,0.0099]
	コンタクト:[0.0000,0.0000,0.0000,0.0000]
	メガ:[0.0000,0.0000,0.0000,0.0000]
	けど:[0.0003,0.0002,0.0000,0.0000]
	過ごす:[0.0001,0.0000,0.0000,0.0000]
	メガネ:[0.0000,0.0000,0.0000,0.0000]
	着用:[0.0001,0.0001,0.0002,0.0000]
	休む:[0.0000,0.0000,0.0000,0.0003]
	いつも:[0.0000,0.0002,0.0005,0.0000]
	違う:[0.0011,0.0009,0.0003,0.0008]
True-Positive

Section:6
	Ｆｌａｇ：：００００
	「日曜日の公園デート、女性らしくデニムを着こなす人を見ると『いいな～』と思わず見ちゃいます」（３１歳／メーカー勤務）
	女らしく着こなすことがポイントにみたいです！
	３：ゆったりしたニット
Score:0.0027757824255
EACH_TAG_SCORE:
	image:0.000804072280467
	table:0.000767367933284
	graph:0.000433238630914
	flow:0.000771103580838
PARA:
Clueword:
	いい:[0.0008,0.0008,0.0002,0.0005]
	思わず:[0.0000,0.0000,0.0000,0.0000]
	ポイント:[0.0025,0.0005,0.0000,0.0014]
	ます:[0.0228,0.0269,0.0224,0.0150]
	たい:[0.0012,0.0013,0.0014,0.0010]
	です:[0.0011,0.0009,0.0005,0.0006]
	デート:[0.0000,0.0000,0.0000,0.0000]
	みる:[0.0011,0.0014,0.0005,0.0011]
	女性:[0.0006,0.0006,0.0002,0.0009]
	する:[0.0377,0.0379,0.0453,0.0180]
	着る:[0.0005,0.0008,0.0000,0.0001]
	らしい:[0.0003,0.0001,0.0000,0.0001]
	公園:[0.0000,0.0000,0.0000,0.0000]
	ゆう:[0.0000,0.0002,0.0000,0.0000]
	メーカー:[0.0001,0.0001,0.0005,0.0000]
	こなす:[0.0005,0.0005,0.0001,0.0000]
	見る:[0.0008,0.0020,0.0005,0.0013]
	ニット:[0.0000,0.0002,0.0000,0.0000]
	こと:[0.0097,0.0093,0.0086,0.0051]
	デニム:[0.0000,0.0003,0.0000,0.0000]
False-Positive

Section:8
	Ｆｌａｇ：：００００
	「仕事ではきちっとしたスーツなのに、オフの日にゆったりしたニットワンピだったりすると『なんかスキがあって色っぽい』と思っちゃいます」（２８歳／営業）
	ゆったりサイズのニットでスキを出してみるのもアリ？
	４：休み限定、メガネ姿
Score:0.00219216823873
EACH_TAG_SCORE:
	image:0.000638738836532
	table:0.000593622580045
	graph:0.000326844821105
	flow:0.000632962001044
PARA:
Clueword:
	あう:[0.0007,0.0005,0.0002,0.0001]
	スキ:[0.0001,0.0000,0.0000,0.0000]
	ます:[0.0228,0.0269,0.0224,0.0150]
	のだ:[0.0071,0.0068,0.0053,0.0039]
	オフ:[0.0000,0.0001,0.0002,0.0004]
	ワンピ:[0.0000,0.0000,0.0000,0.0000]
	サイズ:[0.0001,0.0007,0.0001,0.0000]
	みる:[0.0011,0.0014,0.0005,0.0011]
	出す:[0.0007,0.0007,0.0006,0.0003]
	仕事:[0.0003,0.0003,0.0005,0.0003]
	する:[0.0377,0.0379,0.0453,0.0180]
	営業:[0.0001,0.0000,0.0000,0.0002]
	スーツ:[0.0005,0.0004,0.0000,0.0000]
	思う:[0.0011,0.0020,0.0027,0.0005]
	ゆう:[0.0000,0.0002,0.0000,0.0000]
	メガネ:[0.0000,0.0000,0.0000,0.0000]
	限定:[0.0006,0.0003,0.0000,0.0001]
	ニット:[0.0000,0.0002,0.0000,0.0000]
	休む:[0.0000,0.0000,0.0000,0.0003]
	ゆったり:[0.0000,0.0001,0.0000,0.0000]
False-Positive

Section:1
	Ｆｌａｇ：：００１０
	あ～、やっと休みだ、さてなにを着ようかな。
	仕事では好みのファッションを楽しめないから、オフの日にオシャレしよう！という女性も多いですよね。
	また服装が自由な職場でも、オフの日はテイストを変えたいという方も。
	そんな休みの日ファッション、男性も「いいな」と思う方が多いみたいです。
	そこで今回は、男性たちが好きなオフの日ファッションをまとめてみました！
Score:0.00196251930853
EACH_TAG_SCORE:
	image:0.000554470881446
	table:0.000547008910027
	graph:0.000343988127378
	flow:0.000517051389678
PARA:
Clueword:
	今回:[0.0001,0.0001,0.0002,0.0004]
	そこ:[0.0005,0.0005,0.0006,0.0001]
	いう:[0.0059,0.0048,0.0034,0.0042]
	いい:[0.0008,0.0008,0.0002,0.0005]
	みたいだ:[0.0002,0.0001,0.0000,0.0002]
	自由だ:[0.0002,0.0000,0.0000,0.0001]
	テイスト:[0.0000,0.0000,0.0000,0.0001]
	服装:[0.0000,0.0004,0.0002,0.0001]
	ます:[0.0228,0.0269,0.0224,0.0150]
	たい:[0.0012,0.0013,0.0014,0.0010]
	そんな:[0.0002,0.0001,0.0000,0.0005]
	また:[0.0013,0.0021,0.0018,0.0011]
	オフ:[0.0000,0.0001,0.0002,0.0004]
	から:[0.0057,0.0058,0.0057,0.0033]
	楽しめる:[0.0000,0.0000,0.0000,0.0001]
	です:[0.0011,0.0009,0.0005,0.0006]
	多い:[0.0030,0.0023,0.0006,0.0031]
	みる:[0.0011,0.0014,0.0005,0.0011]
	仕事:[0.0003,0.0003,0.0005,0.0003]
	女性:[0.0006,0.0006,0.0002,0.0009]
	好み:[0.0000,0.0000,0.0000,0.0001]
	たち:[0.0003,0.0002,0.0000,0.0005]
	男性:[0.0007,0.0003,0.0000,0.0004]
	する:[0.0377,0.0379,0.0453,0.0180]
	着る:[0.0005,0.0008,0.0000,0.0001]
	ファッション:[0.0007,0.0008,0.0000,0.0007]
	思う:[0.0011,0.0020,0.0027,0.0005]
	なに:[0.0000,0.0000,0.0000,0.0001]
	好きだ:[0.0001,0.0002,0.0001,0.0001]
	さて:[0.0000,0.0001,0.0000,0.0001]
	やっと:[0.0000,0.0000,0.0000,0.0001]
	オシャレだ:[0.0000,0.0000,0.0000,0.0001]
	休む:[0.0000,0.0000,0.0000,0.0003]
	職場:[0.0000,0.0000,0.0000,0.0001]
	でも:[0.0029,0.0018,0.0004,0.0017]
	ない:[0.0105,0.0083,0.0076,0.0061]
	変える:[0.0002,0.0002,0.0000,0.0001]
	まとめる:[0.0001,0.0002,0.0001,0.0002]
True-Positive

Section:5
	Ｆｌａｇ：：１０００
	オフの日の公園デート、にうってつけなのが「デニム」ですよね。
	さりげなくキレイ色の小物を取り入れたりして、女性らしさも感じられるカジュアルな着こなしに「いいな」と思う男性も多し！
Score:0.00177750064425
EACH_TAG_SCORE:
	image:0.000505105707
	table:0.000493348855427
	graph:0.000262194883343
	flow:0.000516851198483
PARA:
Clueword:
	うってつけだ:[0.0000,0.0000,0.0000,0.0000]
	感じる:[0.0009,0.0010,0.0004,0.0003]
	多い:[0.0030,0.0023,0.0006,0.0031]
	いい:[0.0008,0.0008,0.0002,0.0005]
	キレイだ:[0.0000,0.0003,0.0000,0.0000]
	小物:[0.0000,0.0000,0.0000,0.0000]
	さりげない:[0.0000,0.0001,0.0000,0.0001]
	オフ:[0.0000,0.0001,0.0002,0.0004]
	デート:[0.0000,0.0000,0.0000,0.0000]
	女性:[0.0006,0.0006,0.0002,0.0009]
	男性:[0.0007,0.0003,0.0000,0.0004]
	する:[0.0377,0.0379,0.0453,0.0180]
	着る:[0.0005,0.0008,0.0000,0.0001]
	られる:[0.0026,0.0025,0.0012,0.0015]
	思う:[0.0011,0.0020,0.0027,0.0005]
	公園:[0.0000,0.0000,0.0000,0.0000]
	らしい:[0.0003,0.0001,0.0000,0.0001]
	こなす:[0.0005,0.0005,0.0001,0.0000]
	デニム:[0.0000,0.0003,0.0000,0.0000]
	カジュアルだ:[0.0001,0.0002,0.0000,0.0000]
	取り入れる:[0.0001,0.0002,0.0002,0.0000]
True-Positive

Section:7
	Ｆｌａｇ：：１０００
	オフの日だから楽チンに。
	とゆったりしたニットやニットワンピをさらっと着ておでかけ。
	そんな姿も「ちょっとゆるくてカワイイ」と人気みたいです！仕事ではカチッとしたファッションなのに、休日はゆったりのギャップにやられちゃうという声も。
Score:0.00168753471914
EACH_TAG_SCORE:
	image:0.000472018979055
	table:0.000473404746652
	graph:0.000257672143417
	flow:0.00048443885002
PARA:
Clueword:
	やられる:[0.0000,0.0000,0.0000,0.0000]
	ちょっと:[0.0002,0.0001,0.0000,0.0003]
	いう:[0.0059,0.0048,0.0034,0.0042]
	楽チン:[0.0000,0.0000,0.0000,0.0000]
	っと:[0.0001,0.0001,0.0001,0.0000]
	休日:[0.0000,0.0000,0.0000,0.0001]
	ファッション:[0.0007,0.0008,0.0000,0.0007]
	そんな:[0.0002,0.0001,0.0000,0.0005]
	のだ:[0.0071,0.0068,0.0053,0.0039]
	オフ:[0.0000,0.0001,0.0002,0.0004]
	から:[0.0057,0.0058,0.0057,0.0033]
	ワンピ:[0.0000,0.0000,0.0000,0.0000]
	おでかけ:[0.0000,0.0000,0.0000,0.0000]
	仕事:[0.0003,0.0003,0.0005,0.0003]
	人気:[0.0005,0.0004,0.0001,0.0001]
	カチッ:[0.0000,0.0000,0.0000,0.0000]
	さらだ:[0.0001,0.0000,0.0000,0.0000]
	する:[0.0377,0.0379,0.0453,0.0180]
	着る:[0.0005,0.0008,0.0000,0.0001]
	ゆるい:[0.0000,0.0000,0.0000,0.0000]
	ゆう:[0.0000,0.0002,0.0000,0.0000]
	みたいだ:[0.0002,0.0001,0.0000,0.0002]
	ニット:[0.0000,0.0002,0.0000,0.0000]
	ギャップ:[0.0000,0.0001,0.0000,0.0000]
	カワイイ:[0.0000,0.0000,0.0000,0.0000]
True-Positive

Section:3
	Ｆｌａｇ：：１０００
	仕事ではパンツが多い女性が、オフの日にふわっとしたスカートを履いていたり、ワンピースを着用している姿に「キュン」としちゃう男性って多いみたいです！色合いも女性らしいやわらかいピンク、水色、花柄。
	仕事の服装とのギャップにドキドキしちゃうという声も。
Score:0.00166383389585
EACH_TAG_SCORE:
	image:0.000480069018655
	table:0.000462995179643
	graph:0.000282920243937
	flow:0.000437849453618
PARA:
Clueword:
	っと:[0.0001,0.0001,0.0001,0.0000]
	パンツ:[0.0000,0.0002,0.0000,0.0000]
	多い:[0.0030,0.0023,0.0006,0.0031]
	花柄:[0.0000,0.0004,0.0000,0.0000]
	キュン:[0.0000,0.0000,0.0000,0.0000]
	やわらかい:[0.0001,0.0001,0.0000,0.0000]
	履く:[0.0000,0.0000,0.0000,0.0000]
	ドキドキ:[0.0000,0.0001,0.0000,0.0000]
	オフ:[0.0000,0.0001,0.0002,0.0004]
	いう:[0.0059,0.0048,0.0034,0.0042]
	仕事:[0.0003,0.0003,0.0005,0.0003]
	女性:[0.0006,0.0006,0.0002,0.0009]
	男性:[0.0007,0.0003,0.0000,0.0004]
	ピンク:[0.0001,0.0016,0.0000,0.0000]
	する:[0.0377,0.0379,0.0453,0.0180]
	いる:[0.0124,0.0129,0.0079,0.0099]
	って:[0.0005,0.0004,0.0000,0.0003]
	スカート:[0.0000,0.0000,0.0000,0.0000]
	ふわだ:[0.0000,0.0001,0.0001,0.0000]
	服装:[0.0000,0.0004,0.0002,0.0001]
	色合い:[0.0000,0.0008,0.0000,0.0000]
	ワンピース:[0.0000,0.0000,0.0000,0.0000]
	らしい:[0.0003,0.0001,0.0000,0.0001]
	みたいだ:[0.0002,0.0001,0.0000,0.0002]
	水色:[0.0000,0.0004,0.0000,0.0000]
	ギャップ:[0.0000,0.0001,0.0000,0.0000]
	着用:[0.0001,0.0001,0.0002,0.0000]
True-Positive

Section:4
	Ｆｌａｇ：：００００
	「仕事帰りに会うときは、黒、ネイビー、グレーと暗い色が多い彼女ですが、休みの日に会うとかわいらしいふんわりスカート、女性らしい色のアイテムだったりして。そういうのにグッときます」（２９歳／会社員）
	仕事ではちょっと．．．．．．な女子系ファッションでギャップを出すと好感度上がりそう。
	２：デニムでカジュアルファッション
Score:0.00156829111781
EACH_TAG_SCORE:
	image:0.000462993992433
	table:0.000418696283377
	graph:0.000245720499882
	flow:0.000440880342113
PARA:
Clueword:
	ちょっと:[0.0002,0.0001,0.0000,0.0003]
	多い:[0.0030,0.0023,0.0006,0.0031]
	グレー:[0.0006,0.0011,0.0000,0.0000]
	そうだ:[0.0003,0.0008,0.0005,0.0007]
	ます:[0.0228,0.0269,0.0224,0.0150]
	そういう:[0.0000,0.0000,0.0000,0.0000]
	きる:[0.0006,0.0002,0.0001,0.0001]
	出す:[0.0007,0.0007,0.0006,0.0003]
	ネイビー:[0.0005,0.0009,0.0000,0.0000]
	女性:[0.0006,0.0006,0.0002,0.0009]
	カジュアルだ:[0.0001,0.0002,0.0000,0.0000]
	会社:[0.0013,0.0008,0.0013,0.0008]
	する:[0.0377,0.0379,0.0453,0.0180]
	暗い:[0.0003,0.0015,0.0000,0.0001]
	仕事:[0.0003,0.0003,0.0005,0.0003]
	女子:[0.0002,0.0001,0.0000,0.0000]
	ファッション:[0.0007,0.0008,0.0000,0.0007]
	かわいらしい:[0.0001,0.0000,0.0000,0.0000]
	グッと:[0.0000,0.0000,0.0000,0.0000]
	黒:[0.0000,0.0007,0.0000,0.0000]
	らしい:[0.0003,0.0001,0.0000,0.0001]
	アイテム:[0.0001,0.0002,0.0000,0.0000]
	休む:[0.0000,0.0000,0.0000,0.0003]
	とき:[0.0006,0.0019,0.0029,0.0005]
	スカート:[0.0000,0.0000,0.0000,0.0000]
	デニム:[0.0000,0.0003,0.0000,0.0000]
	ギャップ:[0.0000,0.0001,0.0000,0.0000]
	上がる:[0.0002,0.0002,0.0006,0.0005]
False-Positive

Section:10
	Ｆｌａｇ：：００００
	「オンの日はコンタクトをしている妻ですが、休みの日はメガネをかけていて、なんか特別感があってドキドキしますね」（３３歳／ＩＴ関連）
	逆に、いつもメガネなのに休みはコンタクトでも効果あるそうです！
	５：飾らない部屋着
	家の中限定ですが、部屋着姿が好きという声もありました！外ではオシャレにしているのに、部屋のなかではゆったりした部屋着のギャップがカワイイと密かに思う男性も。
	自分だけが知っている姿だから好きという声も！
	「彼女の家に遊びに行ったとき、いつもはおしゃれにしているのに、ラフな部屋着で『ちょっと恥ずかしい』と迎えてくれてキュンとした」（３０歳／不動産関連）
	かわいい部屋着、用意しておかなければ！？
	お休みの日ファッションは、普段着とのギャップも大事みたいですね。
	いつもダークカラーの方は、女性らしいピンク、水色などのほんわかカラーを取り入れたり、カジュアルなのに女性らしいファッションをしたり。
	いつもとはひと味違う姿に彼もドキッとしちゃうはずですよ！
Score:0.00109094060065
EACH_TAG_SCORE:
	image:0.000321769578071
	table:0.000315805028196
	graph:0.000180251876542
	flow:0.000273114117845
PARA:
Clueword:
	あう:[0.0007,0.0005,0.0002,0.0001]
	カラー:[0.0000,0.0001,0.0001,0.0000]
	特別:[0.0000,0.0000,0.0000,0.0000]
	おく:[0.0014,0.0010,0.0010,0.0012]
	キュン:[0.0000,0.0000,0.0000,0.0000]
	のだ:[0.0071,0.0068,0.0053,0.0039]
	ひと:[0.0003,0.0008,0.0013,0.0004]
	はずだ:[0.0003,0.0003,0.0000,0.0001]
	遊ぶ:[0.0001,0.0000,0.0000,0.0000]
	いう:[0.0059,0.0048,0.0034,0.0042]
	不動産:[0.0005,0.0006,0.0014,0.0000]
	カジュアルだ:[0.0001,0.0002,0.0000,0.0000]
	恥ずかしい:[0.0000,0.0000,0.0000,0.0000]
	する:[0.0377,0.0379,0.0453,0.0180]
	いる:[0.0124,0.0129,0.0079,0.0099]
	関連:[0.0000,0.0000,0.0000,0.0003]
	コンタクト:[0.0000,0.0000,0.0000,0.0000]
	思う:[0.0011,0.0020,0.0027,0.0005]
	ゆう:[0.0000,0.0002,0.0000,0.0000]
	大事だ:[0.0001,0.0001,0.0000,0.0000]
	自分:[0.0013,0.0009,0.0012,0.0008]
	らしい:[0.0003,0.0001,0.0000,0.0001]
	違う:[0.0011,0.0009,0.0003,0.0008]
	限定:[0.0006,0.0003,0.0000,0.0001]
	だけ:[0.0014,0.0013,0.0014,0.0007]
	効果:[0.0015,0.0010,0.0000,0.0005]
	おしゃれだ:[0.0002,0.0002,0.0001,0.0000]
	いつも:[0.0000,0.0002,0.0005,0.0000]
	水色:[0.0000,0.0004,0.0000,0.0000]
	取り入れる:[0.0001,0.0002,0.0002,0.0000]
	ピンク:[0.0001,0.0016,0.0000,0.0000]
	好きだ:[0.0001,0.0002,0.0001,0.0001]
	そうだ:[0.0003,0.0008,0.0005,0.0007]
	迎える:[0.0003,0.0002,0.0000,0.0005]
	ダーク:[0.0001,0.0002,0.0000,0.0001]
	ます:[0.0228,0.0269,0.0224,0.0150]
	休む:[0.0000,0.0000,0.0000,0.0003]
	ドキドキ:[0.0000,0.0001,0.0000,0.0000]
	行く:[0.0006,0.0004,0.0002,0.0002]
	カワイイ:[0.0000,0.0000,0.0000,0.0000]
	くれる:[0.0004,0.0006,0.0000,0.0000]
	とき:[0.0006,0.0019,0.0029,0.0005]
	女性:[0.0006,0.0006,0.0002,0.0009]
	用意:[0.0002,0.0000,0.0000,0.0000]
	男性:[0.0007,0.0003,0.0000,0.0004]
	ちょっと:[0.0002,0.0001,0.0000,0.0003]
	みたいだ:[0.0002,0.0001,0.0000,0.0002]
	ファッション:[0.0007,0.0008,0.0000,0.0007]
	ある:[0.0113,0.0103,0.0051,0.0037]
	など:[0.0054,0.0053,0.0021,0.0019]
	かける:[0.0005,0.0008,0.0007,0.0003]
	メガネ:[0.0000,0.0000,0.0000,0.0000]
	知る:[0.0007,0.0006,0.0002,0.0007]
	オシャレだ:[0.0000,0.0000,0.0000,0.0001]
	かわいい:[0.0001,0.0000,0.0000,0.0000]
	逆だ:[0.0006,0.0003,0.0001,0.0003]
	部屋:[0.0000,0.0001,0.0000,0.0000]
	でも:[0.0029,0.0018,0.0004,0.0017]
	なか:[0.0001,0.0002,0.0002,0.0000]
	ない:[0.0105,0.0083,0.0076,0.0061]
	ギャップ:[0.0000,0.0001,0.0000,0.0000]
	から:[0.0057,0.0058,0.0057,0.0033]
False-Positive

Section:2
	Ｆｌａｇ：：００００
	男性が好きな「女子の休みの日ファッション」５選
	１：ふわふわかわいいファッション
Score:9.74847173733e-05
EACH_TAG_SCORE:
	image:2.85581021556e-05
	table:3.54180137778e-05
	graph:3.09850695045e-05
	flow:2.52353193529e-06
PARA:
Clueword:
	男性:[0.0007,0.0003,0.0000,0.0004]
	ファッション:[0.0007,0.0008,0.0000,0.0007]
	かわいい:[0.0001,0.0000,0.0000,0.0000]
	女子:[0.0002,0.0001,0.0000,0.0000]
	休む:[0.0000,0.0000,0.0000,0.0003]
	好きだ:[0.0001,0.0002,0.0001,0.0001]
True-Negative

True-Negative:1
False-Positive:4
True-Positive:5
False-Negative:0
precision = 0.555556
recall = 1.000000
fvalue = 0.714286