Section:16
	Ｆｌａｇ：：１０００
	始値、高値、安値、終値といった株価の動向を示す４本の値段を１本の線で表しているもののことです。
	形がローソクに似ているためこう呼ばれています。
	目先の相場展開を予想したり、相場の強弱を見るものとして使われています。
	ローソク足はチャート（値動きのグラフ）を書く場合に用いられ、相場の方向性（トレンド）を視覚的に読み取ることができます。
Score:0.00292331215784
EACH_TAG_SCORE:
	image:0.000761650010004
	table:0.000926822989435
	graph:0.00059371727271
	flow:0.000641121885688
PARA:
Clueword:
	呼ぶ:[0.0011,0.0007,0.0003,0.0000]
	場合:[0.0353,0.0044,0.0023,0.0045]
	始値:[0.0000,0.0001,0.0000,0.0040]
	いう:[0.0059,0.0048,0.0034,0.0042]
	取る:[0.0009,0.0006,0.0001,0.0003]
	書く:[0.0018,0.0008,0.0006,0.0001]
	目先:[0.0000,0.0000,0.0000,0.0000]
	動く:[0.0004,0.0008,0.0009,0.0004]
	読む:[0.0003,0.0005,0.0000,0.0000]
	できる:[0.0044,0.0045,0.0022,0.0015]
	ます:[0.0228,0.0269,0.0224,0.0150]
	値段:[0.0003,0.0000,0.0000,0.0006]
	動向:[0.0001,0.0001,0.0000,0.0045]
	れる:[0.0087,0.0086,0.0069,0.0045]
	高値:[0.0002,0.0001,0.0000,0.0048]
	相場:[0.0011,0.0003,0.0003,0.0015]
	展開:[0.0000,0.0000,0.0000,0.0000]
	用いる:[0.0003,0.0002,0.0000,0.0000]
	似る:[0.0002,0.0004,0.0000,0.0001]
	トレンド:[0.0006,0.0002,0.0000,0.0017]
	する:[0.0377,0.0379,0.0453,0.0180]
	いる:[0.0124,0.0129,0.0079,0.0099]
	られる:[0.0026,0.0025,0.0012,0.0015]
	グラフ:[0.0000,0.0000,0.0000,0.0000]
	強弱:[0.0000,0.0000,0.0000,0.0000]
	使う:[0.0028,0.0024,0.0010,0.0006]
	チャート:[0.0000,0.0000,0.0000,0.0000]
	視覚:[0.0000,0.0000,0.0000,0.0000]
	株価:[0.0005,0.0009,0.0004,0.0050]
	ため:[0.0030,0.0032,0.0027,0.0024]
	安値:[0.0002,0.0001,0.0000,0.0048]
	終値:[0.0000,0.0002,0.0000,0.0040]
	表す:[0.0001,0.0002,0.0000,0.0000]
	見る:[0.0008,0.0020,0.0005,0.0013]
	もの:[0.0026,0.0031,0.0015,0.0008]
	的だ:[0.0049,0.0028,0.0019,0.0013]
	ローソク:[0.0000,0.0001,0.0000,0.0000]
	こと:[0.0097,0.0093,0.0086,0.0051]
	示す:[0.0003,0.0009,0.0005,0.0001]
	予想:[0.0000,0.0004,0.0013,0.0011]
	方向:[0.0000,0.0003,0.0001,0.0000]
	こう:[0.0001,0.0002,0.0000,0.0002]
True-Positive

Section:11
	Ｆｌａｇ：：１０００
	銘柄名は業種ごと、証券コード（各企業ごとに割り振られた４ケタの番号です）ごとに並んでいます。
	名称は略語が使われます。
	典型的な例は、
	ＨＤ＝ホールディングス
	紙＝製紙
	洋＝東洋
	東＝東京
	日＝日本
	建＝建設
	です。
Score:0.00282200219135
EACH_TAG_SCORE:
	image:0.000810053849853
	table:0.000797850170443
	graph:0.000458686231575
	flow:0.000755411939474
PARA:
Clueword:
	並ぶ:[0.0001,0.0004,0.0002,0.0000]
	建設:[0.0002,0.0001,0.0000,0.0007]
	銘柄:[0.0001,0.0001,0.0000,0.0000]
	名称:[0.0002,0.0001,0.0002,0.0000]
	ごと:[0.0002,0.0004,0.0001,0.0000]
	東洋:[0.0000,0.0000,0.0000,0.0000]
	ます:[0.0228,0.0269,0.0224,0.0150]
	業種:[0.0006,0.0000,0.0000,0.0000]
	製紙:[0.0000,0.0000,0.0000,0.0000]
	れる:[0.0087,0.0086,0.0069,0.0045]
	ケタ:[0.0000,0.0000,0.0000,0.0001]
	日本:[0.0009,0.0006,0.0009,0.0017]
	する:[0.0377,0.0379,0.0453,0.0180]
	いる:[0.0124,0.0129,0.0079,0.0099]
	典型:[0.0001,0.0001,0.0000,0.0000]
	番号:[0.0001,0.0001,0.0002,0.0000]
	企業:[0.0005,0.0001,0.0011,0.0002]
	証券:[0.0003,0.0002,0.0000,0.0004]
	東京:[0.0001,0.0007,0.0002,0.0011]
	コード:[0.0006,0.0001,0.0001,0.0000]
	的だ:[0.0049,0.0028,0.0019,0.0013]
	略語:[0.0000,0.0000,0.0000,0.0000]
	ホールディングス:[0.0000,0.0000,0.0000,0.0000]
	使う:[0.0028,0.0024,0.0010,0.0006]
	割り振る:[0.0000,0.0000,0.0000,0.0000]
True-Positive

Section:5
	Ｆｌａｇ：：１０００
	１つ目は、ある企業の株価を過去と比べる場合です。
	例えば「良品計画の株価は３年前に比べて今は３倍になった＝高くなった」という意味です。
	２つ目は、２つの企業の株価を比較する場合です。
	実例を見てみましょう。
	良品計画の株価が２５０００円、ニトリが１００００円とします。
	この時、「良品計画はニトリより株価が高い」と言えます。
Score:0.00259880137902
EACH_TAG_SCORE:
	image:0.000654073198353
	table:0.000850101779513
	graph:0.00051203948722
	flow:0.000582586913938
PARA:
Clueword:
	ます:[0.0228,0.0269,0.0224,0.0150]
	いう:[0.0059,0.0048,0.0034,0.0042]
	実例:[0.0000,0.0000,0.0001,0.0000]
	場合:[0.0353,0.0044,0.0023,0.0045]
	より:[0.0021,0.0013,0.0003,0.0013]
	計画:[0.0002,0.0001,0.0046,0.0004]
	意味:[0.0004,0.0005,0.0001,0.0001]
	企業:[0.0005,0.0001,0.0011,0.0002]
	みる:[0.0011,0.0014,0.0005,0.0011]
	なる:[0.0107,0.0090,0.0073,0.0068]
	する:[0.0377,0.0379,0.0453,0.0180]
	比べる:[0.0012,0.0003,0.0000,0.0016]
	例えば:[0.0008,0.0052,0.0003,0.0003]
	高い:[0.0015,0.0007,0.0005,0.0100]
	ある:[0.0113,0.0103,0.0051,0.0037]
	言える:[0.0002,0.0002,0.0000,0.0003]
	過去:[0.0002,0.0001,0.0017,0.0009]
	良品:[0.0000,0.0001,0.0000,0.0000]
	株価:[0.0005,0.0009,0.0004,0.0050]
	見る:[0.0008,0.0020,0.0005,0.0013]
	ニトリ:[0.0000,0.0001,0.0000,0.0000]
	比較:[0.0082,0.0011,0.0003,0.0104]
	この:[0.0023,0.0031,0.0023,0.0014]
True-Positive

Section:7
	Ｆｌａｇ：：００１０
	具体例で見ておきましょう。
	トヨタの株価が７５００円、スズキの株価が４０００円とします。
	株価収益率はトヨタが１０倍、スズキが１７倍になっています。
	トヨタの株価はトヨタ１年分の１株純利益の１０年分、スズキは１７年分ですので、スズキのほうが投資家の人気・期待が高く割高と言えます。
Score:0.00247790569851
EACH_TAG_SCORE:
	image:0.000673184083248
	table:0.00065260194526
	graph:0.000534673286813
	flow:0.000617446383191
PARA:
Clueword:
	おく:[0.0014,0.0010,0.0010,0.0012]
	期待:[0.0001,0.0001,0.0001,0.0002]
	スズキ:[0.0000,0.0000,0.0000,0.0005]
	ます:[0.0228,0.0269,0.0224,0.0150]
	収益:[0.0000,0.0001,0.0001,0.0002]
	トヨタ:[0.0000,0.0000,0.0000,0.0005]
	なる:[0.0107,0.0090,0.0073,0.0068]
	投資:[0.0003,0.0004,0.0003,0.0012]
	人気:[0.0005,0.0004,0.0001,0.0001]
	する:[0.0377,0.0379,0.0453,0.0180]
	いる:[0.0124,0.0129,0.0079,0.0099]
	高い:[0.0015,0.0007,0.0005,0.0100]
	言える:[0.0002,0.0002,0.0000,0.0003]
	割高だ:[0.0000,0.0001,0.0000,0.0001]
	株価:[0.0005,0.0009,0.0004,0.0050]
	見る:[0.0008,0.0020,0.0005,0.0013]
	のだ:[0.0071,0.0068,0.0053,0.0039]
	利益:[0.0000,0.0002,0.0001,0.0044]
	具体:[0.0001,0.0000,0.0000,0.0001]
	ほう:[0.0006,0.0001,0.0000,0.0001]
True-Positive

Section:4
	Ｆｌａｇ：：００００
	２「株価の高低」と「株式時価総額の大小」の違い
	株価の高低とは
	私たちが「株価が高い」というとき、主に２つの意味があります。
Score:0.00233605389352
EACH_TAG_SCORE:
	image:0.000653616923583
	table:0.000619033250102
	graph:0.00058159212719
	flow:0.000481811592646
PARA:
Clueword:
	主だ:[0.0005,0.0004,0.0000,0.0000]
	いう:[0.0059,0.0048,0.0034,0.0042]
	高低:[0.0000,0.0001,0.0000,0.0000]
	意味:[0.0004,0.0005,0.0001,0.0001]
	ます:[0.0228,0.0269,0.0224,0.0150]
	大小:[0.0000,0.0000,0.0000,0.0013]
	たち:[0.0003,0.0002,0.0000,0.0005]
	高い:[0.0015,0.0007,0.0005,0.0100]
	ある:[0.0113,0.0103,0.0051,0.0037]
	株価:[0.0005,0.0009,0.0004,0.0050]
	総額:[0.0001,0.0000,0.0001,0.0009]
	時価:[0.0000,0.0000,0.0000,0.0000]
	株式:[0.0002,0.0002,0.0000,0.0004]
	とき:[0.0006,0.0019,0.0029,0.0005]
	違う:[0.0011,0.0009,0.0003,0.0008]
False-Positive

Section:3
	Ｆｌａｇ：：１０００
	株価とは、一株当たりの価格のことです。
	市場で売り手と買い手が取引のたびに合意した価格です。
	株価はその企業の現在から将来にわたる見通しを反映しています。
	その見通しは投資家の間で刻々と変化していきますので、株価もこれに連動して常に変動します。
	ここが株価の見方を難しくしているのですが、原理はリンゴ１個、ミカン１個の価格と同じです。
Score:0.00230756352431
EACH_TAG_SCORE:
	image:0.000650433553011
	table:0.000607054468427
	graph:0.000405229031904
	flow:0.000644846470971
PARA:
Clueword:
	反映:[0.0001,0.0001,0.0000,0.0001]
	いく:[0.0011,0.0015,0.0022,0.0005]
	たび:[0.0000,0.0000,0.0000,0.0001]
	同じだ:[0.0013,0.0010,0.0005,0.0009]
	変動:[0.0001,0.0001,0.0001,0.0020]
	合意:[0.0000,0.0000,0.0000,0.0000]
	見通す:[0.0001,0.0001,0.0003,0.0003]
	原理:[0.0000,0.0000,0.0000,0.0000]
	価格:[0.0005,0.0003,0.0005,0.0006]
	わたる:[0.0001,0.0000,0.0000,0.0000]
	ます:[0.0228,0.0269,0.0224,0.0150]
	のだ:[0.0071,0.0068,0.0053,0.0039]
	から:[0.0057,0.0058,0.0057,0.0033]
	企業:[0.0005,0.0001,0.0011,0.0002]
	リンゴ:[0.0000,0.0000,0.0000,0.0002]
	市場:[0.0001,0.0001,0.0006,0.0000]
	これ:[0.0015,0.0020,0.0024,0.0011]
	投資:[0.0003,0.0004,0.0003,0.0012]
	その:[0.0018,0.0030,0.0033,0.0011]
	常に:[0.0002,0.0001,0.0000,0.0001]
	する:[0.0377,0.0379,0.0453,0.0180]
	いる:[0.0124,0.0129,0.0079,0.0099]
	変化:[0.0003,0.0005,0.0003,0.0000]
	現在:[0.0004,0.0003,0.0014,0.0003]
	こと:[0.0097,0.0093,0.0086,0.0051]
	見方:[0.0000,0.0013,0.0024,0.0001]
	売り手:[0.0001,0.0000,0.0001,0.0000]
	株価:[0.0005,0.0009,0.0004,0.0050]
	当たり:[0.0000,0.0000,0.0000,0.0000]
	ここ:[0.0006,0.0005,0.0004,0.0003]
	買い手:[0.0002,0.0001,0.0004,0.0002]
	ミカン:[0.0000,0.0000,0.0000,0.0000]
	将来:[0.0000,0.0001,0.0001,0.0001]
	刻々:[0.0000,0.0000,0.0000,0.0000]
	難しい:[0.0003,0.0005,0.0001,0.0002]
	連動:[0.0000,0.0000,0.0000,0.0002]
	取引:[0.0001,0.0003,0.0003,0.0005]
True-Positive

Section:19
	Ｆｌａｇ：：００００
	１ヶ月ごとの相場の動きを表しています。
	チャートの見方～トレンド（方向性）の見方～
	トレンドの基本パターン
Score:0.00229537993324
EACH_TAG_SCORE:
	image:0.000686802307476
	table:0.000612309839656
	graph:0.000454381523876
	flow:0.000541886262229
PARA:
Clueword:
	トレンド:[0.0006,0.0002,0.0000,0.0017]
	基本:[0.0010,0.0004,0.0001,0.0003]
	いる:[0.0124,0.0129,0.0079,0.0099]
	ごと:[0.0002,0.0004,0.0001,0.0000]
	チャート:[0.0000,0.0000,0.0000,0.0000]
	見方:[0.0000,0.0013,0.0024,0.0001]
	相場:[0.0011,0.0003,0.0003,0.0015]
	ます:[0.0228,0.0269,0.0224,0.0150]
	表す:[0.0001,0.0002,0.0000,0.0000]
	ヶ月:[0.0001,0.0000,0.0001,0.0000]
	動く:[0.0004,0.0008,0.0009,0.0004]
	方向:[0.0000,0.0003,0.0001,0.0000]
	パターン:[0.0005,0.0002,0.0004,0.0001]
False-Positive

Section:12
	Ｆｌａｇ：：１０００
	始値：その日最初にいくらで株価の値がついたかを示します。
	高値：その日一番高くついた株価を示します。
	安値：その日一番安くついた株価を示します。
	終値：その日最後についた株価を示します。
	前日比：当日の終値が前日の終値から何円増減したのか示します。
	△は上昇、▲は下落、「０」は変わらずに終えたこと、「－」は売買が成立しなかったことを示します。
	売買高：１０００株単位で表記されますが、売買単位が１株、１０株、５０株の銘柄は１株単位で表記されています。
Score:0.00207866661935
EACH_TAG_SCORE:
	image:0.000541682744522
	table:0.000527828156573
	graph:0.000500664620062
	flow:0.000508491098194
PARA:
Clueword:
	始値:[0.0000,0.0001,0.0000,0.0040]
	銘柄:[0.0001,0.0001,0.0000,0.0000]
	増減:[0.0000,0.0000,0.0000,0.0000]
	安い:[0.0006,0.0001,0.0000,0.0003]
	ます:[0.0228,0.0269,0.0224,0.0150]
	終える:[0.0000,0.0001,0.0001,0.0000]
	上昇:[0.0004,0.0001,0.0013,0.0114]
	のだ:[0.0071,0.0068,0.0053,0.0039]
	から:[0.0057,0.0058,0.0057,0.0033]
	れる:[0.0087,0.0086,0.0069,0.0045]
	高値:[0.0002,0.0001,0.0000,0.0048]
	下落:[0.0003,0.0000,0.0000,0.0042]
	変わる:[0.0005,0.0003,0.0003,0.0005]
	その:[0.0018,0.0030,0.0033,0.0011]
	前日:[0.0000,0.0001,0.0000,0.0000]
	する:[0.0377,0.0379,0.0453,0.0180]
	いくら:[0.0000,0.0001,0.0000,0.0000]
	いる:[0.0124,0.0129,0.0079,0.0099]
	最後だ:[0.0001,0.0004,0.0009,0.0000]
	高い:[0.0015,0.0007,0.0005,0.0100]
	こと:[0.0097,0.0093,0.0086,0.0051]
	株価:[0.0005,0.0009,0.0004,0.0050]
	当日:[0.0000,0.0000,0.0000,0.0000]
	単位:[0.0002,0.0004,0.0000,0.0000]
	終値:[0.0000,0.0002,0.0000,0.0040]
	つく:[0.0013,0.0015,0.0009,0.0004]
	売買:[0.0006,0.0010,0.0018,0.0004]
	一番:[0.0010,0.0002,0.0000,0.0013]
	表記:[0.0001,0.0008,0.0000,0.0000]
	最初だ:[0.0000,0.0003,0.0003,0.0000]
	示す:[0.0003,0.0009,0.0005,0.0001]
	ない:[0.0105,0.0083,0.0076,0.0061]
	成立:[0.0001,0.0001,0.0001,0.0000]
	安値:[0.0002,0.0001,0.0000,0.0048]
True-Positive

Section:10
	Ｆｌａｇ：：００００
	日々の株価情報欄は株式投資をする方には必見です。
	ここでは必ず押さえておくべき点を解説します。
	銘柄：
	銘柄名が無印の場合以外に、Ａ、ａ、・などの記号があります。
	これは売買単位（取引において何株をまとめて売買するのか）を示します。
	無印とｋは１０００株、Ａとａは１００株、Ｂは１株、Ｃは１０株、Ｄは５０株、Ｅは５００株などとなっています。
	また・は貸借銘柄（たいしゃくめいがら）を示します。
	貸借銘柄とは制度信用取引で空売りが可能な銘柄のことですが、株を始めて間もない方がすぐに知っておく必要のある内容ではありません。
Score:0.00204773924849
EACH_TAG_SCORE:
	image:0.000556121694592
	table:0.000673049318509
	graph:0.000338161811479
	flow:0.000480406423913
PARA:
Clueword:
	銘柄:[0.0001,0.0001,0.0000,0.0000]
	おく:[0.0014,0.0010,0.0010,0.0012]
	取引:[0.0001,0.0003,0.0003,0.0005]
	空売り:[0.0000,0.0000,0.0000,0.0000]
	信用:[0.0000,0.0001,0.0000,0.0002]
	なる:[0.0107,0.0090,0.0073,0.0068]
	情報:[0.0007,0.0001,0.0002,0.0000]
	する:[0.0377,0.0379,0.0453,0.0180]
	いる:[0.0124,0.0129,0.0079,0.0099]
	単位:[0.0002,0.0004,0.0000,0.0000]
	必要だ:[0.0023,0.0013,0.0019,0.0006]
	こと:[0.0097,0.0093,0.0086,0.0051]
	必ず:[0.0002,0.0003,0.0003,0.0002]
	株価:[0.0005,0.0009,0.0004,0.0050]
	知る:[0.0007,0.0006,0.0002,0.0007]
	日々:[0.0001,0.0000,0.0000,0.0000]
	まとめる:[0.0001,0.0002,0.0001,0.0002]
	ここ:[0.0006,0.0005,0.0004,0.0003]
	示す:[0.0003,0.0009,0.0005,0.0001]
	以外:[0.0017,0.0016,0.0001,0.0001]
	べし:[0.0001,0.0003,0.0000,0.0001]
	場合:[0.0353,0.0044,0.0023,0.0045]
	すぐ:[0.0003,0.0004,0.0005,0.0002]
	ます:[0.0228,0.0269,0.0224,0.0150]
	制度:[0.0002,0.0000,0.0000,0.0000]
	また:[0.0013,0.0021,0.0018,0.0011]
	のだ:[0.0071,0.0068,0.0053,0.0039]
	解説:[0.0000,0.0005,0.0001,0.0000]
	可能だ:[0.0009,0.0006,0.0008,0.0009]
	これ:[0.0015,0.0020,0.0024,0.0011]
	投資:[0.0003,0.0004,0.0003,0.0012]
	押さえる:[0.0000,0.0001,0.0003,0.0000]
	ある:[0.0113,0.0103,0.0051,0.0037]
	など:[0.0054,0.0053,0.0021,0.0019]
	売買:[0.0006,0.0010,0.0018,0.0004]
	始める:[0.0004,0.0003,0.0001,0.0004]
	株式:[0.0002,0.0002,0.0000,0.0004]
	内容:[0.0013,0.0007,0.0006,0.0001]
	ない:[0.0105,0.0083,0.0076,0.0061]
False-Positive

Section:17
	Ｆｌａｇ：：００００
	ローソク足が表すこと
	ローソク足が理解できれば、見るだけで、その日の株価の値動きを把握することができます。
	下図は代表的なローソク足を紹介した図です。
	足の長さや、実体（本体）の色、大きさで呼び名も、線の性質も違うことが分かります。
	＜基礎編＞
	＜応用編＞
	※代表的なローソク足を紹介していますが、この見方が絶対的に正しいというものではありません。
	これらの線は安値圏で出るか、中値で出るか、高値圏で出るかによって大きく意味は異なってきます。
	過去の値動きを基に統計的に、そうなりやすいという一つの考え方としてご活用ください。
	ローソク足の種類
Score:0.00199832936785
EACH_TAG_SCORE:
	image:0.000559675959919
	table:0.000596374763273
	graph:0.000370034039391
	flow:0.000472244605268
PARA:
Clueword:
	ローソク:[0.0000,0.0001,0.0000,0.0000]
	よる:[0.0024,0.0030,0.0030,0.0025]
	統計:[0.0004,0.0000,0.0000,0.0015]
	意味:[0.0004,0.0005,0.0001,0.0001]
	絶対:[0.0000,0.0002,0.0004,0.0000]
	できる:[0.0044,0.0045,0.0022,0.0015]
	呼び名:[0.0000,0.0000,0.0000,0.0000]
	株価:[0.0005,0.0009,0.0004,0.0050]
	いう:[0.0059,0.0048,0.0034,0.0042]
	活用:[0.0003,0.0000,0.0000,0.0002]
	なる:[0.0107,0.0090,0.0073,0.0068]
	する:[0.0377,0.0379,0.0453,0.0180]
	分かる:[0.0002,0.0002,0.0001,0.0002]
	いる:[0.0124,0.0129,0.0079,0.0099]
	実体:[0.0004,0.0003,0.0000,0.0000]
	こと:[0.0097,0.0093,0.0086,0.0051]
	この:[0.0023,0.0031,0.0023,0.0014]
	種類:[0.0166,0.0024,0.0001,0.0004]
	くださる:[0.0005,0.0014,0.0021,0.0009]
	見方:[0.0000,0.0013,0.0024,0.0001]
	性質:[0.0011,0.0001,0.0000,0.0001]
	基礎:[0.0002,0.0000,0.0000,0.0004]
	表す:[0.0001,0.0002,0.0000,0.0000]
	見る:[0.0008,0.0020,0.0005,0.0013]
	もの:[0.0026,0.0031,0.0015,0.0008]
	理解:[0.0003,0.0005,0.0000,0.0001]
	正しい:[0.0002,0.0002,0.0001,0.0000]
	代表:[0.0003,0.0002,0.0000,0.0000]
	ます:[0.0228,0.0269,0.0224,0.0150]
	紹介:[0.0003,0.0004,0.0000,0.0000]
	くる:[0.0012,0.0016,0.0007,0.0011]
	異なる:[0.0019,0.0007,0.0002,0.0001]
	動く:[0.0004,0.0008,0.0009,0.0004]
	高値:[0.0002,0.0001,0.0000,0.0048]
	大きい:[0.0011,0.0018,0.0014,0.0029]
	だけ:[0.0014,0.0013,0.0014,0.0007]
	これ:[0.0015,0.0020,0.0024,0.0011]
	その:[0.0018,0.0030,0.0033,0.0011]
	考える:[0.0013,0.0012,0.0004,0.0007]
	ある:[0.0113,0.0103,0.0051,0.0037]
	過去:[0.0002,0.0001,0.0017,0.0009]
	本体:[0.0001,0.0001,0.0001,0.0000]
	長い:[0.0005,0.0013,0.0003,0.0022]
	そう:[0.0002,0.0003,0.0008,0.0001]
	出る:[0.0009,0.0008,0.0003,0.0006]
	的だ:[0.0049,0.0028,0.0019,0.0013]
	安値:[0.0002,0.0001,0.0000,0.0048]
	やすい:[0.0028,0.0023,0.0011,0.0006]
	違う:[0.0011,0.0009,0.0003,0.0008]
	把握:[0.0000,0.0000,0.0000,0.0000]
False-Positive

Section:14
	Ｆｌａｇ：：０１００
	インターネットの株価欄の活用法
	インターネットサイトの利点は、今現在の株価がすぐに分かることに加えて、以下の３つがあります。
	●タイムリーな株価に基づいて、株式時価総額、株価収益率、株価純資産倍率が自動計算されている
	●タイムリーな株価に基づいてさまざまなチャートを自由に利用できる
	●銘柄に関連するニュースをすばやく知ることができる
	株式市場を俯瞰的に見るには新聞にも利点がありますが、既に気になる銘柄があって、それを追いかけるならインターネットの株価欄はお勧めです。
	ちなみに、多くのサイトでは無料で利用できるサービスだけでも株式投資で必要なほとんどの情報をカバーできます。
	より詳しい情報を知りたい方には、証券会社のインターネットサイトがおすすめです。
	＞＞株初心者向けの証券会社は？
Score:0.00147669627187
EACH_TAG_SCORE:
	image:0.000409521771405
	table:0.000436045530983
	graph:0.000279379776454
	flow:0.000351749193031
PARA:
Clueword:
	あう:[0.0007,0.0005,0.0002,0.0001]
	詳しい:[0.0002,0.0001,0.0000,0.0000]
	かける:[0.0005,0.0008,0.0007,0.0003]
	銘柄:[0.0001,0.0001,0.0000,0.0000]
	ニュース:[0.0002,0.0000,0.0000,0.0000]
	より:[0.0021,0.0013,0.0003,0.0013]
	利用:[0.0010,0.0003,0.0000,0.0002]
	ちなみに:[0.0005,0.0003,0.0000,0.0000]
	できる:[0.0044,0.0045,0.0022,0.0015]
	収益:[0.0000,0.0001,0.0001,0.0002]
	れる:[0.0087,0.0086,0.0069,0.0045]
	なら:[0.0020,0.0011,0.0003,0.0013]
	なる:[0.0107,0.0090,0.0073,0.0068]
	情報:[0.0007,0.0001,0.0002,0.0000]
	する:[0.0377,0.0379,0.0453,0.0180]
	分かる:[0.0002,0.0002,0.0001,0.0002]
	いる:[0.0124,0.0129,0.0079,0.0099]
	関連:[0.0000,0.0000,0.0000,0.0003]
	カバー:[0.0002,0.0000,0.0000,0.0001]
	新聞:[0.0001,0.0000,0.0000,0.0000]
	既に:[0.0000,0.0000,0.0000,0.0000]
	現在:[0.0004,0.0003,0.0014,0.0003]
	こと:[0.0097,0.0093,0.0086,0.0051]
	証券:[0.0003,0.0002,0.0000,0.0004]
	それ:[0.0013,0.0009,0.0018,0.0009]
	株価:[0.0005,0.0009,0.0004,0.0050]
	倍率:[0.0000,0.0000,0.0000,0.0040]
	ほとんど:[0.0006,0.0007,0.0001,0.0018]
	知る:[0.0007,0.0006,0.0002,0.0007]
	以下:[0.0010,0.0024,0.0011,0.0002]
	見る:[0.0008,0.0020,0.0005,0.0013]
	すすめる:[0.0008,0.0007,0.0003,0.0001]
	加える:[0.0002,0.0001,0.0000,0.0001]
	だけ:[0.0014,0.0013,0.0014,0.0007]
	利点:[0.0005,0.0000,0.0000,0.0000]
	多く:[0.0005,0.0006,0.0001,0.0054]
	計算:[0.0002,0.0001,0.0001,0.0006]
	自由だ:[0.0002,0.0000,0.0000,0.0001]
	タイムリーだ:[0.0001,0.0000,0.0000,0.0000]
	的だ:[0.0049,0.0028,0.0019,0.0013]
	すぐ:[0.0003,0.0004,0.0005,0.0002]
	向け:[0.0003,0.0000,0.0000,0.0001]
	ます:[0.0228,0.0269,0.0224,0.0150]
	たい:[0.0012,0.0013,0.0014,0.0010]
	基づく:[0.0001,0.0000,0.0002,0.0000]
	市場:[0.0001,0.0001,0.0006,0.0000]
	追う:[0.0001,0.0001,0.0000,0.0000]
	資産:[0.0002,0.0000,0.0003,0.0003]
	必要だ:[0.0023,0.0013,0.0019,0.0006]
	無料:[0.0012,0.0001,0.0000,0.0004]
	投資:[0.0003,0.0004,0.0003,0.0012]
	俯瞰:[0.0000,0.0000,0.0000,0.0000]
	会社:[0.0013,0.0008,0.0013,0.0008]
	ある:[0.0113,0.0103,0.0051,0.0037]
	インターネット:[0.0004,0.0001,0.0000,0.0000]
	サービス:[0.0016,0.0002,0.0006,0.0000]
	勧める:[0.0001,0.0001,0.0001,0.0000]
	初心:[0.0003,0.0002,0.0002,0.0001]
	チャート:[0.0000,0.0000,0.0000,0.0000]
	活用:[0.0003,0.0000,0.0000,0.0002]
	すばやい:[0.0001,0.0000,0.0000,0.0000]
	総額:[0.0001,0.0000,0.0001,0.0009]
	時価:[0.0000,0.0000,0.0000,0.0000]
	さまざまだ:[0.0002,0.0001,0.0001,0.0000]
	自動:[0.0001,0.0000,0.0000,0.0001]
	株式:[0.0002,0.0002,0.0000,0.0004]
	でも:[0.0029,0.0018,0.0004,0.0017]
	サイト:[0.0002,0.0001,0.0000,0.0001]
True-Positive

Section:1
	Ｆｌａｇ：：１０００
	株価の見方は難しいと感じることはありませんか。
	株式を始めたばかりの方だけではありません。
	投資経験を積んできた方も、時として直面する投資家共通の悩みです。
	実は株価の見方は非常に単純で、株価が割高か割安かさえ押さえれば判断を誤ることがありません。
	株価の見方で迷っている投資家の方は、いつの間にかこの基本を忘れてしまっているケースがほとんどです。
	そんな時は、今の株価が割安なのか割高なのか、なるべくシンプルに整理することが投資で成功する近道です。
	これまで見てきた成功した投資家の多くも、要所要所でこうアプローチしてきました。
	私の長年の投資経験からも同じ結論になります。
	そこで、株価を正しく見る視点、株価の意味と情報の読み取り方を身につけて、適切な投資判断につなげていきましょう。
	ざっくりいうと
	「株価の高低」と「時価総額の大小」の違いを明確に理解できるようになることが投資家への第一歩です。
	「株価の高低」と「株価の割高・割安」の違いをおさえることが、投資判断をする上でこの上なく重要です。
Score:0.00133423382932
EACH_TAG_SCORE:
	image:0.000382578187612
	table:0.000378595498215
	graph:0.000242586971011
	flow:0.000330473172484
PARA:
Clueword:
	要所:[0.0000,0.0001,0.0000,0.0000]
	非常だ:[0.0005,0.0005,0.0000,0.0002]
	感じる:[0.0009,0.0010,0.0004,0.0003]
	重要だ:[0.0007,0.0004,0.0000,0.0004]
	同じだ:[0.0013,0.0010,0.0005,0.0009]
	意味:[0.0004,0.0005,0.0001,0.0001]
	経験:[0.0003,0.0001,0.0007,0.0002]
	結論:[0.0000,0.0001,0.0000,0.0000]
	積む:[0.0000,0.0000,0.0000,0.0004]
	明確だ:[0.0000,0.0002,0.0000,0.0000]
	しまう:[0.0018,0.0022,0.0024,0.0012]
	時として:[0.0000,0.0001,0.0000,0.0000]
	なる:[0.0107,0.0090,0.0073,0.0068]
	共通だ:[0.0001,0.0002,0.0000,0.0000]
	悩む:[0.0001,0.0009,0.0009,0.0000]
	情報:[0.0007,0.0001,0.0002,0.0000]
	つける:[0.0004,0.0008,0.0020,0.0000]
	基本:[0.0010,0.0004,0.0001,0.0003]
	する:[0.0377,0.0379,0.0453,0.0180]
	いる:[0.0124,0.0129,0.0079,0.0099]
	こと:[0.0097,0.0093,0.0086,0.0051]
	この:[0.0023,0.0031,0.0023,0.0014]
	なるべく:[0.0000,0.0000,0.0000,0.0000]
	整理:[0.0005,0.0005,0.0000,0.0000]
	シンプルだ:[0.0002,0.0003,0.0000,0.0000]
	見方:[0.0000,0.0013,0.0024,0.0001]
	株価:[0.0005,0.0009,0.0004,0.0050]
	誤る:[0.0001,0.0001,0.0000,0.0000]
	迷う:[0.0000,0.0001,0.0000,0.0000]
	近道:[0.0000,0.0000,0.0000,0.0000]
	ほとんど:[0.0006,0.0007,0.0001,0.0018]
	見る:[0.0008,0.0020,0.0005,0.0013]
	実は:[0.0001,0.0002,0.0000,0.0000]
	だけ:[0.0014,0.0013,0.0014,0.0007]
	ようだ:[0.0039,0.0045,0.0062,0.0016]
	こう:[0.0001,0.0002,0.0000,0.0002]
	多く:[0.0005,0.0006,0.0001,0.0054]
	忘れる:[0.0002,0.0002,0.0000,0.0001]
	そこ:[0.0005,0.0005,0.0006,0.0001]
	いう:[0.0059,0.0048,0.0034,0.0042]
	単純だ:[0.0001,0.0001,0.0000,0.0001]
	取る:[0.0009,0.0006,0.0001,0.0003]
	つなげる:[0.0001,0.0000,0.0000,0.0000]
	アプローチ:[0.0000,0.0001,0.0000,0.0000]
	適切だ:[0.0000,0.0001,0.0001,0.0001]
	読む:[0.0003,0.0005,0.0000,0.0000]
	まで:[0.0020,0.0014,0.0016,0.0015]
	ます:[0.0228,0.0269,0.0224,0.0150]
	くる:[0.0012,0.0016,0.0007,0.0011]
	そんな:[0.0002,0.0001,0.0000,0.0005]
	のだ:[0.0071,0.0068,0.0053,0.0039]
	から:[0.0057,0.0058,0.0057,0.0033]
	成功:[0.0001,0.0001,0.0001,0.0002]
	理解:[0.0003,0.0005,0.0000,0.0001]
	おさえる:[0.0000,0.0000,0.0000,0.0000]
	これ:[0.0015,0.0020,0.0024,0.0011]
	大小:[0.0000,0.0000,0.0000,0.0013]
	投資:[0.0003,0.0004,0.0003,0.0012]
	直面:[0.0000,0.0000,0.0000,0.0001]
	割安だ:[0.0000,0.0001,0.0000,0.0000]
	ばかりだ:[0.0000,0.0001,0.0000,0.0001]
	できる:[0.0044,0.0045,0.0022,0.0015]
	判断:[0.0006,0.0007,0.0001,0.0000]
	高低:[0.0000,0.0001,0.0000,0.0000]
	いつの間にか:[0.0000,0.0000,0.0000,0.0000]
	割高だ:[0.0000,0.0001,0.0000,0.0001]
	この上:[0.0000,0.0000,0.0000,0.0000]
	押さえる:[0.0000,0.0001,0.0003,0.0000]
	ある:[0.0113,0.0103,0.0051,0.0037]
	長年:[0.0000,0.0000,0.0000,0.0000]
	総額:[0.0001,0.0000,0.0001,0.0009]
	時価:[0.0000,0.0000,0.0000,0.0000]
	始める:[0.0004,0.0003,0.0001,0.0004]
	いく:[0.0011,0.0015,0.0022,0.0005]
	正しい:[0.0002,0.0002,0.0001,0.0000]
	株式:[0.0002,0.0002,0.0000,0.0004]
	さえ:[0.0000,0.0000,0.0000,0.0001]
	ケース:[0.0036,0.0001,0.0000,0.0000]
	ない:[0.0105,0.0083,0.0076,0.0061]
	視点:[0.0000,0.0001,0.0000,0.0000]
	違う:[0.0011,0.0009,0.0003,0.0008]
	難しい:[0.0003,0.0005,0.0001,0.0002]
True-Positive

Section:2
	Ｆｌａｇ：：００００
	新聞やインターネットの株価欄の情報を徹底活用しましょう。
	もし楽天証券の口座をもっていない方は、口座開設（無料）しておくとをオススメします。
	日経新聞の記事が実質無料で読めるため、株価の見方を学びながら、年５万円程度のコストメリットを享受することができます。
	株１編集部のメンバーもフル活用しています。
	＞＞新規口座開設で最大１０５０００ポイント＋１０２００円分の投信買付代金プレゼント！楽天証券の公式ページを見る
	＞＞日経新聞が無料で読み放題？ネット証券のお得な活用法
	目次［非表示］
	１株価の意味
	２「株価の高低」と「株式時価総額の大小」の違い
	３「株価の高低」と「株価の割高・割安」の違い
	４新聞やインターネットの株価欄の情報を徹底活用する
	１株価の意味
Score:0.00125866784854
EACH_TAG_SCORE:
	image:0.000355556372634
	table:0.000357348032103
	graph:0.000230386750936
	flow:0.000315376692865
PARA:
Clueword:
	表示:[0.0002,0.0046,0.0004,0.0002]
	おく:[0.0014,0.0010,0.0010,0.0012]
	楽天:[0.0000,0.0001,0.0000,0.0002]
	フルだ:[0.0000,0.0000,0.0000,0.0001]
	できる:[0.0044,0.0045,0.0022,0.0015]
	日経:[0.0003,0.0000,0.0000,0.0000]
	代金:[0.0000,0.0000,0.0001,0.0000]
	情報:[0.0007,0.0001,0.0002,0.0000]
	プレゼント:[0.0001,0.0001,0.0000,0.0003]
	する:[0.0377,0.0379,0.0453,0.0180]
	いる:[0.0124,0.0129,0.0079,0.0099]
	公式:[0.0000,0.0000,0.0000,0.0000]
	口座:[0.0002,0.0000,0.0000,0.0004]
	大小:[0.0000,0.0000,0.0000,0.0013]
	こと:[0.0097,0.0093,0.0086,0.0051]
	最大だ:[0.0002,0.0001,0.0000,0.0005]
	見方:[0.0000,0.0013,0.0024,0.0001]
	株価:[0.0005,0.0009,0.0004,0.0050]
	もつ:[0.0003,0.0006,0.0003,0.0000]
	ネット:[0.0001,0.0000,0.0000,0.0001]
	見る:[0.0008,0.0020,0.0005,0.0013]
	コスト:[0.0004,0.0000,0.0000,0.0003]
	ポイント:[0.0025,0.0005,0.0000,0.0014]
	放題:[0.0000,0.0000,0.0000,0.0000]
	編集:[0.0001,0.0001,0.0003,0.0001]
	メリット:[0.0045,0.0002,0.0000,0.0000]
	証券:[0.0003,0.0002,0.0000,0.0004]
	徹底:[0.0001,0.0000,0.0000,0.0000]
	投信:[0.0000,0.0000,0.0000,0.0002]
	読む:[0.0003,0.0005,0.0000,0.0000]
	ます:[0.0228,0.0269,0.0224,0.0150]
	意味:[0.0004,0.0005,0.0001,0.0001]
	得だ:[0.0001,0.0000,0.0000,0.0004]
	株式:[0.0002,0.0002,0.0000,0.0004]
	割高だ:[0.0000,0.0001,0.0000,0.0001]
	無料:[0.0012,0.0001,0.0000,0.0004]
	割安だ:[0.0000,0.0001,0.0000,0.0000]
	記事:[0.0002,0.0002,0.0000,0.0002]
	高低:[0.0000,0.0001,0.0000,0.0000]
	程度:[0.0014,0.0010,0.0007,0.0018]
	学ぶ:[0.0002,0.0001,0.0000,0.0000]
	新聞:[0.0001,0.0000,0.0000,0.0000]
	開設:[0.0000,0.0000,0.0013,0.0000]
	インターネット:[0.0004,0.0001,0.0000,0.0000]
	メンバー:[0.0003,0.0000,0.0001,0.0000]
	活用:[0.0003,0.0000,0.0000,0.0002]
	ながら:[0.0001,0.0005,0.0010,0.0005]
	ため:[0.0030,0.0032,0.0027,0.0024]
	オススメ:[0.0004,0.0004,0.0003,0.0002]
	総額:[0.0001,0.0000,0.0001,0.0009]
	時価:[0.0000,0.0000,0.0000,0.0000]
	ページ:[0.0003,0.0004,0.0004,0.0001]
	もし:[0.0002,0.0000,0.0001,0.0006]
	ない:[0.0105,0.0083,0.0076,0.0061]
	違う:[0.0011,0.0009,0.0003,0.0008]
	新規だ:[0.0000,0.0001,0.0000,0.0001]
False-Positive

Section:18
	Ｆｌａｇ：：１０００
	ローソク足には日足、週足、月足などがあります。
	短期のトレンドを見るには日足（ひあし）、中期には週足（しゅうあし）、長期には月足（つきあし）が向いていると考えられます。
	（例）日経平均日足（ひあし）週足（しゅうあし）
	日々の相場の動きを表しています。
	短期の相場の方向性（トレンド）の判断に用います。
	１週間（通常は月曜日の寄付から金曜日の終値まで）ごとの相場の動きを表しています。
	月足（つきあし）
Score:0.0012074800862
EACH_TAG_SCORE:
	image:0.00035580561218
	table:0.000340795709807
	graph:0.000271926833747
	flow:0.000238951930462
PARA:
Clueword:
	しゅう:[0.0000,0.0000,0.0000,0.0000]
	ローソク:[0.0000,0.0001,0.0000,0.0000]
	ごと:[0.0002,0.0004,0.0001,0.0000]
	短期:[0.0000,0.0001,0.0001,0.0002]
	まで:[0.0020,0.0014,0.0016,0.0015]
	ます:[0.0228,0.0269,0.0224,0.0150]
	月曜日:[0.0000,0.0000,0.0000,0.0000]
	動く:[0.0004,0.0008,0.0009,0.0004]
	あしい:[0.0000,0.0001,0.0000,0.0000]
	長期:[0.0002,0.0001,0.0003,0.0007]
	用いる:[0.0003,0.0002,0.0000,0.0000]
	向く:[0.0001,0.0003,0.0002,0.0001]
	トレンド:[0.0006,0.0002,0.0000,0.0017]
	週間:[0.0002,0.0000,0.0000,0.0002]
	判断:[0.0006,0.0007,0.0001,0.0000]
	いる:[0.0124,0.0129,0.0079,0.0099]
	日経:[0.0003,0.0000,0.0000,0.0000]
	られる:[0.0026,0.0025,0.0012,0.0015]
	考える:[0.0013,0.0012,0.0004,0.0007]
	ある:[0.0113,0.0103,0.0051,0.0037]
	など:[0.0054,0.0053,0.0021,0.0019]
	中期:[0.0000,0.0000,0.0000,0.0000]
	平均:[0.0014,0.0001,0.0000,0.0085]
	相場:[0.0011,0.0003,0.0003,0.0015]
	ひる:[0.0001,0.0001,0.0000,0.0000]
	終値:[0.0000,0.0002,0.0000,0.0040]
	つく:[0.0013,0.0015,0.0009,0.0004]
	表す:[0.0001,0.0002,0.0000,0.0000]
	見る:[0.0008,0.0020,0.0005,0.0013]
	金曜日:[0.0000,0.0000,0.0000,0.0000]
	日々:[0.0001,0.0000,0.0000,0.0000]
	通常:[0.0003,0.0003,0.0003,0.0006]
	方向:[0.0000,0.0003,0.0001,0.0000]
	から:[0.0057,0.0058,0.0057,0.0033]
	寄付:[0.0000,0.0000,0.0000,0.0000]
True-Positive

Section:20
	Ｆｌａｇ：：０１１０
	トレンドのパターンは３種類あります。
	右肩上がりの上昇トレンド（ＢＵＬＬ）、右肩下がりの下落トレンド（ＢＥＡＲ）、上昇下落でいったりきたりのもみ合い（ＮＥＵＴＲＡＬ）があります。
	上昇トレンド
	高値は前の高値よりも高く、安値も前の安値よりも高い。
	一旦このような動きが出ると、長く続き、当初は想像もしなかったような値段まで上昇することがあります。
	下落トレンド
	高値は前の高値よりも安く、安値も前の安値よりも安い。
	一旦このような動きが出ると、長く続き、当初は想像もしなかったような値段まで下落することがあります。
	上昇トレンドが下落トレンドに変わる時
	上昇トレンド中に安値が、前回の重要な安値を割り込んだとき、トレンドが変わる可能性が考えられます。
	下落トレンドが上昇トレンドに変わる時
	下落トレンド中に高値が、前回の重要な高値を上抜けたとき、トレンドが変わる可能性が考えられます。
Score:0.0011956595961
EACH_TAG_SCORE:
	image:0.000300509077115
	table:0.000345433153781
	graph:0.000271977764197
	flow:0.000277739601002
PARA:
Clueword:
	このような:[0.0003,0.0003,0.0001,0.0003]
	より:[0.0021,0.0013,0.0003,0.0013]
	重要だ:[0.0007,0.0004,0.0000,0.0004]
	続く:[0.0004,0.0003,0.0004,0.0013]
	み合う:[0.0000,0.0000,0.0000,0.0001]
	安い:[0.0006,0.0001,0.0000,0.0003]
	当初:[0.0002,0.0000,0.0003,0.0008]
	きる:[0.0006,0.0002,0.0001,0.0001]
	トレンド:[0.0006,0.0002,0.0000,0.0017]
	する:[0.0377,0.0379,0.0453,0.0180]
	抜ける:[0.0001,0.0000,0.0000,0.0001]
	下がる:[0.0002,0.0004,0.0000,0.0016]
	こと:[0.0097,0.0093,0.0086,0.0051]
	種類:[0.0166,0.0024,0.0001,0.0004]
	下落:[0.0003,0.0000,0.0000,0.0042]
	割る:[0.0001,0.0000,0.0000,0.0003]
	動く:[0.0004,0.0008,0.0009,0.0004]
	肩上がり:[0.0000,0.0000,0.0000,0.0001]
	変わる:[0.0005,0.0003,0.0003,0.0005]
	とき:[0.0006,0.0019,0.0029,0.0005]
	ようだ:[0.0039,0.0045,0.0062,0.0016]
	前回:[0.0001,0.0000,0.0000,0.0003]
	安値:[0.0002,0.0001,0.0000,0.0048]
	いう:[0.0059,0.0048,0.0034,0.0042]
	上昇:[0.0004,0.0001,0.0013,0.0114]
	まで:[0.0020,0.0014,0.0016,0.0015]
	ます:[0.0228,0.0269,0.0224,0.0150]
	高値:[0.0002,0.0001,0.0000,0.0048]
	可能だ:[0.0009,0.0006,0.0008,0.0009]
	込む:[0.0006,0.0010,0.0006,0.0004]
	考える:[0.0013,0.0012,0.0004,0.0007]
	られる:[0.0026,0.0025,0.0012,0.0015]
	高い:[0.0015,0.0007,0.0005,0.0100]
	ある:[0.0113,0.0103,0.0051,0.0037]
	想像:[0.0002,0.0000,0.0000,0.0005]
	値段:[0.0003,0.0000,0.0000,0.0006]
	長い:[0.0005,0.0013,0.0003,0.0022]
	一旦:[0.0001,0.0000,0.0000,0.0003]
	出る:[0.0009,0.0008,0.0003,0.0006]
	ない:[0.0105,0.0083,0.0076,0.0061]
	パターン:[0.0005,0.0002,0.0004,0.0001]
True-Positive

Section:15
	Ｆｌａｇ：：００００
	５まとめ
	いかがでしたか。
	株価は市場が提供するとても重要な情報ですが、よりよく活用するにはもう少し踏み込んで理解する必要があります。
	そのためには次の３つをしっかり押さえておきましょう。
	●会社の株主の価値の合計である株式時価総額を理解する
	●株価の高・低と、株価が割高・割安であることは別にして考える
	●株価の割高・割安は、以下の２面からチェックする
	－過去の株価の水準と比べて現在の株価の位置はどこにあるのか、という考え方で割高・割安を判断する
	－株価収益率（ＰＥＲ）や株価純資産倍率（ＰＢＲ）を手掛かりに、株価が割高か割安かを考える。
	特に、同業他社との比較は重要。
	上記の３点を頭に入れた上で、新聞やインターネットの株式欄をチェックする習慣をつけてください。
	株式欄をチェックする際のおすすめは、新高値・新安値の銘柄をフォローすることです。
	市場の評価を上げている銘柄、あるいは下げている銘柄を定期的に見ることで、さまざまな株価の動きをより深く理解できるようになります。
	株価チャートとは？
	チャートとは１日、１週間、１ヶ月といった期間の株価をグラフ化して見やすくしたものです。
	ただ、株価を見ただけでは、安いか、高いかを判断できません。
	そんなときに参考として用いられます。
	また、相場のトレンドや過熱状態等を捉えるために活用することもできます。
	株価チャートの基本～ローソク足～
	ローソク足とは
Score:0.00114160037695
EACH_TAG_SCORE:
	image:0.000309471192567
	table:0.000320812876145
	graph:0.000241644483564
	flow:0.000269671824679
PARA:
Clueword:
	あるいは:[0.0010,0.0001,0.0001,0.0000]
	水準:[0.0000,0.0000,0.0002,0.0001]
	期間:[0.0003,0.0002,0.0005,0.0040]
	見やすい:[0.0001,0.0000,0.0000,0.0000]
	銘柄:[0.0001,0.0001,0.0000,0.0000]
	ローソク:[0.0000,0.0001,0.0000,0.0000]
	より:[0.0021,0.0013,0.0003,0.0013]
	重要だ:[0.0007,0.0004,0.0000,0.0004]
	合計:[0.0000,0.0000,0.0000,0.0002]
	おく:[0.0014,0.0010,0.0010,0.0012]
	上記:[0.0005,0.0012,0.0000,0.0000]
	踏み込む:[0.0000,0.0000,0.0000,0.0000]
	評価:[0.0000,0.0000,0.0001,0.0001]
	安い:[0.0006,0.0001,0.0000,0.0003]
	できる:[0.0044,0.0045,0.0022,0.0015]
	収益:[0.0000,0.0001,0.0001,0.0002]
	活用:[0.0003,0.0000,0.0000,0.0002]
	状態:[0.0028,0.0009,0.0012,0.0006]
	捉える:[0.0001,0.0000,0.0000,0.0000]
	さまざまだ:[0.0002,0.0001,0.0001,0.0000]
	よい:[0.0014,0.0014,0.0003,0.0004]
	なる:[0.0107,0.0090,0.0073,0.0068]
	情報:[0.0007,0.0001,0.0002,0.0000]
	ある:[0.0113,0.0103,0.0051,0.0037]
	トレンド:[0.0006,0.0002,0.0000,0.0017]
	する:[0.0377,0.0379,0.0453,0.0180]
	いる:[0.0124,0.0129,0.0079,0.0099]
	必要だ:[0.0023,0.0013,0.0019,0.0006]
	新聞:[0.0001,0.0000,0.0000,0.0000]
	別だ:[0.0003,0.0001,0.0000,0.0000]
	次の:[0.0006,0.0001,0.0015,0.0000]
	現在:[0.0004,0.0003,0.0014,0.0003]
	こと:[0.0097,0.0093,0.0086,0.0051]
	すすめる:[0.0008,0.0007,0.0003,0.0001]
	くださる:[0.0005,0.0014,0.0021,0.0009]
	グラフ:[0.0000,0.0000,0.0000,0.0000]
	フォロー:[0.0000,0.0000,0.0000,0.0000]
	株価:[0.0005,0.0009,0.0004,0.0050]
	しっかり:[0.0001,0.0003,0.0016,0.0001]
	倍率:[0.0000,0.0000,0.0000,0.0040]
	以下:[0.0010,0.0024,0.0011,0.0002]
	見る:[0.0008,0.0020,0.0005,0.0013]
	まとめる:[0.0001,0.0002,0.0001,0.0002]
	ヶ月:[0.0001,0.0000,0.0001,0.0000]
	動く:[0.0004,0.0008,0.0009,0.0004]
	ただ:[0.0004,0.0000,0.0002,0.0003]
	とき:[0.0006,0.0019,0.0029,0.0005]
	ようだ:[0.0039,0.0045,0.0062,0.0016]
	つける:[0.0004,0.0008,0.0020,0.0000]
	相場:[0.0011,0.0003,0.0003,0.0015]
	比較:[0.0082,0.0011,0.0003,0.0104]
	基本:[0.0010,0.0004,0.0001,0.0003]
	特に:[0.0004,0.0003,0.0002,0.0003]
	価値:[0.0003,0.0000,0.0000,0.0000]
	入れる:[0.0004,0.0003,0.0002,0.0000]
	いう:[0.0059,0.0048,0.0034,0.0042]
	もう:[0.0002,0.0002,0.0006,0.0002]
	参考:[0.0004,0.0002,0.0000,0.0000]
	的だ:[0.0049,0.0028,0.0019,0.0013]
	習慣:[0.0000,0.0001,0.0000,0.0002]
	だけ:[0.0014,0.0013,0.0014,0.0007]
	ます:[0.0228,0.0269,0.0224,0.0150]
	とても:[0.0002,0.0002,0.0000,0.0001]
	そんな:[0.0002,0.0001,0.0000,0.0005]
	少し:[0.0005,0.0010,0.0006,0.0002]
	のだ:[0.0071,0.0068,0.0053,0.0039]
	から:[0.0057,0.0058,0.0057,0.0033]
	比べる:[0.0012,0.0003,0.0000,0.0016]
	高値:[0.0002,0.0001,0.0000,0.0048]
	市場:[0.0001,0.0001,0.0006,0.0000]
	理解:[0.0003,0.0005,0.0000,0.0001]
	資産:[0.0002,0.0000,0.0003,0.0003]
	位置:[0.0005,0.0061,0.0005,0.0001]
	その:[0.0018,0.0030,0.0033,0.0011]
	割安だ:[0.0000,0.0001,0.0000,0.0000]
	高い:[0.0015,0.0007,0.0005,0.0100]
	週間:[0.0002,0.0000,0.0000,0.0002]
	判断:[0.0006,0.0007,0.0001,0.0000]
	割高だ:[0.0000,0.0001,0.0000,0.0001]
	考える:[0.0013,0.0012,0.0004,0.0007]
	られる:[0.0026,0.0025,0.0012,0.0015]
	押さえる:[0.0000,0.0001,0.0003,0.0000]
	定期:[0.0001,0.0000,0.0000,0.0001]
	インターネット:[0.0004,0.0001,0.0000,0.0000]
	過去:[0.0002,0.0001,0.0017,0.0009]
	深い:[0.0003,0.0001,0.0000,0.0000]
	チャート:[0.0000,0.0000,0.0000,0.0000]
	ため:[0.0030,0.0032,0.0027,0.0024]
	安値:[0.0002,0.0001,0.0000,0.0048]
	総額:[0.0001,0.0000,0.0001,0.0009]
	用いる:[0.0003,0.0002,0.0000,0.0000]
	時価:[0.0000,0.0000,0.0000,0.0000]
	チェック:[0.0004,0.0004,0.0002,0.0003]
	下げる:[0.0000,0.0001,0.0003,0.0001]
	提供:[0.0002,0.0000,0.0004,0.0000]
	また:[0.0013,0.0021,0.0018,0.0011]
	上げる:[0.0002,0.0003,0.0005,0.0004]
	もの:[0.0026,0.0031,0.0015,0.0008]
	会社:[0.0013,0.0008,0.0013,0.0008]
	株式:[0.0002,0.0002,0.0000,0.0004]
	どこ:[0.0002,0.0002,0.0001,0.0002]
False-Positive

Section:13
	Ｆｌａｇ：：００００
	新聞の株価欄の活用法
	さて、以上のようなデータ、細かいなぁとお感じかもしれません。
	しかし始値、高値、安値、終値、前日比、売買高というデータは実はいろいろなチャートを作るときの入力データです。
	よって、この６つの数字から１日の値動きのポイントが分かります。
	投資家は「今日はいくらで始まり、どこまで上がり、どこまで下がり、結局どの水準で終わったのかな、売買は多かったのかな」とイメージし、その銘柄を積極的に買いたいのか売りたいのか判断しています。
	また、新聞の良さは網羅性です。
	すべての銘柄が掲載されていますので、定期的にこれを眺めていると、人気が出て買われている銘柄や業種、逆に人気がなくなり下げている銘柄や業種が見えてくるようになります。
	プロやベテランが活用しているテクニックの１つに、新高値・新安値の銘柄に着目するという手法があります。
	新聞ではこれをビジュアル的に一目で追うことができ、大変便利です。
	日本経済新聞などでは、新高値・新安値銘柄が黒ベタ白抜き（白い字）で示されているからです。
	高値の欄にこれがあるときは新高値がついたこと、安値の欄にこれがあるときは新安値がついたことが分かります。
	新高（安）値は、年初来一番高い（安い）株価のことを意味します（３月までは前年からの最高値、最安値）。
	新聞では、どの業種のどういう銘柄がその年の高値まで買われているのか、その年の安値で売られているのかが一目で俯瞰できます。
	株式市場の物色動向を知る一番身近な手がかりとして重宝しますので、新聞を購読されている場合はぜひ注目してください。
	インターネットの株価欄の見方
	「新聞はもう取っていない」「もっとタイムリーに株価を知りたい」というニーズには、Ｙａｈｏｏ！ファイナンスや証券会社のインターネットサイトの個別銘柄欄（ページ）を活用してください。
	チェックするべき項目は、先ほど新聞の日々の株価動向で取り上げた項目で既に網羅してあります。
	必要があれば新聞の株価欄の見方を改めて参考にしてください。
	また、新高値・新安値をまとめて見ることができるページがあります。
	定期的にチェックして市場の動向を追うと良いと思います。
Score:0.000904096493934
EACH_TAG_SCORE:
	image:0.000238990825527
	table:0.000271313631955
	graph:0.000180753236593
	flow:0.000213038799859
PARA:
Clueword:
	銘柄:[0.0001,0.0001,0.0000,0.0000]
	しれる:[0.0002,0.0003,0.0000,0.0001]
	細かい:[0.0003,0.0008,0.0002,0.0001]
	意味:[0.0004,0.0005,0.0001,0.0001]
	安い:[0.0006,0.0001,0.0000,0.0003]
	数字:[0.0000,0.0001,0.0000,0.0000]
	できる:[0.0044,0.0045,0.0022,0.0015]
	買う:[0.0002,0.0001,0.0006,0.0004]
	なくなる:[0.0001,0.0002,0.0000,0.0000]
	業種:[0.0006,0.0000,0.0000,0.0000]
	いろいろだ:[0.0001,0.0002,0.0001,0.0000]
	なる:[0.0107,0.0090,0.0073,0.0068]
	今日:[0.0000,0.0002,0.0003,0.0000]
	眺める:[0.0000,0.0000,0.0000,0.0000]
	個別:[0.0001,0.0000,0.0002,0.0000]
	必要だ:[0.0023,0.0013,0.0019,0.0006]
	思う:[0.0011,0.0020,0.0027,0.0005]
	注目:[0.0002,0.0000,0.0000,0.0002]
	ぜひ:[0.0000,0.0001,0.0000,0.0003]
	見方:[0.0000,0.0013,0.0024,0.0001]
	株価:[0.0005,0.0009,0.0004,0.0050]
	つく:[0.0013,0.0015,0.0009,0.0004]
	株式:[0.0002,0.0002,0.0000,0.0004]
	日々:[0.0001,0.0000,0.0000,0.0000]
	まとめる:[0.0001,0.0002,0.0001,0.0002]
	安値:[0.0002,0.0001,0.0000,0.0048]
	べし:[0.0001,0.0003,0.0000,0.0001]
	始値:[0.0000,0.0001,0.0000,0.0040]
	多い:[0.0030,0.0023,0.0006,0.0031]
	取る:[0.0009,0.0006,0.0001,0.0003]
	タイムリーだ:[0.0001,0.0000,0.0000,0.0000]
	先ほど:[0.0000,0.0000,0.0023,0.0000]
	便利だ:[0.0003,0.0001,0.0001,0.0000]
	たい:[0.0012,0.0013,0.0014,0.0010]
	くる:[0.0012,0.0016,0.0007,0.0011]
	データ:[0.0004,0.0003,0.0008,0.0001]
	動く:[0.0004,0.0008,0.0009,0.0004]
	高値:[0.0002,0.0001,0.0000,0.0048]
	参考:[0.0004,0.0002,0.0000,0.0000]
	投資:[0.0003,0.0004,0.0003,0.0012]
	その:[0.0018,0.0030,0.0033,0.0011]
	判断:[0.0006,0.0007,0.0001,0.0000]
	動向:[0.0001,0.0001,0.0000,0.0045]
	良い:[0.0013,0.0011,0.0010,0.0006]
	高い:[0.0015,0.0007,0.0005,0.0100]
	ある:[0.0113,0.0103,0.0051,0.0037]
	前年:[0.0000,0.0000,0.0000,0.0002]
	項目:[0.0006,0.0001,0.0003,0.0001]
	よって:[0.0000,0.0001,0.0000,0.0000]
	など:[0.0054,0.0053,0.0021,0.0019]
	チャート:[0.0000,0.0000,0.0000,0.0000]
	活用:[0.0003,0.0000,0.0000,0.0002]
	売る:[0.0001,0.0003,0.0010,0.0007]
	売買:[0.0006,0.0010,0.0018,0.0004]
	インターネット:[0.0004,0.0001,0.0000,0.0000]
	一目:[0.0000,0.0001,0.0000,0.0000]
	的だ:[0.0049,0.0028,0.0019,0.0013]
	逆だ:[0.0006,0.0003,0.0001,0.0003]
	追う:[0.0001,0.0001,0.0000,0.0000]
	ビジュアルだ:[0.0001,0.0002,0.0000,0.0000]
	ない:[0.0105,0.0083,0.0076,0.0061]
	サイト:[0.0002,0.0001,0.0000,0.0001]
	なあ:[0.0000,0.0001,0.0000,0.0000]
	始まる:[0.0002,0.0000,0.0015,0.0001]
	もっと:[0.0001,0.0001,0.0000,0.0000]
	感じる:[0.0009,0.0010,0.0004,0.0003]
	水準:[0.0000,0.0000,0.0002,0.0001]
	れる:[0.0087,0.0086,0.0069,0.0045]
	網羅:[0.0000,0.0000,0.0000,0.0000]
	終わる:[0.0002,0.0002,0.0004,0.0001]
	さて:[0.0000,0.0001,0.0000,0.0001]
	着目:[0.0000,0.0000,0.0000,0.0000]
	イメージ:[0.0004,0.0003,0.0007,0.0000]
	前日:[0.0000,0.0001,0.0000,0.0000]
	日本:[0.0009,0.0006,0.0009,0.0017]
	する:[0.0377,0.0379,0.0453,0.0180]
	いる:[0.0124,0.0129,0.0079,0.0099]
	チェック:[0.0004,0.0004,0.0002,0.0003]
	新聞:[0.0001,0.0000,0.0000,0.0000]
	テクニック:[0.0000,0.0000,0.0000,0.0000]
	こと:[0.0097,0.0093,0.0086,0.0051]
	この:[0.0023,0.0031,0.0023,0.0014]
	くださる:[0.0005,0.0014,0.0021,0.0009]
	購読:[0.0001,0.0000,0.0000,0.0000]
	終値:[0.0000,0.0002,0.0000,0.0040]
	知る:[0.0007,0.0006,0.0002,0.0007]
	以上:[0.0010,0.0009,0.0006,0.0017]
	見る:[0.0008,0.0020,0.0005,0.0013]
	実は:[0.0001,0.0002,0.0000,0.0000]
	白い:[0.0000,0.0007,0.0000,0.0000]
	ポイント:[0.0025,0.0005,0.0000,0.0014]
	示す:[0.0003,0.0009,0.0005,0.0001]
	入力:[0.0003,0.0004,0.0009,0.0000]
	とき:[0.0006,0.0019,0.0029,0.0005]
	ようだ:[0.0039,0.0045,0.0062,0.0016]
	上がる:[0.0002,0.0002,0.0006,0.0005]
	いう:[0.0059,0.0048,0.0034,0.0042]
	上げる:[0.0002,0.0003,0.0005,0.0004]
	もう:[0.0002,0.0002,0.0006,0.0002]
	証券:[0.0003,0.0002,0.0000,0.0004]
	分かる:[0.0002,0.0002,0.0001,0.0002]
	経済:[0.0002,0.0000,0.0011,0.0009]
	場合:[0.0353,0.0044,0.0023,0.0045]
	どの:[0.0005,0.0001,0.0001,0.0000]
	作る:[0.0012,0.0011,0.0018,0.0001]
	まで:[0.0020,0.0014,0.0016,0.0015]
	ます:[0.0228,0.0269,0.0224,0.0150]
	また:[0.0013,0.0021,0.0018,0.0011]
	のだ:[0.0071,0.0068,0.0053,0.0039]
	から:[0.0057,0.0058,0.0057,0.0033]
	掲載:[0.0000,0.0000,0.0000,0.0000]
	市場:[0.0001,0.0001,0.0006,0.0000]
	結局:[0.0000,0.0000,0.0000,0.0001]
	見える:[0.0005,0.0007,0.0007,0.0001]
	改める:[0.0001,0.0000,0.0000,0.0000]
	これ:[0.0015,0.0020,0.0024,0.0011]
	重宝:[0.0001,0.0000,0.0000,0.0000]
	人気:[0.0005,0.0004,0.0001,0.0001]
	大変:[0.0001,0.0001,0.0000,0.0000]
	俯瞰:[0.0000,0.0000,0.0000,0.0000]
	いくら:[0.0000,0.0001,0.0000,0.0000]
	かも:[0.0003,0.0004,0.0000,0.0001]
	積極:[0.0001,0.0001,0.0000,0.0000]
	下げる:[0.0000,0.0001,0.0003,0.0001]
	既に:[0.0000,0.0000,0.0000,0.0000]
	黒:[0.0000,0.0007,0.0000,0.0000]
	下がる:[0.0002,0.0004,0.0000,0.0016]
	出る:[0.0009,0.0008,0.0003,0.0006]
	ページ:[0.0003,0.0004,0.0004,0.0001]
	すべて:[0.0004,0.0008,0.0002,0.0006]
	会社:[0.0013,0.0008,0.0013,0.0008]
	定期:[0.0001,0.0000,0.0000,0.0001]
	手法:[0.0001,0.0000,0.0000,0.0000]
	どこ:[0.0002,0.0002,0.0001,0.0002]
	しかし:[0.0004,0.0004,0.0007,0.0004]
False-Positive

Section:8
	Ｆｌａｇ：：００００
	■株価純資産倍率
	後者の代表的な指標は「株価純資産倍率」で、
	株価÷１株当たり純資産
	と計算します。
	純資産は会社の資産から負債を引いた残りです。
	これは企業のオーナーである株主全体のものです。
	資産－負債＝純資産
	この式を読み替えると、いま会社の資産（建物や工場や営業所や在庫など）を全て現金化し、借りている金額（負債）を全て返した時に、株主の手元に現金がいくら残るのかというふうに理解できるはずです。
	これを解散価値と呼ぶことがあります。
	この金額を発行済み株式数で割ったものが１株純資産で、これを株価と比較します。
	ＰＢＲ（ＰｒｉｃｅＢｏｏｋＶａｌｕｅＲａｔｉｏ）とも呼ばれます。
	この数値が高いほど、株価が解散価値を上回る人気・期待を集めているとして「割高」とみなされます。
	逆に、低いほど割安とみなされます。
	具体例で見ておきましょう。
	さきほどのトヨタとスズキの例で見ると、１．４倍と１．８倍となっていますので、スズキのほうが割高、トヨタは割安と言えます。
	ここで整理しておきましょう。
	リンゴの「価値」と言われると、単にリンゴの価格が大きいか小さいかではなく、その価格がそのリンゴの品質（等級）に対して高いのか低いのかを考えるはずですね。
	株価の「価値」も同じです。
	株価を「１株純利益」、「１株純資産」と比べて「ＰＥＲ」、「ＰＢＲ」を計算し、高いか低いかを見るべきです。
	さらに「ＰＥＲ」「ＰＢＲ」というものさしを使うと、異なる企業の株価の「割高」「割安」を比較できるようになります。
	株式投資では、多くの銘柄の中から「割安」な銘柄を探していくことが必要です。
	この銘柄選択の過程で、銘柄間の「割高」「割安」を示す指標は大変重要です。
	株取引をするにはＰＥＲとＰＢＲをしっかり理解するとよいでしょう。
	４新聞やインターネットの株価欄の情報を徹底活用する
	株価の見方の基本を押さえましたので、実践編に移りましょう。
	ここではメディアの株式情報の見方のポイントを説明します。
	新聞の株価欄の見方
	ここでは日本経済新聞の株式欄を例に説明します。
	日本経済新聞では東証第一部、第二部、マザーズ、ジャスダックなどの各市場について、上場されている銘柄（企業）を業種に分けて証券コード順に株価情報を提供しています。
Score:0.000826633962366
EACH_TAG_SCORE:
	image:0.000220634126941
	table:0.000238936125812
	graph:0.000178997523296
	flow:0.000188066186317
PARA:
Clueword:
	呼ぶ:[0.0011,0.0007,0.0003,0.0000]
	だろう:[0.0010,0.0005,0.0000,0.0003]
	建物:[0.0001,0.0001,0.0000,0.0000]
	トヨタ:[0.0000,0.0000,0.0000,0.0005]
	銘柄:[0.0001,0.0001,0.0000,0.0000]
	重要だ:[0.0007,0.0004,0.0000,0.0004]
	おく:[0.0014,0.0010,0.0010,0.0012]
	できる:[0.0044,0.0045,0.0022,0.0015]
	市場:[0.0001,0.0001,0.0006,0.0000]
	はずだ:[0.0003,0.0003,0.0000,0.0001]
	業種:[0.0006,0.0000,0.0000,0.0000]
	低い:[0.0006,0.0014,0.0003,0.0059]
	れる:[0.0087,0.0086,0.0069,0.0045]
	なる:[0.0107,0.0090,0.0073,0.0068]
	当たり:[0.0000,0.0000,0.0000,0.0000]
	探す:[0.0003,0.0001,0.0001,0.0000]
	基本:[0.0010,0.0004,0.0001,0.0003]
	言う:[0.0010,0.0013,0.0005,0.0004]
	読む:[0.0003,0.0005,0.0000,0.0000]
	必要だ:[0.0023,0.0013,0.0019,0.0006]
	さらに:[0.0005,0.0007,0.0031,0.0007]
	指標:[0.0005,0.0000,0.0000,0.0000]
	言える:[0.0002,0.0002,0.0000,0.0003]
	工場:[0.0000,0.0000,0.0000,0.0000]
	見方:[0.0000,0.0013,0.0024,0.0001]
	全て:[0.0001,0.0001,0.0000,0.0000]
	株価:[0.0005,0.0009,0.0004,0.0050]
	割る:[0.0001,0.0000,0.0000,0.0003]
	手元:[0.0000,0.0000,0.0000,0.0001]
	単に:[0.0001,0.0000,0.0000,0.0000]
	倍率:[0.0000,0.0000,0.0000,0.0040]
	一部:[0.0008,0.0002,0.0000,0.0011]
	残る:[0.0001,0.0002,0.0002,0.0005]
	割安だ:[0.0000,0.0001,0.0000,0.0000]
	徹底:[0.0001,0.0000,0.0000,0.0000]
	多く:[0.0005,0.0006,0.0001,0.0054]
	価値:[0.0003,0.0000,0.0000,0.0000]
	つく:[0.0013,0.0015,0.0009,0.0004]
	済む:[0.0001,0.0000,0.0001,0.0000]
	オーナー:[0.0000,0.0000,0.0000,0.0001]
	スズキ:[0.0000,0.0000,0.0000,0.0005]
	発行:[0.0003,0.0001,0.0001,0.0000]
	取引:[0.0001,0.0003,0.0003,0.0005]
	比べる:[0.0012,0.0003,0.0000,0.0016]
	企業:[0.0005,0.0001,0.0011,0.0002]
	大きい:[0.0011,0.0018,0.0014,0.0029]
	引く:[0.0000,0.0001,0.0000,0.0003]
	投資:[0.0003,0.0004,0.0003,0.0012]
	その:[0.0018,0.0030,0.0033,0.0011]
	考える:[0.0013,0.0012,0.0004,0.0007]
	営業:[0.0001,0.0000,0.0000,0.0002]
	高い:[0.0015,0.0007,0.0005,0.0100]
	ある:[0.0113,0.0103,0.0051,0.0037]
	インターネット:[0.0004,0.0001,0.0000,0.0000]
	見る:[0.0008,0.0020,0.0005,0.0013]
	など:[0.0054,0.0053,0.0021,0.0019]
	活用:[0.0003,0.0000,0.0000,0.0002]
	対する:[0.0008,0.0005,0.0003,0.0000]
	コード:[0.0006,0.0001,0.0001,0.0000]
	べきだ:[0.0003,0.0003,0.0000,0.0000]
	品質:[0.0000,0.0000,0.0000,0.0001]
	逆だ:[0.0006,0.0003,0.0001,0.0003]
	株式:[0.0002,0.0002,0.0000,0.0004]
	具体:[0.0001,0.0000,0.0000,0.0001]
	ない:[0.0105,0.0083,0.0076,0.0061]
	分ける:[0.0014,0.0003,0.0001,0.0002]
	説明:[0.0005,0.0003,0.0001,0.0001]
	リンゴ:[0.0000,0.0000,0.0000,0.0002]
	同じだ:[0.0013,0.0010,0.0005,0.0009]
	期待:[0.0001,0.0001,0.0001,0.0002]
	集める:[0.0000,0.0001,0.0000,0.0000]
	情報:[0.0007,0.0001,0.0002,0.0000]
	日本:[0.0009,0.0006,0.0009,0.0017]
	する:[0.0377,0.0379,0.0453,0.0180]
	いる:[0.0124,0.0129,0.0079,0.0099]
	上回る:[0.0000,0.0000,0.0000,0.0013]
	新聞:[0.0001,0.0000,0.0000,0.0000]
	計算:[0.0002,0.0001,0.0001,0.0006]
	こと:[0.0097,0.0093,0.0086,0.0051]
	この:[0.0023,0.0031,0.0023,0.0014]
	整理:[0.0005,0.0005,0.0000,0.0000]
	過程:[0.0001,0.0001,0.0000,0.0000]
	ここ:[0.0006,0.0005,0.0004,0.0003]
	全体:[0.0003,0.0009,0.0013,0.0004]
	もの:[0.0026,0.0031,0.0015,0.0008]
	ポイント:[0.0025,0.0005,0.0000,0.0014]
	理解:[0.0003,0.0005,0.0000,0.0001]
	示す:[0.0003,0.0009,0.0005,0.0001]
	提供:[0.0002,0.0000,0.0004,0.0000]
	ようだ:[0.0039,0.0045,0.0062,0.0016]
	金額:[0.0003,0.0001,0.0001,0.0004]
	比較:[0.0082,0.0011,0.0003,0.0104]
	いく:[0.0011,0.0015,0.0022,0.0005]
	いう:[0.0059,0.0048,0.0034,0.0042]
	代表:[0.0003,0.0002,0.0000,0.0000]
	借りる:[0.0000,0.0001,0.0000,0.0002]
	的だ:[0.0049,0.0028,0.0019,0.0013]
	異なる:[0.0019,0.0007,0.0002,0.0001]
	のだ:[0.0071,0.0068,0.0053,0.0039]
	から:[0.0057,0.0058,0.0057,0.0033]
	順だ:[0.0002,0.0001,0.0003,0.0000]
	価格:[0.0005,0.0003,0.0005,0.0006]
	いま:[0.0000,0.0000,0.0000,0.0000]
	資産:[0.0002,0.0000,0.0003,0.0003]
	これ:[0.0015,0.0020,0.0024,0.0011]
	人気:[0.0005,0.0004,0.0001,0.0001]
	大変:[0.0001,0.0001,0.0000,0.0000]
	経済:[0.0002,0.0000,0.0011,0.0009]
	いくら:[0.0000,0.0001,0.0000,0.0000]
	ます:[0.0228,0.0269,0.0224,0.0150]
	割高だ:[0.0000,0.0001,0.0000,0.0001]
	押さえる:[0.0000,0.0001,0.0003,0.0000]
	証券:[0.0003,0.0002,0.0000,0.0004]
	ほど:[0.0009,0.0005,0.0000,0.0003]
	よい:[0.0014,0.0014,0.0003,0.0004]
	しっかり:[0.0001,0.0003,0.0016,0.0001]
	小さい:[0.0006,0.0014,0.0001,0.0026]
	会社:[0.0013,0.0008,0.0013,0.0008]
	利益:[0.0000,0.0002,0.0001,0.0044]
	選択:[0.0004,0.0003,0.0007,0.0000]
	ほう:[0.0006,0.0001,0.0000,0.0001]
	現金:[0.0000,0.0000,0.0000,0.0000]
	使う:[0.0028,0.0024,0.0010,0.0006]
False-Positive

Section:6
	Ｆｌａｇ：：００００
	株式時価総額とは
	この２つ目の株価の見方には注意が必要です。
	確かに、良品計画の１株の価格はニトリの１株の価格より大きいことには違いありません。
	しかし、これはリンゴ１個の価格をミカン１個の価格と比べていることになり、意味はあまりないのです。
	多くの投資家は、むしろ良品計画の会社全体の大きさやニトリの会社全体としての大きさに注目しています。
	そこで、例として、良品計画という会社をリンゴの木、ニトリという会社をミカンの木と捉えてみましょう。
	それぞれの会社の大きさを、その木に実った果実の数全体とします。
	すると
	良品計画の大きさ＝リンゴ１個の価格×木全体のリンゴの数
	ニトリの大きさ＝ミカン１個の価格×木全体のミカンの数
	となります。
	会社の大きさは果実１個の価格と果実の数の両方で決まるのです。
	これを専門的には株式時価総額と呼びます。
	算出式は次の通りです。
	先ほどの例と同じ原理です。
	株価×発行済み株式数
	株式市場が会社全体の株式の価値をいくらとしているかは、この計算で求められるのです。
	言い方を変えると、その会社の株式を全部買い占めるにはどれぐらいのお金がかかるのかを示しています。
	さて、さきほどの例ですと、株価は良品計画のほうがニトリより大きい価格でした。
	しかし、時価総額はこの順序ではなく、良品計画は７０００億円、ニトリは１．１兆円ほどです。
	株価の大小は、異なる会社の間で比べても意味がありません。
	異なる会社を比べるためには、それぞれの木の果実の数と果実１個当たりの価格の両方を考える必要があります。
	３「株価の高低」と「株価の割高・割安」の違い
	異なる会社の株価を単純に比べるだけでは不十分だとお話しました。
	株式投資の立場で考えなければならないのは、どの会社が投資に値する価値があるか（一番大きいか）、ということです。
	これをリンゴとミカンに例えると、リンゴとミカンは今どちらが（より）お買い得か、お値打ちかという考え方になります。
	現在のリンゴとミカンの価格を比較するだけではお値打ちかどうかはわからないですね。
	リンゴとミカンに共通のものさしを当てはめて、どちらがお値打ちかを判断する必要があるのです。
	株価で「割高」「割安」という考え方もこれと同じです。
	その株価が割安であるということは、お値打ちがある、今の株価は本来あるべき値段よりも低い、という意味です。
	そこで、割高・割安を判断するために皆さんに是非知っておいていただきたい２つの視点を説明します。
	過去の株価推移から考える（チャート分析）
	第１の視点は、現在の株価は過去の株価の推移の中で高い水準なのか低い水準なのかです。
	先ほどの果物の例では、今年のリンゴの価格は過去の価格と比べて高いか低いかと考えるのと同じ思考方法です。
	特に１０年や２０年という長期で見てみると、株価は必ず上げたり下げたりしています。
	現在の株価が過去の株価の水準とどう違うのか見ておくことは大変有益です。
	仮に過去の推移と比べて現在の株価が低いなら、時系列の面で株価は「割安」と言えそうです。
	企業の財務指標と結び付けて考える（バリュエーション分析）
	第２の視点は、現在の株価をその会社の財務の数値に結びつける考え方で、一般にバリュエーション分析といいます。
	果物でいえば、等級と価格を比べることと一緒です。
	ここにはさらに２つの考え方があります。
	会社利益の水準から等級を割り出す考え方と、会社の純資産に関連付ける考え方です。
	■株価収益率
	前者で代表的な指標は「株価収益率」というもので、次の式で求めます。
	株価÷１株当たり純利益
	分子が１株の価格ですので、これに対応して分母も会社の利益全体を発行済み株式数で割って１株当たりの利益にします。
	略してＰＥＲ（ＰｒｉｃｅＥａｒｎｉｎｇｓＲａｔｉｏ）とも呼ばれます。
	この数値は「今の株価は、今の１株利益の何年分か」と解釈できます。
	この倍率が大きいほど、現在の株価は現在の１株利益の何倍も大きい水準にあるため、一般に「割高」とみなされています。
	株式投資家の人気が高く、将来への期待感が高い銘柄がこれに当たります。
Score:0.000492010939299
EACH_TAG_SCORE:
	image:0.000126743475071
	table:0.000135813405241
	graph:0.000106118339508
	flow:0.000123335719479
PARA:
Clueword:
	呼ぶ:[0.0011,0.0007,0.0003,0.0000]
	専門:[0.0003,0.0003,0.0001,0.0004]
	皆さん:[0.0000,0.0000,0.0000,0.0001]
	必ず:[0.0002,0.0003,0.0003,0.0002]
	銘柄:[0.0001,0.0001,0.0000,0.0000]
	ミカン:[0.0000,0.0000,0.0000,0.0000]
	思考:[0.0000,0.0001,0.0000,0.0000]
	意味:[0.0004,0.0005,0.0001,0.0001]
	順序:[0.0000,0.0000,0.0048,0.0000]
	できる:[0.0044,0.0045,0.0022,0.0015]
	あまり:[0.0006,0.0002,0.0001,0.0000]
	低い:[0.0006,0.0014,0.0003,0.0059]
	れる:[0.0087,0.0086,0.0069,0.0045]
	です:[0.0011,0.0009,0.0005,0.0006]
	水準:[0.0000,0.0000,0.0002,0.0001]
	みる:[0.0011,0.0014,0.0005,0.0011]
	なら:[0.0020,0.0011,0.0003,0.0013]
	かかる:[0.0011,0.0002,0.0002,0.0002]
	なる:[0.0107,0.0090,0.0073,0.0068]
	略す:[0.0000,0.0001,0.0000,0.0000]
	当たる:[0.0001,0.0002,0.0005,0.0000]
	当たり:[0.0000,0.0000,0.0000,0.0000]
	方法:[0.0038,0.0019,0.0124,0.0001]
	つける:[0.0004,0.0008,0.0020,0.0000]
	特に:[0.0004,0.0003,0.0002,0.0003]
	付ける:[0.0002,0.0004,0.0008,0.0001]
	言う:[0.0010,0.0013,0.0005,0.0004]
	話す:[0.0001,0.0002,0.0005,0.0007]
	必要だ:[0.0023,0.0013,0.0019,0.0006]
	さらに:[0.0005,0.0007,0.0031,0.0007]
	良品:[0.0000,0.0001,0.0000,0.0000]
	次の:[0.0006,0.0001,0.0015,0.0000]
	長期:[0.0002,0.0001,0.0003,0.0007]
	時系列:[0.0000,0.0000,0.0002,0.0000]
	注目:[0.0002,0.0000,0.0000,0.0002]
	値する:[0.0000,0.0000,0.0000,0.0000]
	解釈:[0.0000,0.0001,0.0000,0.0000]
	見方:[0.0000,0.0013,0.0024,0.0001]
	株価:[0.0005,0.0009,0.0004,0.0050]
	割る:[0.0001,0.0000,0.0000,0.0003]
	倍率:[0.0000,0.0000,0.0000,0.0040]
	見る:[0.0008,0.0020,0.0005,0.0013]
	おく:[0.0014,0.0010,0.0010,0.0012]
	果物:[0.0000,0.0000,0.0000,0.0004]
	分子:[0.0002,0.0001,0.0000,0.0000]
	多く:[0.0005,0.0006,0.0001,0.0054]
	価値:[0.0003,0.0000,0.0000,0.0000]
	そこ:[0.0005,0.0005,0.0006,0.0001]
	確かだ:[0.0000,0.0001,0.0000,0.0001]
	是非:[0.0001,0.0001,0.0000,0.0000]
	ニトリ:[0.0000,0.0001,0.0000,0.0000]
	先ほど:[0.0000,0.0000,0.0023,0.0000]
	両方:[0.0004,0.0002,0.0000,0.0000]
	どちら:[0.0004,0.0003,0.0004,0.0000]
	済む:[0.0001,0.0000,0.0001,0.0000]
	価格:[0.0005,0.0003,0.0005,0.0006]
	より:[0.0021,0.0013,0.0003,0.0013]
	発行:[0.0003,0.0001,0.0001,0.0000]
	たい:[0.0012,0.0013,0.0014,0.0010]
	企業:[0.0005,0.0001,0.0011,0.0002]
	大きい:[0.0011,0.0018,0.0014,0.0029]
	だけ:[0.0014,0.0013,0.0014,0.0007]
	大小:[0.0000,0.0000,0.0000,0.0013]
	投資:[0.0003,0.0004,0.0003,0.0012]
	その:[0.0018,0.0030,0.0033,0.0011]
	どれ:[0.0002,0.0001,0.0000,0.0000]
	ここ:[0.0006,0.0005,0.0004,0.0003]
	判断:[0.0006,0.0007,0.0001,0.0000]
	考える:[0.0013,0.0012,0.0004,0.0007]
	不十分だ:[0.0001,0.0000,0.0000,0.0001]
	高い:[0.0015,0.0007,0.0005,0.0100]
	ある:[0.0113,0.0103,0.0051,0.0037]
	全部:[0.0000,0.0000,0.0000,0.0000]
	過去:[0.0002,0.0001,0.0017,0.0009]
	チャート:[0.0000,0.0000,0.0000,0.0000]
	さて:[0.0000,0.0001,0.0000,0.0001]
	ため:[0.0030,0.0032,0.0027,0.0024]
	それぞれ:[0.0016,0.0004,0.0001,0.0000]
	上げる:[0.0002,0.0003,0.0005,0.0004]
	的だ:[0.0049,0.0028,0.0019,0.0013]
	株式:[0.0002,0.0002,0.0000,0.0004]
	ない:[0.0105,0.0083,0.0076,0.0061]
	わかる:[0.0006,0.0009,0.0004,0.0002]
	違う:[0.0011,0.0009,0.0003,0.0008]
	分析:[0.0005,0.0001,0.0002,0.0002]
	推移:[0.0000,0.0000,0.0013,0.0055]
	説明:[0.0005,0.0003,0.0001,0.0001]
	一般に:[0.0001,0.0004,0.0000,0.0000]
	有益だ:[0.0000,0.0001,0.0000,0.0000]
	リンゴ:[0.0000,0.0000,0.0000,0.0002]
	同じだ:[0.0013,0.0010,0.0005,0.0009]
	原理:[0.0000,0.0000,0.0000,0.0000]
	期待:[0.0001,0.0001,0.0001,0.0002]
	計画:[0.0002,0.0001,0.0046,0.0004]
	収益:[0.0000,0.0001,0.0001,0.0002]
	値段:[0.0003,0.0000,0.0000,0.0006]
	大変:[0.0001,0.0001,0.0000,0.0000]
	共通だ:[0.0001,0.0002,0.0000,0.0000]
	する:[0.0377,0.0379,0.0453,0.0180]
	いる:[0.0124,0.0129,0.0079,0.0099]
	通り:[0.0003,0.0002,0.0004,0.0002]
	単純だ:[0.0001,0.0001,0.0000,0.0001]
	代表:[0.0003,0.0002,0.0000,0.0000]
	利益:[0.0000,0.0002,0.0001,0.0044]
	決まる:[0.0001,0.0000,0.0000,0.0001]
	こと:[0.0097,0.0093,0.0086,0.0051]
	この:[0.0023,0.0031,0.0023,0.0014]
	今年:[0.0000,0.0000,0.0000,0.0001]
	知る:[0.0007,0.0006,0.0002,0.0007]
	一番:[0.0010,0.0002,0.0000,0.0013]
	全体:[0.0003,0.0009,0.0013,0.0004]
	もの:[0.0026,0.0031,0.0015,0.0008]
	示す:[0.0003,0.0009,0.0005,0.0001]
	果実:[0.0000,0.0001,0.0000,0.0000]
	仮に:[0.0000,0.0001,0.0000,0.0000]
	比較:[0.0082,0.0011,0.0003,0.0104]
	一緒だ:[0.0001,0.0001,0.0000,0.0003]
	結ぶ:[0.0007,0.0005,0.0000,0.0000]
	いう:[0.0059,0.0048,0.0034,0.0042]
	ぐらい:[0.0001,0.0002,0.0004,0.0002]
	立場:[0.0001,0.0000,0.0000,0.0000]
	計算:[0.0002,0.0001,0.0001,0.0006]
	そうだ:[0.0003,0.0008,0.0005,0.0007]
	どの:[0.0005,0.0001,0.0001,0.0000]
	むしろ:[0.0000,0.0001,0.0000,0.0000]
	ます:[0.0228,0.0269,0.0224,0.0150]
	異なる:[0.0019,0.0007,0.0002,0.0001]
	のだ:[0.0071,0.0068,0.0053,0.0039]
	から:[0.0057,0.0058,0.0057,0.0033]
	すると:[0.0000,0.0001,0.0001,0.0000]
	求める:[0.0001,0.0001,0.0001,0.0000]
	市場:[0.0001,0.0001,0.0006,0.0000]
	捉える:[0.0001,0.0000,0.0000,0.0000]
	例える:[0.0000,0.0008,0.0000,0.0000]
	資産:[0.0002,0.0000,0.0003,0.0003]
	注意:[0.0003,0.0008,0.0007,0.0005]
	これ:[0.0015,0.0020,0.0024,0.0011]
	人気:[0.0005,0.0004,0.0001,0.0001]
	割安だ:[0.0000,0.0001,0.0000,0.0000]
	どう:[0.0005,0.0006,0.0004,0.0003]
	いただく:[0.0001,0.0003,0.0000,0.0000]
	将来:[0.0000,0.0001,0.0001,0.0001]
	いくら:[0.0000,0.0001,0.0000,0.0000]
	高低:[0.0000,0.0001,0.0000,0.0000]
	比べる:[0.0012,0.0003,0.0000,0.0016]
	割高だ:[0.0000,0.0001,0.0000,0.0001]
	られる:[0.0026,0.0025,0.0012,0.0015]
	言える:[0.0002,0.0002,0.0000,0.0003]
	下げる:[0.0000,0.0001,0.0003,0.0001]
	指標:[0.0005,0.0000,0.0000,0.0000]
	対応:[0.0002,0.0000,0.0000,0.0000]
	ほど:[0.0009,0.0005,0.0000,0.0003]
	現在:[0.0004,0.0003,0.0014,0.0003]
	総額:[0.0001,0.0000,0.0001,0.0009]
	本来:[0.0001,0.0001,0.0000,0.0000]
	時価:[0.0000,0.0000,0.0000,0.0000]
	変える:[0.0002,0.0002,0.0000,0.0001]
	会社:[0.0013,0.0008,0.0013,0.0008]
	ほう:[0.0006,0.0001,0.0000,0.0001]
	視点:[0.0000,0.0001,0.0000,0.0000]
	しかし:[0.0004,0.0004,0.0007,0.0004]
True-Negative

Section:9
	Ｆｌａｇ：：０１００
	概要は次の通りです。
	●日々の株価情報
	－火曜から土曜まで掲載
	－基本構成は、銘柄、始値、高値、安値、終値、前日比、売買高（マザーズ、ジャスダックは始値を省略）
	●クローズアップ日経平均株価
	－火曜から土曜まで掲載
	－日経平均採用の２２５銘柄のみが対象
	－基本構成は、銘柄、前日比騰落、ＰＥＲ、ＰＢＲ、配当利回り、時価総額
	●週間高低
	－土曜に掲載
	－基本構成は、月曜から金曜までの週間の株価について、銘柄、始値、高値、安値、終値、年初来高値、年初来安値、予想ＰＥＲ、利回り、売買高
Score:0.00036948325859
EACH_TAG_SCORE:
	image:6.1040901371e-05
	table:6.82926171347e-05
	graph:0.00018352751951
	flow:5.66222205746e-05
PARA:
Clueword:
	前日:[0.0000,0.0001,0.0000,0.0000]
	概要:[0.0001,0.0000,0.0000,0.0000]
	始値:[0.0000,0.0001,0.0000,0.0040]
	銘柄:[0.0001,0.0001,0.0000,0.0000]
	対象:[0.0003,0.0001,0.0000,0.0003]
	掲載:[0.0000,0.0000,0.0000,0.0000]
	まで:[0.0020,0.0014,0.0016,0.0015]
	日経:[0.0003,0.0000,0.0000,0.0000]
	省略:[0.0002,0.0001,0.0000,0.0000]
	から:[0.0057,0.0058,0.0057,0.0033]
	高値:[0.0002,0.0001,0.0000,0.0048]
	構成:[0.0008,0.0019,0.0003,0.0065]
	採用:[0.0001,0.0002,0.0000,0.0002]
	情報:[0.0007,0.0001,0.0002,0.0000]
	つく:[0.0013,0.0015,0.0009,0.0004]
	基本:[0.0010,0.0004,0.0001,0.0003]
	週間:[0.0002,0.0000,0.0000,0.0002]
	高低:[0.0000,0.0001,0.0000,0.0000]
	通り:[0.0003,0.0002,0.0004,0.0002]
	クローズアップ:[0.0000,0.0000,0.0000,0.0000]
	のみ:[0.0003,0.0002,0.0000,0.0000]
	次の:[0.0006,0.0001,0.0015,0.0000]
	平均:[0.0014,0.0001,0.0000,0.0085]
	株価:[0.0005,0.0009,0.0004,0.0050]
	終値:[0.0000,0.0002,0.0000,0.0040]
	総額:[0.0001,0.0000,0.0001,0.0009]
	売買:[0.0006,0.0010,0.0018,0.0004]
	時価:[0.0000,0.0000,0.0000,0.0000]
	日々:[0.0001,0.0000,0.0000,0.0000]
	予想:[0.0000,0.0004,0.0013,0.0011]
	安値:[0.0002,0.0001,0.0000,0.0048]
False-Negative

True-Negative:1
False-Positive:8
True-Positive:10
False-Negative:1
precision = 0.555556
recall = 0.909091
fvalue = 0.689655