Section:2
	Ｆｌａｇ：：１０００
	師走、東京ドームホテル（東京都文京区）の一室は静寂な雰囲気に包まれていた。
	裏千家今日庵（こんにちあん）が開く初心者向けの茶道教室。
	半年かけてお茶のいただき方やたて方の基本を学ぶ。
	「立礼（りゅうれい）式」と呼ぶ椅子に座ったお茶席で２０〜４０代前後の女性が参加していた。
Score:0.00105219617403
EACH_TAG_SCORE:
	image:0.00034506902651
	table:0.000289919352015
	graph:0.000135765791376
	flow:0.000281442004128
PARA:
Clueword:
	基本:[0.0022,0.0029,0.0000,0.0000]
	呼ぶ:[0.0015,0.0009,0.0000,0.0015]
	半年:[0.0000,0.0000,0.0000,0.0000]
	前後:[0.0006,0.0018,0.0010,0.0000]
	開く:[0.0008,0.0000,0.0000,0.0050]
	れる:[0.0010,0.0000,0.0000,0.0000]
	今日:[0.0000,0.0000,0.0000,0.0000]
	女性:[0.0013,0.0006,0.0008,0.0000]
	東京:[0.0002,0.0000,0.0000,0.0000]
	いただく:[0.0004,0.0000,0.0000,0.0000]
	する:[0.0289,0.0260,0.0123,0.0269]
	いる:[0.0118,0.0087,0.0055,0.0051]
	学ぶ:[0.0000,0.0000,0.0000,0.0000]
	包む:[0.0000,0.0000,0.0000,0.0000]
	雰囲気:[0.0005,0.0002,0.0000,0.0000]
	初心:[0.0000,0.0001,0.0000,0.0009]
	かける:[0.0005,0.0005,0.0000,0.0012]
	ホテル:[0.0000,0.0000,0.0000,0.0000]
	たてる:[0.0000,0.0000,0.0000,0.0000]
	裏千家:[0.0000,0.0000,0.0000,0.0000]
True-Positive

Section:1
	Ｆｌａｇ：：００００
	茶席の作法、これだけ知っておけば安心
	年末年始、訪問先や寺などで抹茶を供されることもあるだろう。
	茶席と聞くと構えてしまうが、予備知識があれば、お茶をおいしくいただけるだけでなく、季節感を大切にしたおもてなしの心も楽しめる。
	流派に関係なく、最低限のお茶の作法と意味を知っておこう。
	■「お先に」の一言が大切
	「菓子はいつ、どうやって食べるの？」「茶わんを回すのはどうして？」。
	お茶の作法には疑問がいっぱいだ。
Score:0.000936329813605
EACH_TAG_SCORE:
	image:0.000278767597334
	table:0.000279372094392
	graph:0.000144662574318
	flow:0.000233527547561
PARA:
Clueword:
	楽しめる:[0.0000,0.0000,0.0003,0.0000]
	茶わん:[0.0000,0.0000,0.0000,0.0000]
	一言:[0.0000,0.0000,0.0000,0.0000]
	する:[0.0289,0.0260,0.0123,0.0269]
	どう:[0.0003,0.0001,0.0004,0.0000]
	おく:[0.0011,0.0015,0.0012,0.0000]
	安心:[0.0004,0.0001,0.0000,0.0000]
	やる:[0.0000,0.0000,0.0000,0.0015]
	構える:[0.0000,0.0003,0.0000,0.0000]
	関係:[0.0000,0.0006,0.0000,0.0000]
	予備:[0.0000,0.0000,0.0000,0.0000]
	意味:[0.0008,0.0005,0.0000,0.0000]
	季節:[0.0000,0.0000,0.0000,0.0000]
	れる:[0.0010,0.0000,0.0000,0.0000]
	どうして:[0.0000,0.0000,0.0000,0.0000]
	訪問:[0.0000,0.0002,0.0000,0.0000]
	しまう:[0.0014,0.0011,0.0016,0.0009]
	これ:[0.0017,0.0014,0.0000,0.0000]
	疑問:[0.0000,0.0000,0.0000,0.0000]
	大切だ:[0.0001,0.0005,0.0005,0.0000]
	回す:[0.0000,0.0000,0.0000,0.0000]
	作法:[0.0000,0.0000,0.0000,0.0000]
	最低:[0.0000,0.0000,0.0000,0.0000]
	ある:[0.0106,0.0115,0.0058,0.0064]
	ない:[0.0067,0.0084,0.0038,0.0027]
	こと:[0.0066,0.0067,0.0051,0.0056]
	聞く:[0.0001,0.0005,0.0000,0.0052]
	いっぱいだ:[0.0000,0.0000,0.0000,0.0000]
	抹茶:[0.0000,0.0000,0.0000,0.0000]
	食べる:[0.0000,0.0000,0.0000,0.0000]
	知る:[0.0000,0.0007,0.0000,0.0007]
	菓子:[0.0000,0.0000,0.0000,0.0000]
True-Negative

Section:3
	Ｆｌａｇ：：１００１
	目の前に菓子鉢に入った菓子が運ばれて来る。
	もてなす側（ホスト）を亭主と呼び、客は「お菓子をどうぞ」と勧められてから手を伸ばす。
	先生が女性に「お隣に『お先に』と言ってください」と助言した。
	「お先にちょうだいしますの意味で、同席者への心配り」と、裏千家淡交会東京第一東支部幹事長の吉田宗雅さんは解説する。
	抹茶の入った茶わんでも同様にする。
	菓子の器を両手で持って少し持ち上げ、軽く頭を下げ神仏に感謝する。
	懐紙（かいし）の輪を自分に向けて菓子鉢の間に置き、箸で１つ取る。
	懐紙は皿やティッシュペーパーのように使う。
	箸は菓子を置いた懐紙の端でぬぐってから、鉢の上に元あったように戻す。
	器を隣に送った後、菓子は懐紙ごと口元近くに運び、添えられたようじで切り、軽く刺す。
	抹茶を飲む前に菓子を食べきるのが作法だ。
	懐紙とようじは持ち帰る。
	食べ終わるのを見計らい、お茶が運ばれる。
	菓子と同様に隣人に「お先に」と言い、亭主には「お点前（てまえ）頂戴いたします」と言って頭を下げて、軽く茶わんを上げ神仏に感謝を示す。
	茶わんは左手にのせて軽く右手を添える。
	飲むときに特に気をつけたいのは「お茶わんの正面から飲まないこと」と話すのは、池袋コミュニティ・カレッジ（東京都豊島区）で教える表千家教授の八代宗晴さん。
	茶わんは出されたときに自分の方に向いているのが正面。
	絵柄があることも多い。
	亭主は正面を客に向けるが、客は茶わんを大切にするため正面を避けて飲む。
	「化粧などの油分が正面につき、汚れないように」との配慮だ。
	流派によって多少異なるが、２度に分けて茶わんを回す。
	飲むのは３口半が理想だが、前後してもいい。
	飲み終わったら右手親指と人さし指で軽く飲み口を拭き、手は懐紙でぬぐう。
	茶わんは先ほどと反対に回して、正面を亭主側に戻して置く。
Score:0.000561749822154
EACH_TAG_SCORE:
	image:0.000173751873308
	table:0.000160397241552
	graph:0.000108096464443
	flow:0.000119504242851
PARA:
Clueword:
	呼ぶ:[0.0015,0.0009,0.0000,0.0015]
	汚れる:[0.0000,0.0002,0.0000,0.0000]
	意味:[0.0008,0.0005,0.0000,0.0000]
	添える:[0.0000,0.0000,0.0000,0.0000]
	来る:[0.0000,0.0000,0.0000,0.0000]
	支部:[0.0000,0.0000,0.0000,0.0000]
	どうぞ:[0.0000,0.0000,0.0000,0.0000]
	れる:[0.0010,0.0000,0.0000,0.0000]
	きる:[0.0001,0.0006,0.0006,0.0000]
	てまえ:[0.0000,0.0000,0.0000,0.0000]
	カレッジ:[0.0000,0.0000,0.0000,0.0000]
	お点前:[0.0000,0.0000,0.0000,0.0000]
	つける:[0.0009,0.0009,0.0000,0.0000]
	たい:[0.0004,0.0005,0.0006,0.0000]
	特に:[0.0000,0.0005,0.0000,0.0000]
	言う:[0.0008,0.0010,0.0000,0.0000]
	解説:[0.0000,0.0000,0.0000,0.0000]
	話す:[0.0000,0.0001,0.0005,0.0000]
	送る:[0.0001,0.0000,0.0000,0.0000]
	神仏:[0.0000,0.0000,0.0000,0.0000]
	ちょうだい:[0.0000,0.0000,0.0000,0.0000]
	つく:[0.0015,0.0008,0.0006,0.0010]
	理想:[0.0000,0.0000,0.0000,0.0000]
	食べる:[0.0000,0.0000,0.0000,0.0000]
	よる:[0.0034,0.0041,0.0016,0.0000]
	左手:[0.0000,0.0000,0.0000,0.0000]
	代宗:[0.0000,0.0000,0.0000,0.0000]
	置く:[0.0002,0.0000,0.0000,0.0000]
	取る:[0.0007,0.0005,0.0000,0.0000]
	先ほど:[0.0000,0.0000,0.0000,0.0000]
	心配り:[0.0000,0.0000,0.0000,0.0000]
	戻す:[0.0000,0.0000,0.0000,0.0000]
	ペーパー:[0.0000,0.0000,0.0000,0.0000]
	女性:[0.0013,0.0006,0.0008,0.0000]
	教える:[0.0000,0.0002,0.0007,0.0000]
	ティッシュ:[0.0000,0.0000,0.0000,0.0000]
	向く:[0.0006,0.0008,0.0000,0.0000]
	ある:[0.0106,0.0115,0.0058,0.0064]
	飲む:[0.0000,0.0005,0.0000,0.0000]
	ぬぐう:[0.0000,0.0000,0.0000,0.0000]
	多少:[0.0000,0.0000,0.0000,0.0000]
	ため:[0.0035,0.0042,0.0007,0.0035]
	抹茶:[0.0000,0.0000,0.0000,0.0000]
	のせる:[0.0000,0.0000,0.0000,0.0000]
	下げる:[0.0000,0.0000,0.0000,0.0000]
	上げる:[0.0001,0.0000,0.0000,0.0000]
	向ける:[0.0000,0.0000,0.0000,0.0000]
	でも:[0.0021,0.0016,0.0018,0.0000]
	ない:[0.0067,0.0084,0.0038,0.0027]
	勧める:[0.0009,0.0010,0.0000,0.0000]
	亭主:[0.0000,0.0000,0.0000,0.0000]
	裏千家:[0.0000,0.0000,0.0000,0.0000]
	分ける:[0.0002,0.0036,0.0000,0.0000]
	同席:[0.0000,0.0000,0.0000,0.0000]
	持ち帰る:[0.0000,0.0000,0.0000,0.0000]
	終わる:[0.0004,0.0000,0.0005,0.0109]
	さん:[0.0000,0.0004,0.0013,0.0000]
	表千家:[0.0000,0.0000,0.0000,0.0000]
	人さし指:[0.0000,0.0000,0.0000,0.0000]
	前後:[0.0006,0.0018,0.0010,0.0000]
	多い:[0.0027,0.0029,0.0156,0.0000]
	かいす:[0.0000,0.0000,0.0000,0.0000]
	自分:[0.0006,0.0008,0.0014,0.0000]
	反対だ:[0.0000,0.0000,0.0000,0.0000]
	出す:[0.0003,0.0004,0.0000,0.0000]
	ようじ:[0.0000,0.0000,0.0000,0.0000]
	する:[0.0289,0.0260,0.0123,0.0269]
	いる:[0.0118,0.0087,0.0055,0.0051]
	避ける:[0.0001,0.0000,0.0000,0.0000]
	右手:[0.0000,0.0000,0.0000,0.0000]
	こと:[0.0066,0.0067,0.0051,0.0056]
	運ぶ:[0.0000,0.0000,0.0000,0.0000]
	くださる:[0.0022,0.0006,0.0017,0.0039]
	飲み口:[0.0000,0.0000,0.0000,0.0000]
	正面:[0.0000,0.0000,0.0000,0.0000]
	回す:[0.0000,0.0000,0.0000,0.0000]
	入る:[0.0008,0.0003,0.0000,0.0012]
	化粧:[0.0000,0.0000,0.0000,0.0000]
	両手:[0.0000,0.0000,0.0000,0.0000]
	示す:[0.0024,0.0002,0.0000,0.0000]
	ようだ:[0.0057,0.0000,0.0000,0.0000]
	親指:[0.0000,0.0000,0.0000,0.0000]
	いい:[0.0009,0.0003,0.0014,0.0000]
	隣人:[0.0000,0.0000,0.0000,0.0000]
	同様だ:[0.0000,0.0000,0.0000,0.0000]
	ます:[0.0222,0.0199,0.0169,0.0211]
	持つ:[0.0001,0.0001,0.0000,0.0009]
	異なる:[0.0015,0.0006,0.0000,0.0000]
	口元:[0.0000,0.0000,0.0000,0.0000]
	池袋:[0.0000,0.0000,0.0000,0.0000]
	から:[0.0045,0.0053,0.0018,0.0011]
	東京:[0.0002,0.0000,0.0000,0.0000]
	大切だ:[0.0001,0.0005,0.0005,0.0000]
	作法:[0.0000,0.0000,0.0000,0.0000]
	られる:[0.0000,0.0017,0.0000,0.0000]
	助言:[0.0000,0.0003,0.0000,0.0000]
	伸ばす:[0.0000,0.0000,0.0000,0.0000]
	茶わん:[0.0000,0.0000,0.0000,0.0000]
	絵柄:[0.0000,0.0000,0.0000,0.0000]
	切る:[0.0001,0.0001,0.0000,0.0000]
	菓子:[0.0000,0.0000,0.0000,0.0000]
	油分:[0.0000,0.0000,0.0000,0.0000]
	軽い:[0.0000,0.0003,0.0000,0.0000]
	使う:[0.0035,0.0023,0.0008,0.0000]
	豊島:[0.0000,0.0000,0.0000,0.0000]
False-Negative

Section:4
	Ｆｌａｇ：：００００
	■茶わん正面避けて飲む
	お茶の心得でよくいわれる「一期一会」。
	今この時間、集う人との関係は二度と同じものはなく、かけがいのないものだという意味だ。
	「亭主のもてなしの心に対して、時間を気にするのは失礼にあたる」（八代さん）ため、着席前に時計は外すのが礼儀だ。
	「時を忘れ、和敬清寂の精神を感じてほしい」（吉田さん）。
	五感で釜のシューッという音を聞き、香を楽しみ、道具を眺め、触って、菓子とお茶を味わう。
	教室に通う女性たちも「身が引き締まり、すがすがしい」などと話す。
	茶席ではお道具拝見も作法の一つ。
	亭主は四季や歳時記、「平和」などのテーマで、道具を客に合わせて用意する。
	これを「しつらえ」という。
	正式の茶席では客の代表の「正客（しょうきゃく）」が亭主の思いをくみ取って、しつらえの意味などを尋ねる。
	「知らないのは恥ではない。どんな茶わんで飲ませてくれているのか、掛物の文字は何と読むかなど尋ねてみてほしい」（八代さん）
Score:0.000548990446657
EACH_TAG_SCORE:
	image:0.000172397590478
	table:0.000158741810761
	graph:8.51401809981e-05
	flow:0.00013271086442
PARA:
Clueword:
	感じる:[0.0010,0.0009,0.0006,0.0000]
	茶わん:[0.0000,0.0000,0.0000,0.0000]
	せる:[0.0007,0.0005,0.0000,0.0011]
	同じだ:[0.0027,0.0010,0.0000,0.0011]
	意味:[0.0008,0.0005,0.0000,0.0000]
	知る:[0.0000,0.0007,0.0000,0.0007]
	れる:[0.0010,0.0000,0.0000,0.0000]
	さん:[0.0000,0.0004,0.0013,0.0000]
	みる:[0.0003,0.0003,0.0016,0.0000]
	よい:[0.0009,0.0012,0.0013,0.0000]
	正面:[0.0000,0.0000,0.0000,0.0000]
	する:[0.0289,0.0260,0.0123,0.0269]
	眺める:[0.0000,0.0000,0.0000,0.0000]
	話す:[0.0000,0.0001,0.0005,0.0000]
	時計:[0.0000,0.0000,0.0000,0.0000]
	思う:[0.0005,0.0001,0.0008,0.0000]
	この:[0.0019,0.0018,0.0007,0.0033]
	聞く:[0.0001,0.0005,0.0000,0.0052]
	もの:[0.0027,0.0015,0.0007,0.0022]
	あたる:[0.0000,0.0000,0.0000,0.0000]
	ほしい:[0.0000,0.0000,0.0000,0.0000]
	いる:[0.0118,0.0087,0.0055,0.0051]
	テーマ:[0.0001,0.0002,0.0000,0.0000]
	忘れる:[0.0001,0.0000,0.0000,0.0000]
	いう:[0.0027,0.0019,0.0023,0.0028]
	通う:[0.0000,0.0000,0.0000,0.0000]
	文字:[0.0003,0.0001,0.0000,0.0000]
	合わせる:[0.0011,0.0011,0.0000,0.0000]
	外す:[0.0000,0.0000,0.0000,0.0000]
	代表:[0.0000,0.0008,0.0000,0.0000]
	読む:[0.0005,0.0000,0.0000,0.0000]
	がい:[0.0000,0.0001,0.0000,0.0000]
	楽しむ:[0.0000,0.0000,0.0000,0.0000]
	関係:[0.0000,0.0006,0.0000,0.0000]
	くれる:[0.0005,0.0001,0.0000,0.0000]
	これ:[0.0017,0.0014,0.0000,0.0000]
	女性:[0.0013,0.0006,0.0008,0.0000]
	用意:[0.0000,0.0004,0.0000,0.0000]
	作法:[0.0000,0.0000,0.0000,0.0000]
	対する:[0.0000,0.0006,0.0000,0.0000]
	避ける:[0.0001,0.0000,0.0000,0.0000]
	飲む:[0.0000,0.0005,0.0000,0.0000]
	時間:[0.0000,0.0006,0.0030,0.0000]
	かける:[0.0005,0.0005,0.0000,0.0012]
	ため:[0.0035,0.0042,0.0007,0.0035]
	精神:[0.0002,0.0005,0.0000,0.0000]
	菓子:[0.0000,0.0000,0.0000,0.0000]
	ない:[0.0067,0.0084,0.0038,0.0027]
	でる:[0.0000,0.0000,0.0000,0.0000]
	亭主:[0.0000,0.0000,0.0000,0.0000]
True-Negative

True-Negative:2
False-Positive:0
Too Short:0
True-Positive:1
False-Negative:1
precision = 1.000000
recall = 0.500000
fvalue = 0.666667