Section:7
	Ｆｌａｇ：：１００１
	４．ミディアムロング
	ビジネスとしては取り入れにくいが、そのふわっとした髪が女性に人気が高いヘアスタイル。
	ロングヘアは少しＵＰしてマッシュスタイルにすることで綺麗なシルエットになります。
	サイドは軽めのツーブロックでメリハリをつけ、全体は束感を出せるようにセニングカットを施してきましょう。
	パーマは外ハネとニュアンスを組み合わせたミックスパーマがおすすめ。
	髪型のセット方法
	全体に空気を入れるように乾かしていく。
	その後水分を少し含んだ状態でワックスを揉み込む。
	ワックスが馴染んだら、軽く流れを作っていく。
	毛束はほぐさず、少し大きめぐらいにしておく。
	最後に外ハネを作り、スプレーをかければ完成。
Score:0.00174772234901
EACH_TAG_SCORE:
	image:0.000349805392091
	table:0.000317037116026
	graph:0.000288484127811
	flow:0.00079239571308
PARA:
Clueword:
	組み合わせる:[0.0007,0.0003,0.0000,0.0000]
	っと:[0.0007,0.0000,0.0000,0.0000]
	セニングカット:[0.0000,0.0000,0.0000,0.0000]
	乾かす:[0.0000,0.0000,0.0000,0.0000]
	出せる:[0.0004,0.0000,0.0000,0.0000]
	めだ:[0.0029,0.0000,0.0000,0.0000]
	ミックス:[0.0000,0.0000,0.0000,0.0000]
	なる:[0.0111,0.0126,0.0094,0.0022]
	方法:[0.0032,0.0048,0.0005,0.0017]
	つける:[0.0009,0.0009,0.0000,0.0000]
	シルエット:[0.0000,0.0000,0.0000,0.0000]
	含む:[0.0002,0.0003,0.0011,0.0000]
	完成:[0.0000,0.0000,0.0000,0.0000]
	ミディアム:[0.0022,0.0002,0.0000,0.0000]
	こと:[0.0066,0.0067,0.0051,0.0056]
	ニュアンス:[0.0000,0.0002,0.0000,0.0000]
	セット:[0.0000,0.0000,0.0000,0.0000]
	入れる:[0.0007,0.0005,0.0000,0.0000]
	人気:[0.0002,0.0000,0.0008,0.0000]
	流れる:[0.0001,0.0001,0.0000,0.0815]
	すすめる:[0.0002,0.0009,0.0000,0.0000]
	ツーブロック:[0.0000,0.0000,0.0000,0.0000]
	全体:[0.0005,0.0002,0.0000,0.0000]
	ようだ:[0.0057,0.0000,0.0000,0.0000]
	取り入れる:[0.0001,0.0000,0.0000,0.0000]
	いく:[0.0006,0.0001,0.0005,0.0008]
	綺麗だ:[0.0000,0.0000,0.0000,0.0000]
	する:[0.0289,0.0260,0.0123,0.0269]
	マッシュ:[0.0000,0.0000,0.0000,0.0000]
	ビジネス:[0.0023,0.0022,0.0000,0.0000]
	水分:[0.0000,0.0003,0.0000,0.0000]
	揉む:[0.0000,0.0000,0.0000,0.0000]
	作る:[0.0005,0.0002,0.0000,0.0021]
	ます:[0.0222,0.0199,0.0169,0.0211]
	くる:[0.0034,0.0012,0.0012,0.0010]
	ハネる:[0.0000,0.0000,0.0000,0.0000]
	施す:[0.0000,0.0000,0.0000,0.0000]
	にくい:[0.0009,0.0018,0.0000,0.0000]
	馴染む:[0.0002,0.0002,0.0000,0.0000]
	大きい:[0.0030,0.0018,0.0126,0.0000]
	ワックス:[0.0000,0.0000,0.0000,0.0000]
	込む:[0.0007,0.0009,0.0008,0.0000]
	髪型:[0.0000,0.0000,0.0000,0.0000]
	ほぐす:[0.0000,0.0000,0.0000,0.0000]
	その:[0.0035,0.0019,0.0000,0.0233]
	女性:[0.0013,0.0006,0.0008,0.0000]
	スプレー:[0.0000,0.0000,0.0000,0.0000]
	最後だ:[0.0004,0.0000,0.0000,0.0202]
	高い:[0.0012,0.0012,0.0266,0.0000]
	メリハリ:[0.0000,0.0000,0.0000,0.0000]
	ふわだ:[0.0003,0.0000,0.0000,0.0000]
	かける:[0.0005,0.0005,0.0000,0.0012]
	おく:[0.0011,0.0015,0.0012,0.0000]
	空気:[0.0000,0.0003,0.0000,0.0000]
	その後:[0.0000,0.0002,0.0000,0.0588]
	スタイル:[0.0002,0.0003,0.0000,0.0000]
	状態:[0.0011,0.0097,0.0000,0.0000]
	ロング:[0.0000,0.0000,0.0000,0.0000]
	パーマ:[0.0000,0.0000,0.0000,0.0000]
	軽い:[0.0000,0.0003,0.0000,0.0000]
	サイド:[0.0000,0.0000,0.0000,0.0000]
True-Positive

Section:2
	Ｆｌａｇ：：００１０
	髪型のセットで忘れちゃいけない“たった一つ”のこと。
	数ある髪型のセットの中でも、最も重要なのがドライヤーです。
	ブローとも言われるドライヤーのスタイリングで、“ヘアスタイルの８割”が決まります。
	つまり、どんな髪型もドライヤーの使い方がすべて。
Score:0.00131679879602
EACH_TAG_SCORE:
	image:0.000376698391535
	table:0.000356230904829
	graph:0.00033250421759
	flow:0.000251365282062
PARA:
Clueword:
	忘れる:[0.0001,0.0000,0.0000,0.0000]
	重要だ:[0.0007,0.0009,0.0012,0.0000]
	リング:[0.0002,0.0000,0.0000,0.0000]
	ます:[0.0222,0.0199,0.0169,0.0211]
	れる:[0.0010,0.0000,0.0000,0.0000]
	最も:[0.0015,0.0020,0.0060,0.0000]
	髪型:[0.0000,0.0000,0.0000,0.0000]
	たつ:[0.0000,0.0000,0.0004,0.0000]
	言う:[0.0008,0.0010,0.0000,0.0000]
	ある:[0.0106,0.0115,0.0058,0.0064]
	こと:[0.0066,0.0067,0.0051,0.0056]
	すべて:[0.0002,0.0008,0.0060,0.0000]
	スタイ:[0.0000,0.0000,0.0000,0.0000]
	セット:[0.0000,0.0000,0.0000,0.0000]
	スタイル:[0.0002,0.0003,0.0000,0.0000]
	ドライヤー:[0.0000,0.0000,0.0000,0.0000]
	でも:[0.0021,0.0016,0.0018,0.0000]
	いけない:[0.0000,0.0000,0.0000,0.0000]
	使う:[0.0035,0.0023,0.0008,0.0000]
	つまり:[0.0000,0.0000,0.0000,0.0000]
True-Positive

Section:1
	Ｆｌａｇ：：００００
	髪型のセットの仕方とは。
	メンズヘアをキメる方法【総集編】
	男の髪型セット術をヘアスタイル別に完全レクチャー
	髪型セット
	好印象を与えるも、不快感を与えるも、すべては髪型のセット次第。
	同じ髪型でも、セットの仕方を変えれば印象は１８０°変わります。
	そこで今回は、男性の人気ヘアスタイルのセット術を完全レクチャー。
	貴方の髪を美しく彩るスタイリング方法を熟知してくださいね。
Score:0.00119484619069
EACH_TAG_SCORE:
	image:0.000357485812354
	table:0.000313214194141
	graph:0.000237503690605
	flow:0.000286642493588
PARA:
Clueword:
	今回:[0.0000,0.0000,0.0004,0.0000]
	仕方:[0.0010,0.0000,0.0000,0.0000]
	そこ:[0.0004,0.0002,0.0006,0.0000]
	完全だ:[0.0001,0.0000,0.0000,0.0000]
	メンズ:[0.0000,0.0000,0.0000,0.0000]
	次第:[0.0000,0.0000,0.0000,0.0000]
	リング:[0.0002,0.0000,0.0000,0.0000]
	同じだ:[0.0027,0.0010,0.0000,0.0011]
	ます:[0.0222,0.0199,0.0169,0.0211]
	与える:[0.0004,0.0001,0.0000,0.0000]
	印象:[0.0039,0.0045,0.0009,0.0000]
	髪型:[0.0000,0.0000,0.0000,0.0000]
	人気:[0.0002,0.0000,0.0008,0.0000]
	方法:[0.0032,0.0048,0.0005,0.0017]
	男性:[0.0007,0.0000,0.0016,0.0000]
	する:[0.0289,0.0260,0.0123,0.0269]
	くださる:[0.0022,0.0006,0.0017,0.0039]
	スタイ:[0.0000,0.0000,0.0000,0.0000]
	セット:[0.0000,0.0000,0.0000,0.0000]
	スタイル:[0.0002,0.0003,0.0000,0.0000]
	美しい:[0.0001,0.0000,0.0000,0.0000]
	変える:[0.0001,0.0001,0.0005,0.0000]
	すべて:[0.0002,0.0008,0.0060,0.0000]
	変わる:[0.0006,0.0009,0.0020,0.0008]
	でも:[0.0021,0.0016,0.0018,0.0000]
False-Positive

Section:6
	Ｆｌａｇ：：１００１
	３．ウェットヘアスタイル
	全体をモードな仕上がりにするウェット感ヘアスタイル。
	束感を作るヘアスタイルではなく、流れときっちりとした清潔感でルックスを掌握する髪型です。
	全体はマッシュベースでカットし、アップバングを取り入れた方はアシメ風に仕上げましょう。
	直毛すぎる人はニュアンスパーマで動きをつけるのがおすすめ。
	髪型のセット方法
	全体を乾かすときに、七三部分を軽くクセ付けする。
	少し水分を残し、ジェルタイプワックスを根本からなじませる。
	束感が欲しい人は、ジェルタイプとクリームタイプを併用。
	全体にワックスが行き渡ったら、七三の三部分を軽く後ろに持っていく。
	自然乾燥させて完成。
Score:0.00108530107324
EACH_TAG_SCORE:
	image:0.00025680919799
	table:0.000239786312092
	graph:0.000126764836845
	flow:0.000461940726312
PARA:
Clueword:
	乾かす:[0.0000,0.0000,0.0000,0.0000]
	自然:[0.0000,0.0000,0.0000,0.0000]
	乾燥:[0.0002,0.0000,0.0000,0.0000]
	タイプ:[0.0000,0.0000,0.0000,0.0000]
	後ろ:[0.0017,0.0003,0.0000,0.0000]
	併用:[0.0000,0.0000,0.0000,0.0000]
	方法:[0.0032,0.0048,0.0005,0.0017]
	つける:[0.0009,0.0009,0.0000,0.0000]
	七三:[0.0000,0.0000,0.0000,0.0000]
	付ける:[0.0011,0.0002,0.0007,0.0000]
	欲しい:[0.0001,0.0000,0.0000,0.0000]
	根本:[0.0000,0.0009,0.0000,0.0000]
	すぎる:[0.0013,0.0013,0.0009,0.0000]
	きっちり:[0.0000,0.0000,0.0000,0.0000]
	アシメ:[0.0000,0.0000,0.0000,0.0000]
	ニュアンス:[0.0000,0.0002,0.0000,0.0000]
	セット:[0.0000,0.0000,0.0000,0.0000]
	ベース:[0.0000,0.0000,0.0000,0.0000]
	流れる:[0.0001,0.0001,0.0000,0.0815]
	アップバング:[0.0000,0.0000,0.0000,0.0000]
	仕上げる:[0.0000,0.0000,0.0000,0.0000]
	全体:[0.0005,0.0002,0.0000,0.0000]
	すすめる:[0.0002,0.0009,0.0000,0.0000]
	動く:[0.0008,0.0007,0.0011,0.0000]
	取り入れる:[0.0001,0.0000,0.0000,0.0000]
	いく:[0.0006,0.0001,0.0005,0.0008]
	ジェル:[0.0000,0.0000,0.0000,0.0000]
	する:[0.0289,0.0260,0.0123,0.0269]
	マッシュ:[0.0000,0.0000,0.0000,0.0000]
	水分:[0.0000,0.0003,0.0000,0.0000]
	作る:[0.0005,0.0002,0.0000,0.0021]
	ます:[0.0222,0.0199,0.0169,0.0211]
	持つ:[0.0001,0.0001,0.0000,0.0009]
	から:[0.0045,0.0053,0.0018,0.0011]
	掌握:[0.0000,0.0000,0.0000,0.0000]
	なじむ:[0.0000,0.0000,0.0000,0.0000]
	ワックス:[0.0000,0.0000,0.0000,0.0000]
	完成:[0.0000,0.0000,0.0000,0.0000]
	髪型:[0.0000,0.0000,0.0000,0.0000]
	ウェット:[0.0000,0.0000,0.0000,0.0000]
	残す:[0.0000,0.0000,0.0000,0.0000]
	部分:[0.0028,0.0007,0.0000,0.0000]
	モード:[0.0000,0.0000,0.0000,0.0000]
	ルックス:[0.0000,0.0000,0.0000,0.0000]
	カット:[0.0000,0.0000,0.0000,0.0000]
	せる:[0.0007,0.0005,0.0000,0.0011]
	スタイル:[0.0002,0.0003,0.0000,0.0000]
	パーマ:[0.0000,0.0000,0.0000,0.0000]
	軽い:[0.0000,0.0003,0.0000,0.0000]
	清潔だ:[0.0002,0.0002,0.0000,0.0000]
	クセ:[0.0000,0.0000,0.0000,0.0000]
	仕上がる:[0.0000,0.0000,0.0000,0.0000]
	行く:[0.0000,0.0000,0.0000,0.0000]
	ない:[0.0067,0.0084,0.0038,0.0027]
	クリーム:[0.0000,0.0000,0.0000,0.0000]
True-Positive

Section:4
	Ｆｌａｇ：：１００１
	１．ベリーショートスタイル
	髪型セットベリーショート
	全体を短めにカットしたメンズヘアスタイル。
	サイドと襟足はすっきりとさせ、トップ部分はレイヤーを施して束感が出やすいようにしましょう。
	パーマもカラーも必要ありません。
	髪型のセット方法
	全体の髪を軽く濡らします。
	ドライヤーをかけながら、トップを軽く立ち上げる。
	ジェルタイプまたはグリースタイプのワックスをなじませる。
	立ち上げを良くしたい人は、クリームタイプと混ぜてセットする。
	握るようにスタイリングしてキープ力を上げたら完成。
Score:0.00106072427538
EACH_TAG_SCORE:
	image:0.000356378419173
	table:0.000312562472095
	graph:0.000151505379773
	flow:0.000240278004342
PARA:
Clueword:
	スタイ:[0.0000,0.0000,0.0000,0.0000]
	ジェル:[0.0000,0.0000,0.0000,0.0000]
	カラー:[0.0001,0.0001,0.0000,0.0000]
	メンズ:[0.0000,0.0000,0.0000,0.0000]
	かける:[0.0005,0.0005,0.0000,0.0012]
	リング:[0.0002,0.0000,0.0000,0.0000]
	タイプ:[0.0000,0.0000,0.0000,0.0000]
	めだ:[0.0029,0.0000,0.0000,0.0000]
	ショート:[0.0000,0.0000,0.0000,0.0000]
	混ぜる:[0.0000,0.0003,0.0000,0.0000]
	ながら:[0.0005,0.0001,0.0000,0.0000]
	立ち上げる:[0.0000,0.0000,0.0000,0.0000]
	施す:[0.0000,0.0000,0.0000,0.0000]
	ワックス:[0.0000,0.0000,0.0000,0.0000]
	なじむ:[0.0000,0.0000,0.0000,0.0000]
	レイヤー:[0.0000,0.0000,0.0000,0.0000]
	完成:[0.0000,0.0000,0.0000,0.0000]
	髪型:[0.0000,0.0000,0.0000,0.0000]
	部分:[0.0028,0.0007,0.0000,0.0000]
	たい:[0.0004,0.0005,0.0006,0.0000]
	短い:[0.0017,0.0000,0.0000,0.0000]
	する:[0.0289,0.0260,0.0123,0.0269]
	方法:[0.0032,0.0048,0.0005,0.0017]
	トップ:[0.0000,0.0003,0.0000,0.0000]
	ます:[0.0222,0.0199,0.0169,0.0211]
	必要だ:[0.0020,0.0039,0.0006,0.0010]
	良い:[0.0007,0.0006,0.0005,0.0000]
	カット:[0.0000,0.0000,0.0000,0.0000]
	または:[0.0002,0.0000,0.0000,0.0000]
	せる:[0.0007,0.0005,0.0000,0.0011]
	ある:[0.0106,0.0115,0.0058,0.0064]
	ベリー:[0.0000,0.0000,0.0000,0.0000]
	セット:[0.0000,0.0000,0.0000,0.0000]
	ドライヤー:[0.0000,0.0000,0.0000,0.0000]
	濡らす:[0.0000,0.0000,0.0000,0.0000]
	スタイル:[0.0002,0.0003,0.0000,0.0000]
	全体:[0.0005,0.0002,0.0000,0.0000]
	握る:[0.0000,0.0000,0.0000,0.0000]
	出る:[0.0009,0.0009,0.0012,0.0000]
	上げる:[0.0001,0.0000,0.0000,0.0000]
	パーマ:[0.0000,0.0000,0.0000,0.0000]
	軽い:[0.0000,0.0003,0.0000,0.0000]
	やすい:[0.0055,0.0080,0.0000,0.0016]
	ようだ:[0.0057,0.0000,0.0000,0.0000]
	サイド:[0.0000,0.0000,0.0000,0.0000]
	クリーム:[0.0000,0.0000,0.0000,0.0000]
True-Positive

Section:8
	Ｆｌａｇ：：１００１
	５．ソフトモヒカンスタイル
	若者の生き生きとした雰囲気が見てとれる攻撃的なヘアスタイル。
	前髪を立ち上げる髪型なため、髪が長めになってしまうとスタイリングしずらい。
	前髪を反り返らせるようにカットし、全体のアウトラインは長めに残しておきます。
	動きがつけにくい人は立ち上げるニュアンスパーマをかけましょう。
	髪型のセット方法
	前髪を立ち上げるように乾かす。
	サイドは手で抑えて、膨らみを防止。
	全体にワックスをつけていき、一度立ち上げる。
	シルエットを整えるように両手で挟みながらモヒカンを作る。
	毛束をつまみ、動きをつけていく。
	全体の束の根本とモヒカン部分にスプレーを吹きかける。
Score:0.000960529163196
EACH_TAG_SCORE:
	image:0.000317794215832
	table:0.000273267007008
	graph:0.000151818446008
	flow:0.000217649494347
PARA:
Clueword:
	乾かす:[0.0000,0.0000,0.0000,0.0000]
	膨らむ:[0.0003,0.0003,0.0000,0.0000]
	せる:[0.0007,0.0005,0.0000,0.0011]
	おく:[0.0011,0.0015,0.0012,0.0000]
	リング:[0.0002,0.0000,0.0000,0.0000]
	らい:[0.0003,0.0000,0.0000,0.0000]
	挟む:[0.0003,0.0003,0.0000,0.0000]
	めだ:[0.0029,0.0000,0.0000,0.0000]
	ソフト:[0.0003,0.0001,0.0000,0.0000]
	しまう:[0.0014,0.0011,0.0016,0.0009]
	ため:[0.0035,0.0042,0.0007,0.0035]
	なる:[0.0111,0.0126,0.0094,0.0022]
	方法:[0.0032,0.0048,0.0005,0.0017]
	つける:[0.0009,0.0009,0.0000,0.0000]
	シルエット:[0.0000,0.0000,0.0000,0.0000]
	生き生き:[0.0000,0.0000,0.0000,0.0000]
	根本:[0.0000,0.0009,0.0000,0.0000]
	前髪:[0.0000,0.0000,0.0000,0.0000]
	ニュアンス:[0.0000,0.0002,0.0000,0.0000]
	スタイ:[0.0000,0.0000,0.0000,0.0000]
	セット:[0.0000,0.0000,0.0000,0.0000]
	若者:[0.0000,0.0000,0.0000,0.0000]
	両手:[0.0000,0.0000,0.0000,0.0000]
	攻撃:[0.0003,0.0000,0.0000,0.0020]
	動く:[0.0008,0.0007,0.0011,0.0000]
	防止:[0.0000,0.0000,0.0000,0.0000]
	全体:[0.0005,0.0002,0.0000,0.0000]
	ようだ:[0.0057,0.0000,0.0000,0.0000]
	いく:[0.0006,0.0001,0.0005,0.0008]
	アウト:[0.0000,0.0000,0.0000,0.0000]
	する:[0.0289,0.0260,0.0123,0.0269]
	的だ:[0.0000,0.0017,0.0000,0.0000]
	作る:[0.0005,0.0002,0.0000,0.0021]
	吹きかける:[0.0000,0.0000,0.0000,0.0000]
	ます:[0.0222,0.0199,0.0169,0.0211]
	立ち上げる:[0.0000,0.0000,0.0000,0.0000]
	にくい:[0.0009,0.0018,0.0000,0.0000]
	反る:[0.0008,0.0009,0.0000,0.0000]
	しず:[0.0000,0.0000,0.0000,0.0000]
	ワックス:[0.0000,0.0000,0.0000,0.0000]
	整える:[0.0000,0.0000,0.0000,0.0000]
	髪型:[0.0000,0.0000,0.0000,0.0000]
	残す:[0.0000,0.0000,0.0000,0.0000]
	部分:[0.0028,0.0007,0.0000,0.0000]
	見てとれる:[0.0000,0.0000,0.0000,0.0000]
	スプレー:[0.0000,0.0000,0.0000,0.0000]
	カット:[0.0000,0.0000,0.0000,0.0000]
	モヒカン:[0.0000,0.0000,0.0000,0.0000]
	かける:[0.0005,0.0005,0.0000,0.0012]
	ながら:[0.0005,0.0001,0.0000,0.0000]
	長い:[0.0022,0.0006,0.0015,0.0000]
	スタイル:[0.0002,0.0003,0.0000,0.0000]
	パーマ:[0.0000,0.0000,0.0000,0.0000]
	ライン:[0.0000,0.0000,0.0000,0.0000]
	雰囲気:[0.0005,0.0002,0.0000,0.0000]
	つまむ:[0.0000,0.0000,0.0000,0.0000]
	抑える:[0.0011,0.0008,0.0000,0.0017]
	サイド:[0.0000,0.0000,0.0000,0.0000]
False-Negative

Section:5
	Ｆｌａｇ：：１００１
	２．ショートヘアで簡単かつおしゃれに見せる！
	スタイリッシュな仕上がりがおしゃれに見えるメンズヘアスタイル。
	ショートスタイルは見た目から清潔感を与えることが簡単なヘアスタイルです。
	ショートスタイルにはツーブロックをプラスしてさらに男らしいヘアスタイルにアレンジしちゃいましょう！
	髪型のセット方法
	全体を根本から濡らす。
	ドライヤーをＨＯＴにして、乾かしながらトップ部分を立ち上げ、七三部分をクセ付ける。
	立ち上がったら、ＣＯＯＬで一気に冷やす。
	ワックスを根本からしっかりとなじませ、指と指で挟んで束感を作る。
	前髪は最後の残ったワックスでスタイリングして太めの束を作る。
	最後に毛先をつまんでスプレーを散らす。
Score:0.000937418745542
EACH_TAG_SCORE:
	image:0.000290651298861
	table:0.000232710207515
	graph:0.000119101320271
	flow:0.000294955918895
PARA:
Clueword:
	スタイ:[0.0000,0.0000,0.0000,0.0000]
	めだ:[0.0029,0.0000,0.0000,0.0000]
	メンズ:[0.0000,0.0000,0.0000,0.0000]
	乾かす:[0.0000,0.0000,0.0000,0.0000]
	七三:[0.0000,0.0000,0.0000,0.0000]
	冷やす:[0.0000,0.0000,0.0000,0.0000]
	リング:[0.0002,0.0000,0.0000,0.0000]
	立つ:[0.0007,0.0010,0.0000,0.0000]
	挟む:[0.0003,0.0003,0.0000,0.0000]
	作る:[0.0005,0.0002,0.0000,0.0021]
	トップ:[0.0000,0.0003,0.0000,0.0000]
	ます:[0.0222,0.0199,0.0169,0.0211]
	ショート:[0.0000,0.0000,0.0000,0.0000]
	部分:[0.0028,0.0007,0.0000,0.0000]
	見せる:[0.0000,0.0000,0.0000,0.0000]
	最後だ:[0.0004,0.0000,0.0000,0.0202]
	から:[0.0045,0.0053,0.0018,0.0011]
	与える:[0.0004,0.0001,0.0000,0.0000]
	なじむ:[0.0000,0.0000,0.0000,0.0000]
	ワックス:[0.0000,0.0000,0.0000,0.0000]
	見える:[0.0027,0.0014,0.0000,0.0000]
	髪型:[0.0000,0.0000,0.0000,0.0000]
	太い:[0.0072,0.0020,0.0000,0.0000]
	男らしい:[0.0000,0.0000,0.0000,0.0000]
	アレンジ:[0.0000,0.0000,0.0000,0.0000]
	方法:[0.0032,0.0048,0.0005,0.0017]
	つまむ:[0.0000,0.0000,0.0000,0.0000]
	する:[0.0289,0.0260,0.0123,0.0269]
	付ける:[0.0011,0.0002,0.0007,0.0000]
	根本:[0.0000,0.0009,0.0000,0.0000]
	さらに:[0.0009,0.0008,0.0000,0.0140]
	しっかり:[0.0000,0.0000,0.0000,0.0000]
	前髪:[0.0000,0.0000,0.0000,0.0000]
	簡単だ:[0.0000,0.0004,0.0000,0.0000]
	こと:[0.0066,0.0067,0.0051,0.0056]
	見た目:[0.0031,0.0002,0.0006,0.0000]
	せる:[0.0007,0.0005,0.0000,0.0011]
	ドライヤー:[0.0000,0.0000,0.0000,0.0000]
	ながら:[0.0005,0.0001,0.0000,0.0000]
	セット:[0.0000,0.0000,0.0000,0.0000]
	濡らす:[0.0000,0.0000,0.0000,0.0000]
	一気だ:[0.0000,0.0000,0.0000,0.0000]
	スタイル:[0.0002,0.0003,0.0000,0.0000]
	ツーブロック:[0.0000,0.0000,0.0000,0.0000]
	おしゃれだ:[0.0011,0.0013,0.0000,0.0000]
	毛先:[0.0000,0.0000,0.0000,0.0000]
	スタイリッシュだ:[0.0000,0.0000,0.0000,0.0000]
	スプレー:[0.0000,0.0000,0.0000,0.0000]
	残る:[0.0000,0.0000,0.0000,0.0000]
	清潔だ:[0.0002,0.0002,0.0000,0.0000]
	クセ:[0.0000,0.0000,0.0000,0.0000]
	プラス:[0.0000,0.0000,0.0000,0.0000]
	仕上がる:[0.0000,0.0000,0.0000,0.0000]
	全体:[0.0005,0.0002,0.0000,0.0000]
	散らす:[0.0000,0.0000,0.0000,0.0000]
	立ち上げる:[0.0000,0.0000,0.0000,0.0000]
	上がる:[0.0005,0.0002,0.0000,0.0000]
False-Negative

Section:3
	Ｆｌａｇ：：１０００
	ブローに重視して、ヘアスタイル２５種類のセット方法をご覧ください。
CUTOFF SECTION:Too Short

True-Negative:0
False-Positive:1
Too Short:1
True-Positive:4
False-Negative:2
precision = 0.800000
recall = 0.666667
fvalue = 0.727273