Section:4
	Ｆｌａｇ：：００００
	遠田さんに伺うと・・・
	“観賞用の菊を栽培していたときは、もっとずっと穏やかな花で、すぐアブラ虫がついて、その対策に大わらわだったけれど、高橋剛さんのご指導を受け、土にボカシ肥を混ぜて、食用菊「もってのほか」を育てるようになったら、無農薬でも虫も全くつかず、菊が荒々しく咲き誇るようになった”そうです。
	遠田さんの丹精こめた「もってのほか」は、すべて「バランスアルファ」の材料として、完全無農薬・無化学肥料で栽培されており、外側の緑色のガクもいっしょに摘み取られて、そのまま玄米等といっしょに醗酵させます。
Score:0.00125099995852
EACH_TAG_SCORE:
	image:0.000377637455366
	table:0.000303398996443
	graph:0.000244948905447
	flow:0.00032501460126
PARA:
Clueword:
	もっと:[0.0000,0.0000,0.0000,0.0000]
	そのまま:[0.0001,0.0002,0.0000,0.0000]
	完全だ:[0.0001,0.0000,0.0000,0.0000]
	遠田:[0.0000,0.0000,0.0000,0.0000]
	対策:[0.0008,0.0005,0.0000,0.0035]
	摘み取る:[0.0000,0.0000,0.0000,0.0000]
	混ぜる:[0.0000,0.0003,0.0000,0.0000]
	れる:[0.0010,0.0000,0.0000,0.0000]
	さん:[0.0000,0.0004,0.0013,0.0000]
	なる:[0.0111,0.0126,0.0094,0.0022]
	受ける:[0.0001,0.0005,0.0000,0.0000]
	する:[0.0289,0.0260,0.0123,0.0269]
	緑色:[0.0000,0.0000,0.0000,0.0000]
	いる:[0.0118,0.0087,0.0055,0.0051]
	栽培:[0.0002,0.0000,0.0000,0.0000]
	指導:[0.0000,0.0000,0.0000,0.0000]
	肥料:[0.0016,0.0000,0.0000,0.0000]
	つく:[0.0015,0.0008,0.0006,0.0010]
	材料:[0.0000,0.0000,0.0000,0.0000]
	ずっと:[0.0000,0.0000,0.0000,0.0000]
	全く:[0.0002,0.0002,0.0000,0.0000]
	ようだ:[0.0057,0.0000,0.0000,0.0000]
	咲き誇る:[0.0000,0.0000,0.0000,0.0000]
	すぐ:[0.0005,0.0009,0.0000,0.0000]
	ます:[0.0222,0.0199,0.0169,0.0211]
	化学:[0.0000,0.0011,0.0000,0.0000]
	外側:[0.0041,0.0020,0.0000,0.0000]
	その:[0.0035,0.0019,0.0000,0.0233]
	もってのほかだ:[0.0000,0.0000,0.0000,0.0000]
	おる:[0.0001,0.0001,0.0000,0.0000]
	せる:[0.0007,0.0005,0.0000,0.0011]
	こめる:[0.0000,0.0000,0.0000,0.0000]
	すべて:[0.0002,0.0008,0.0060,0.0000]
	でも:[0.0021,0.0016,0.0018,0.0000]
	食用:[0.0000,0.0000,0.0000,0.0000]
	玄米:[0.0000,0.0000,0.0000,0.0000]
	バランス:[0.0032,0.0011,0.0109,0.0015]
False-Positive

Section:3
	Ｆｌａｇ：：１０００
	菊（もってのほか）の栽培農家を訪ねて
	山形県真室川の遠田さんの菊畑にお邪魔しました。
	遠田さんの畑は、真室川でも山側に位置し、時々クマも遊びに来るそうです。
	ハウスの中は、紫色の食用菊「もってのほか」がこれでもかと咲き誇り、あとは、摘み取りを待つばかり。
	天にむかって、花びらを突き上げる姿に、強い強い野生を感じました。
Score:0.00119952022843
EACH_TAG_SCORE:
	image:0.000353098678548
	table:0.00031092226135
	graph:0.000193436004996
	flow:0.00034206328354
PARA:
Clueword:
	感じる:[0.0010,0.0009,0.0006,0.0000]
	お邪魔:[0.0000,0.0000,0.0000,0.0000]
	栽培:[0.0002,0.0000,0.0000,0.0000]
	クマ:[0.0000,0.0000,0.0000,0.0000]
	遠田:[0.0000,0.0000,0.0000,0.0000]
	摘み取る:[0.0000,0.0000,0.0000,0.0000]
	突き上げる:[0.0003,0.0003,0.0000,0.0000]
	あと:[0.0000,0.0000,0.0000,0.0101]
	ます:[0.0222,0.0199,0.0169,0.0211]
	農家:[0.0000,0.0000,0.0000,0.0000]
	強い:[0.0008,0.0011,0.0000,0.0000]
	待つ:[0.0002,0.0011,0.0000,0.0000]
	遊ぶ:[0.0000,0.0000,0.0000,0.0000]
	さん:[0.0000,0.0004,0.0013,0.0000]
	紫色:[0.0000,0.0000,0.0000,0.0000]
	真室川:[0.0000,0.0000,0.0000,0.0000]
	これ:[0.0017,0.0014,0.0000,0.0000]
	時々:[0.0000,0.0000,0.0000,0.0000]
	する:[0.0289,0.0260,0.0123,0.0269]
	位置:[0.0027,0.0000,0.0000,0.0000]
	咲き誇る:[0.0000,0.0000,0.0000,0.0000]
	もってのほかだ:[0.0000,0.0000,0.0000,0.0000]
	ハウス:[0.0000,0.0000,0.0000,0.0000]
	野生:[0.0000,0.0000,0.0000,0.0000]
	むかう:[0.0000,0.0000,0.0000,0.0000]
	来る:[0.0000,0.0000,0.0000,0.0000]
	訪ねる:[0.0000,0.0000,0.0000,0.0000]
	山形:[0.0000,0.0000,0.0000,0.0000]
	でも:[0.0021,0.0016,0.0018,0.0000]
	食用:[0.0000,0.0000,0.0000,0.0000]
	花びら:[0.0000,0.0000,0.0000,0.0000]
True-Positive

Section:2
	Ｆｌａｇ：：１０００
	これは、菊の花に鎮痛作用や解毒作用、解熱作用があると考えられているためで、動脈硬化の漢方薬に配合されることもあります。
	日本大学薬学部・理学部の研究では・・・
	食用菊に含まれているクロロゲン酸とイソクロロゲン酸は、動脈硬化などの生活習慣病を引き起こす元凶となる悪玉コレステロールの低下、中性脂肪を低下させる効果があると発表されています。
	「もってのほか」には、クロロゲン酸とイソクロロゲン酸が特に多く含まれているそうです。
	また、山形県衛生研究所では、「もってのほか」の花びらに含まれるヘリアントリオールＣとファラジオールが発ガン予防に優れた効果を示していると実証されています。
	自律神経を安定させる働きも。
	これは、菊花の香りの成分（テルペン）は、リラックス効果が高くイライラを取り除いてくれるためだと言われています。
	最近の研究では菊の花の匂い成分が脳神経の機能を回復し、脳の老化を予防するという研究報告もあります。
Score:0.00103076561778
EACH_TAG_SCORE:
	image:0.00027716446487
	table:0.000268373170946
	graph:0.00028293910207
	flow:0.000202288879895
PARA:
Clueword:
	香る:[0.0000,0.0000,0.0000,0.0000]
	配合:[0.0003,0.0000,0.0000,0.0000]
	自律:[0.0000,0.0002,0.0009,0.0000]
	実証:[0.0000,0.0000,0.0000,0.0000]
	テルペン:[0.0000,0.0000,0.0000,0.0000]
	機能:[0.0001,0.0005,0.0000,0.0000]
	れる:[0.0010,0.0000,0.0000,0.0000]
	脂肪:[0.0008,0.0009,0.0000,0.0000]
	成分:[0.0000,0.0000,0.0000,0.0000]
	動脈:[0.0000,0.0000,0.0000,0.0000]
	理学部:[0.0000,0.0000,0.0000,0.0000]
	解毒:[0.0000,0.0000,0.0000,0.0000]
	作用:[0.0000,0.0000,0.0000,0.0000]
	日本:[0.0007,0.0005,0.0000,0.0000]
	特に:[0.0000,0.0005,0.0000,0.0000]
	含む:[0.0002,0.0003,0.0011,0.0000]
	いる:[0.0118,0.0087,0.0055,0.0051]
	研究:[0.0000,0.0000,0.0019,0.0000]
	なる:[0.0111,0.0126,0.0094,0.0022]
	引き起こす:[0.0000,0.0000,0.0000,0.0000]
	安定:[0.0000,0.0000,0.0000,0.0000]
	硬化:[0.0000,0.0000,0.0000,0.0000]
	いう:[0.0027,0.0019,0.0023,0.0028]
	鎮痛:[0.0000,0.0000,0.0000,0.0000]
	解熱:[0.0000,0.0000,0.0000,0.0000]
	漢方:[0.0000,0.0000,0.0000,0.0000]
	優れる:[0.0002,0.0006,0.0000,0.0000]
	薬学:[0.0000,0.0000,0.0000,0.0000]
	中性:[0.0000,0.0000,0.0000,0.0000]
	低下:[0.0002,0.0007,0.0086,0.0000]
	ファラジ:[0.0000,0.0000,0.0000,0.0000]
	花びら:[0.0000,0.0000,0.0000,0.0000]
	イライラ:[0.0000,0.0000,0.0008,0.0000]
	菊花:[0.0000,0.0000,0.0000,0.0000]
	言う:[0.0008,0.0010,0.0000,0.0000]
	山形:[0.0000,0.0000,0.0000,0.0000]
	効果:[0.0002,0.0009,0.0000,0.0000]
	取り除く:[0.0000,0.0000,0.0000,0.0000]
	働く:[0.0006,0.0002,0.0000,0.0000]
	発表:[0.0000,0.0000,0.0000,0.0000]
	多い:[0.0027,0.0029,0.0156,0.0000]
	する:[0.0289,0.0260,0.0123,0.0269]
	イソクロロゲン:[0.0000,0.0000,0.0000,0.0000]
	オール:[0.0000,0.0003,0.0000,0.0000]
	リラックス:[0.0000,0.0000,0.0000,0.0000]
	習慣:[0.0000,0.0000,0.0000,0.0000]
	示す:[0.0024,0.0002,0.0000,0.0000]
	クロロゲン酸:[0.0000,0.0000,0.0000,0.0000]
	ます:[0.0222,0.0199,0.0169,0.0211]
	報告:[0.0007,0.0029,0.0000,0.0000]
	生活:[0.0004,0.0005,0.0000,0.0000]
	また:[0.0027,0.0020,0.0021,0.0036]
	予防:[0.0000,0.0000,0.0000,0.0000]
	くれる:[0.0005,0.0001,0.0000,0.0000]
	回復:[0.0005,0.0006,0.0008,0.0000]
	発ガン:[0.0000,0.0000,0.0000,0.0000]
	これ:[0.0017,0.0014,0.0000,0.0000]
	匂う:[0.0000,0.0000,0.0000,0.0000]
	衛生:[0.0000,0.0000,0.0000,0.0000]
	考える:[0.0006,0.0008,0.0015,0.0000]
	られる:[0.0000,0.0017,0.0000,0.0000]
	高い:[0.0012,0.0012,0.0266,0.0000]
	ある:[0.0106,0.0115,0.0058,0.0064]
	大学:[0.0001,0.0000,0.0000,0.0000]
	もってのほかだ:[0.0000,0.0000,0.0000,0.0000]
	最近:[0.0000,0.0001,0.0005,0.0067]
	神経:[0.0000,0.0002,0.0008,0.0000]
	老化:[0.0000,0.0000,0.0000,0.0000]
	せる:[0.0007,0.0005,0.0000,0.0011]
	ため:[0.0035,0.0042,0.0007,0.0035]
	こと:[0.0066,0.0067,0.0051,0.0056]
	悪玉:[0.0000,0.0000,0.0000,0.0000]
	食用:[0.0000,0.0000,0.0000,0.0000]
	元凶:[0.0000,0.0000,0.0000,0.0000]
True-Positive

Section:1
	Ｆｌａｇ：：００００
	菊（もってのほか）｜バランスアルファの原材料
	菊の【歴史・由来】
	キク科キク属。
	中国において、菊は古代より長寿の花として菊茶菊花酒漢方薬として飲まれていましたが・・・
	食用菊は、苦みが少なく花弁を大きく改良された品種のこと。
	日本で食用菊として栽培されている延命楽は奈良時代に中国から伝来し、江戸時代から一般的に食べられるようになったと言われています。
	延命楽は山形県では、「もってのほか」「もって菊」と呼ばれていますが、名前の由来は・・・
	「食べて見ると、もってのほか美味しい」など様々ですが、
	まさに思いの外美味しいのがこの品種。
	味の良さで『食用菊の横綱』と評価されています。
	もってのほかは一般的な食用菊とは違い、花びらは筒状になっていて調理の際に型崩れしにくいという特徴があり、苦みが少なく、繊維質が豊富で、カロテン、カリウム、カルシウム、リンを多く含んでいます。
	菊の【効果・効能】
	中国の薬草の古典「神農本草経」には、長い間菊花を服用しているといつまでも若さを保てるという内容が記されています。
	民間療法では・・・
	目の痛みや視力改善、高血圧症状の改善に有効とされていて、特にお湯で花を浸したものをまぶたの上に乗せることで、疲れ目の回復に用いられています。
	漢方の世界では・・・
	風邪をはじめ、悪寒や発熱といった症状に対して煎じ汁が飲用されています。
Score:0.00091743577529
EACH_TAG_SCORE:
	image:0.000253442943637
	table:0.000300927371708
	graph:0.000221214204033
	flow:0.000141851255911
PARA:
Clueword:
	呼ぶ:[0.0015,0.0009,0.0000,0.0015]
	古典:[0.0000,0.0000,0.0000,0.0000]
	より:[0.0047,0.0025,0.0220,0.0000]
	おく:[0.0011,0.0015,0.0012,0.0000]
	多い:[0.0027,0.0029,0.0156,0.0000]
	風邪:[0.0000,0.0006,0.0000,0.0000]
	にくい:[0.0009,0.0018,0.0000,0.0000]
	発熱:[0.0000,0.0002,0.0010,0.0000]
	特徴:[0.0033,0.0082,0.0000,0.0000]
	れる:[0.0010,0.0000,0.0000,0.0000]
	一般:[0.0007,0.0011,0.0000,0.0025]
	品種:[0.0001,0.0000,0.0000,0.0000]
	いう:[0.0027,0.0019,0.0023,0.0028]
	用いる:[0.0005,0.0000,0.0000,0.0000]
	はじめる:[0.0001,0.0000,0.0000,0.0000]
	日本:[0.0007,0.0005,0.0000,0.0000]
	する:[0.0289,0.0260,0.0123,0.0269]
	含む:[0.0002,0.0003,0.0011,0.0000]
	言う:[0.0008,0.0010,0.0000,0.0000]
	いる:[0.0118,0.0087,0.0055,0.0051]
	疲れる:[0.0001,0.0001,0.0000,0.0000]
	なる:[0.0111,0.0126,0.0094,0.0022]
	少ない:[0.0000,0.0005,0.0000,0.0000]
	世界:[0.0002,0.0000,0.0000,0.0000]
	バランス:[0.0032,0.0011,0.0109,0.0015]
	長寿:[0.0001,0.0000,0.0000,0.0000]
	漢方:[0.0000,0.0000,0.0000,0.0000]
	もつ:[0.0000,0.0000,0.0000,0.0000]
	民間:[0.0000,0.0000,0.0000,0.0000]
	食べる:[0.0000,0.0000,0.0000,0.0000]
	見る:[0.0016,0.0012,0.0012,0.0000]
	菊花:[0.0000,0.0000,0.0000,0.0000]
	山形:[0.0000,0.0000,0.0000,0.0000]
	効果:[0.0002,0.0009,0.0000,0.0000]
	ようだ:[0.0057,0.0000,0.0000,0.0000]
	飲用:[0.0000,0.0002,0.0000,0.0000]
	花びら:[0.0000,0.0000,0.0000,0.0000]
	様々だ:[0.0030,0.0001,0.0000,0.0000]
	栽培:[0.0002,0.0000,0.0000,0.0000]
	特に:[0.0000,0.0005,0.0000,0.0000]
	崩れる:[0.0002,0.0003,0.0010,0.0017]
	ます:[0.0222,0.0199,0.0169,0.0211]
	まさに:[0.0000,0.0000,0.0000,0.0000]
	時代:[0.0000,0.0000,0.0000,0.0000]
	名前:[0.0013,0.0007,0.0000,0.0024]
	から:[0.0045,0.0053,0.0018,0.0011]
	歴史:[0.0000,0.0000,0.0000,0.0000]
	大きい:[0.0030,0.0018,0.0126,0.0000]
	回復:[0.0005,0.0006,0.0008,0.0000]
	原材料:[0.0000,0.0000,0.0000,0.0000]
	良い:[0.0007,0.0006,0.0005,0.0000]
	有効だ:[0.0000,0.0001,0.0000,0.0000]
	もの:[0.0027,0.0015,0.0007,0.0022]
	症状:[0.0072,0.0264,0.0031,0.0000]
	られる:[0.0000,0.0017,0.0000,0.0000]
	もってのほかだ:[0.0000,0.0000,0.0000,0.0000]
	飲む:[0.0000,0.0005,0.0000,0.0000]
	豊富だ:[0.0001,0.0000,0.0005,0.0000]
	調理:[0.0000,0.0000,0.0000,0.0000]
	ある:[0.0106,0.0115,0.0058,0.0064]
	痛む:[0.0017,0.0025,0.0010,0.0000]
	対する:[0.0000,0.0006,0.0000,0.0000]
	長い:[0.0022,0.0006,0.0015,0.0000]
	血圧:[0.0001,0.0002,0.0000,0.0000]
	改善:[0.0001,0.0013,0.0000,0.0000]
	的だ:[0.0000,0.0017,0.0000,0.0000]
	繊維:[0.0000,0.0017,0.0000,0.0000]
	こと:[0.0066,0.0067,0.0051,0.0056]
	内容:[0.0010,0.0033,0.0000,0.0011]
	食用:[0.0000,0.0000,0.0000,0.0000]
	ほか:[0.0002,0.0000,0.0007,0.0000]
	違う:[0.0023,0.0192,0.0018,0.0000]
	この:[0.0019,0.0018,0.0007,0.0033]
True-Negative

True-Negative:1
False-Positive:1
Too Short:0
True-Positive:2
False-Negative:0
precision = 0.666667
recall = 1.000000
fvalue = 0.800000