Section:2
	Ｆｌａｇ：：１０００
	ストリートファッションとは、ファッションブランドが発表したコレクションに囚われず、
	街中から自発的に流行り出したファッションのことです。
	つまり、モードに対抗して
	いる形になります。
Score:0.00279856664475
EACH_TAG_SCORE:
	image:0.000851128401016
	table:0.000806444589356
	graph:0.000526460348971
	flow:0.000614533305409
PARA:
Clueword:
	する:[0.0289,0.0260,0.0123,0.0269]
	コレクション:[0.0000,0.0000,0.0000,0.0000]
	発表:[0.0000,0.0000,0.0000,0.0000]
	いる:[0.0118,0.0087,0.0055,0.0051]
	自発:[0.0000,0.0000,0.0000,0.0000]
	ます:[0.0222,0.0199,0.0169,0.0211]
	ファッション:[0.0005,0.0002,0.0023,0.0000]
	ストリート:[0.0000,0.0000,0.0000,0.0000]
	的だ:[0.0000,0.0017,0.0000,0.0000]
	モード:[0.0000,0.0000,0.0000,0.0000]
	対抗:[0.0000,0.0000,0.0000,0.0000]
	囚われる:[0.0000,0.0000,0.0000,0.0000]
	ブランド:[0.0000,0.0000,0.0000,0.0000]
	流行る:[0.0000,0.0000,0.0000,0.0000]
	こと:[0.0066,0.0067,0.0051,0.0056]
	出す:[0.0003,0.0004,0.0000,0.0000]
	なる:[0.0111,0.0126,0.0094,0.0022]
	つまり:[0.0000,0.0000,0.0000,0.0000]
	から:[0.0045,0.0053,0.0018,0.0011]
True-Positive

Section:7
	Ｆｌａｇ：：１０００
	ストリートファッションの種類
	ストリート系といっても種類があります。
	その中の代表的なものをピックアップしてみました。
	【Ｂ系】
	アメリカから入ってきたファッションです。
	Ｂ系はｂｒｅａｋｉｎ、ｂｌａｃｋなどの意味を含み、アフリカ系アメリカ人が良く着ていたファッションのことです。
	大きめのＴシャツやボトムス、キャップ、腰パン、スニーカーが特徴的です。
Score:0.00223311295437
EACH_TAG_SCORE:
	image:0.000605156868259
	table:0.000715362420792
	graph:0.000391967814152
	flow:0.000520625851171
PARA:
Clueword:
	いう:[0.0027,0.0019,0.0023,0.0028]
	ピックアップ:[0.0000,0.0000,0.0000,0.0000]
	代表:[0.0000,0.0008,0.0000,0.0000]
	パン:[0.0000,0.0000,0.0000,0.0000]
	良い:[0.0007,0.0006,0.0005,0.0000]
	意味:[0.0008,0.0005,0.0000,0.0000]
	特徴:[0.0033,0.0082,0.0000,0.0000]
	キャップ:[0.0000,0.0000,0.0000,0.0000]
	ます:[0.0222,0.0199,0.0169,0.0211]
	くる:[0.0034,0.0012,0.0012,0.0010]
	から:[0.0045,0.0053,0.0018,0.0011]
	大きい:[0.0030,0.0018,0.0126,0.0000]
	みる:[0.0003,0.0003,0.0016,0.0000]
	その:[0.0035,0.0019,0.0000,0.0233]
	する:[0.0289,0.0260,0.0123,0.0269]
	含む:[0.0002,0.0003,0.0011,0.0000]
	スニーカー:[0.0000,0.0000,0.0000,0.0000]
	いる:[0.0118,0.0087,0.0055,0.0051]
	めだ:[0.0029,0.0000,0.0000,0.0000]
	着る:[0.0022,0.0021,0.0008,0.0000]
	ファッション:[0.0005,0.0002,0.0023,0.0000]
	ある:[0.0106,0.0115,0.0058,0.0064]
	ストリート:[0.0000,0.0000,0.0000,0.0000]
	こと:[0.0066,0.0067,0.0051,0.0056]
	種類:[0.0008,0.0317,0.0019,0.0000]
	ボトムス:[0.0000,0.0000,0.0000,0.0000]
	入る:[0.0008,0.0003,0.0000,0.0012]
	もの:[0.0027,0.0015,0.0007,0.0022]
	アメリカ:[0.0000,0.0000,0.0007,0.0000]
	的だ:[0.0000,0.0017,0.0000,0.0000]
	アフリカ:[0.0000,0.0000,0.0000,0.0000]
True-Positive

Section:4
	Ｆｌａｇ：：００１０
	ストリートファッションをけん引しているのは若者たちで、流行りも１０代から２０代前半が中心です。
	その時代の社会情勢や音楽の流行などとも密接な関係があります。
	広い意味ではほとんどのファッションがストリートに属してしまいますが、今のストリートファッションはアメカジがベースになっています。
Score:0.0021979746774
EACH_TAG_SCORE:
	image:0.000633413579999
	table:0.000587726320707
	graph:0.000404647784715
	flow:0.000572186991977
PARA:
Clueword:
	中心:[0.0002,0.0002,0.0000,0.0000]
	広い:[0.0002,0.0003,0.0000,0.0000]
	意味:[0.0008,0.0005,0.0000,0.0000]
	ます:[0.0222,0.0199,0.0169,0.0211]
	社会:[0.0000,0.0000,0.0000,0.0000]
	流行る:[0.0000,0.0000,0.0000,0.0000]
	関係:[0.0000,0.0006,0.0000,0.0000]
	時代:[0.0000,0.0000,0.0000,0.0000]
	から:[0.0045,0.0053,0.0018,0.0011]
	しまう:[0.0014,0.0011,0.0016,0.0009]
	なる:[0.0111,0.0126,0.0094,0.0022]
	その:[0.0035,0.0019,0.0000,0.0233]
	アメカジ:[0.0000,0.0000,0.0000,0.0000]
	属す:[0.0000,0.0000,0.0000,0.0000]
	する:[0.0289,0.0260,0.0123,0.0269]
	いる:[0.0118,0.0087,0.0055,0.0051]
	密接だ:[0.0000,0.0000,0.0000,0.0000]
	ファッション:[0.0005,0.0002,0.0023,0.0000]
	流行:[0.0000,0.0000,0.0000,0.0000]
	ストリート:[0.0000,0.0000,0.0000,0.0000]
	ベース:[0.0000,0.0000,0.0000,0.0000]
	ある:[0.0106,0.0115,0.0058,0.0064]
	ほとんど:[0.0006,0.0006,0.0060,0.0000]
	音楽:[0.0000,0.0000,0.0000,0.0000]
	若者:[0.0000,0.0000,0.0000,0.0000]
	前半:[0.0000,0.0000,0.0000,0.0000]
	情勢:[0.0000,0.0000,0.0000,0.0000]
	けん引:[0.0000,0.0000,0.0000,0.0000]
True-Positive

Section:13
	Ｆｌａｇ：：１０００
	持っていて役立つのは、テーラードジャケット、白シャツ、チノパン、ストレートジーンズ
	です。
	この４点はオールシーズンで活躍します。
	寒い季節ならメルトンウール製の
	ピーコートなどもいいですね。
Score:0.00210058344149
EACH_TAG_SCORE:
	image:0.000638095742487
	table:0.000555746407887
	graph:0.000360033069389
	flow:0.000546708221727
PARA:
Clueword:
	ます:[0.0222,0.0199,0.0169,0.0211]
	する:[0.0289,0.0260,0.0123,0.0269]
	いる:[0.0118,0.0087,0.0055,0.0051]
	この:[0.0019,0.0018,0.0007,0.0033]
	役立つ:[0.0001,0.0000,0.0005,0.0000]
	いい:[0.0009,0.0003,0.0014,0.0000]
	オール:[0.0000,0.0003,0.0000,0.0000]
	ジーンズ:[0.0000,0.0000,0.0000,0.0000]
	シーズン:[0.0000,0.0003,0.0000,0.0000]
	テーラードジャケット:[0.0000,0.0000,0.0000,0.0000]
	ピーコート:[0.0000,0.0000,0.0000,0.0000]
	チノパン:[0.0000,0.0000,0.0000,0.0000]
	持つ:[0.0001,0.0001,0.0000,0.0009]
	季節:[0.0000,0.0000,0.0000,0.0000]
	寒い:[0.0000,0.0000,0.0000,0.0000]
	なら:[0.0005,0.0002,0.0006,0.0000]
	メルトンウール:[0.0000,0.0000,0.0000,0.0000]
	活躍:[0.0000,0.0000,0.0000,0.0000]
	シャツ:[0.0005,0.0006,0.0000,0.0000]
True-Positive

Section:9
	Ｆｌａｇ：：１０００
	【スケーター系、エクストリーム系】
	こちらもアメリカから入ってきたファッションで８０年代から流行り始めました。
	派手なロゴデザインのＴシャツ、ハーフパンツがお馴染みでしたが、最近では多様化してきており、パンツはサルエルパンツだったりすることもあります。
	動きやすいのが特徴です。
Score:0.00202567653179
EACH_TAG_SCORE:
	image:0.000615029141603
	table:0.000602191624673
	graph:0.000319903649622
	flow:0.000488552115891
PARA:
Clueword:
	スケーター:[0.0000,0.0000,0.0000,0.0000]
	パンツ:[0.0001,0.0000,0.0000,0.0000]
	こちら:[0.0006,0.0005,0.0000,0.0011]
	サルエルパンツ:[0.0000,0.0000,0.0000,0.0000]
	特徴:[0.0033,0.0082,0.0000,0.0000]
	ます:[0.0222,0.0199,0.0169,0.0211]
	くる:[0.0034,0.0012,0.0012,0.0010]
	流行る:[0.0000,0.0000,0.0000,0.0000]
	から:[0.0045,0.0053,0.0018,0.0011]
	動く:[0.0008,0.0007,0.0011,0.0000]
	馴染む:[0.0002,0.0002,0.0000,0.0000]
	ロゴ:[0.0000,0.0000,0.0000,0.0000]
	する:[0.0289,0.0260,0.0123,0.0269]
	多様だ:[0.0000,0.0002,0.0000,0.0000]
	ファッション:[0.0005,0.0002,0.0023,0.0000]
	ある:[0.0106,0.0115,0.0058,0.0064]
	アメリカ:[0.0000,0.0000,0.0007,0.0000]
	こと:[0.0066,0.0067,0.0051,0.0056]
	おる:[0.0001,0.0001,0.0000,0.0000]
	ハーフ:[0.0000,0.0000,0.0000,0.0000]
	デザイン:[0.0000,0.0000,0.0000,0.0000]
	入る:[0.0008,0.0003,0.0000,0.0012]
	始める:[0.0003,0.0007,0.0000,0.0000]
	派手だ:[0.0032,0.0000,0.0000,0.0000]
	最近:[0.0000,0.0001,0.0005,0.0067]
	やすい:[0.0055,0.0080,0.0000,0.0016]
True-Positive

Section:5
	Ｆｌａｇ：：００００
	あります。
	広い意味ではほとんどのファッションがストリートに属してしまいますが、
	今のストリートファッションはアメカジがベースになっています。
	ストリート専門ショップのアイテムを確認はこちら
Score:0.00194569889577
EACH_TAG_SCORE:
	image:0.000583421042244
	table:0.000561003487616
	graph:0.000450903311877
	flow:0.000350371054032
PARA:
Clueword:
	属す:[0.0000,0.0000,0.0000,0.0000]
	こちら:[0.0006,0.0005,0.0000,0.0011]
	いる:[0.0118,0.0087,0.0055,0.0051]
	アメカジ:[0.0000,0.0000,0.0000,0.0000]
	確認:[0.0006,0.0020,0.0000,0.0000]
	ファッション:[0.0005,0.0002,0.0023,0.0000]
	ある:[0.0106,0.0115,0.0058,0.0064]
	ストリート:[0.0000,0.0000,0.0000,0.0000]
	専門:[0.0009,0.0011,0.0000,0.0000]
	意味:[0.0008,0.0005,0.0000,0.0000]
	ベース:[0.0000,0.0000,0.0000,0.0000]
	ます:[0.0222,0.0199,0.0169,0.0211]
	アイテム:[0.0000,0.0000,0.0000,0.0000]
	ほとんど:[0.0006,0.0006,0.0060,0.0000]
	広い:[0.0002,0.0003,0.0000,0.0000]
	しまう:[0.0014,0.0011,0.0016,0.0009]
	なる:[0.0111,0.0126,0.0094,0.0022]
False-Positive

Section:18
	Ｆｌａｇ：：１０００
	マフラーとコートは冬の必須アイテムですが、コートを着てマフラーを巻いてとなると、どうしても重苦しい雰囲気になってしまいます。
	重苦しく見せない為にはマフラーとコートは同じ黒色にしない、ということも大切ですが、柄物のマフラーならなおＧＯＯＤです。
	特にこちらのコーディネートのように、マフラーを巻いた時に縦にラインができる柄の物なら細身に見える効果も期待できます。
	また、コートを前開けに着ても軽く見せる事ができます。
Score:0.00149253406778
EACH_TAG_SCORE:
	image:0.000471976657498
	table:0.000430062865218
	graph:0.000265783687098
	flow:0.00032471085797
PARA:
Clueword:
	こちら:[0.0006,0.0005,0.0000,0.0011]
	黒色:[0.0000,0.0000,0.0000,0.0000]
	いう:[0.0027,0.0019,0.0023,0.0028]
	特に:[0.0000,0.0005,0.0000,0.0000]
	ライン:[0.0000,0.0000,0.0000,0.0000]
	どうしても:[0.0000,0.0000,0.0005,0.0000]
	同じだ:[0.0027,0.0010,0.0000,0.0011]
	開ける:[0.0000,0.0000,0.0000,0.0000]
	期待:[0.0001,0.0002,0.0007,0.0000]
	マフラー:[0.0002,0.0002,0.0000,0.0000]
	できる:[0.0030,0.0048,0.0012,0.0010]
	ます:[0.0222,0.0199,0.0169,0.0211]
	見せる:[0.0000,0.0000,0.0000,0.0000]
	見える:[0.0027,0.0014,0.0000,0.0000]
	しまう:[0.0014,0.0011,0.0016,0.0009]
	なら:[0.0005,0.0002,0.0006,0.0000]
	必須だ:[0.0000,0.0002,0.0000,0.0000]
	なる:[0.0111,0.0126,0.0094,0.0022]
	重苦しい:[0.0000,0.0000,0.0000,0.0000]
	する:[0.0289,0.0260,0.0123,0.0269]
	着る:[0.0022,0.0021,0.0008,0.0000]
	効果:[0.0002,0.0009,0.0000,0.0000]
	こと:[0.0066,0.0067,0.0051,0.0056]
	細身:[0.0000,0.0000,0.0000,0.0000]
	アイテム:[0.0000,0.0000,0.0000,0.0000]
	コート:[0.0000,0.0002,0.0000,0.0000]
	また:[0.0027,0.0020,0.0021,0.0036]
	軽い:[0.0000,0.0003,0.0000,0.0000]
	雰囲気:[0.0005,0.0002,0.0000,0.0000]
	大切だ:[0.0001,0.0005,0.0005,0.0000]
	なお:[0.0002,0.0000,0.0000,0.0013]
	コーディネート:[0.0016,0.0019,0.0000,0.0000]
	ない:[0.0067,0.0084,0.0038,0.0027]
	ようだ:[0.0057,0.0000,0.0000,0.0000]
	巻く:[0.0000,0.0000,0.0000,0.0000]
True-Positive

Section:12
	Ｆｌａｇ：：００００
	キレカジファッションとは
	キレイめカジュアルを略して、キレカジと呼びます。
	カジュアルなのにキレイ、
	清潔感があるというのがポイントです。
	ジャケットにジーンズを合わせるなど、
	割とカッチリ目なアイテムにラフなアイテムを合わせてカジュアルダウンをする
	のが基本です。
	頭の先からつま先までキレイ目にして、まるで仕事着になって
	しまうのを防ぎます。
	別名ヨーロピアンスタイルと呼ばれることもあります。
	キレカジコーディネートの確認はこちら
	キレカジファッションのお馴染みアイテム
	キレカジファッションをするには、まずお馴染みアイテムを押さえておくのが基本です。
Score:0.00147531206796
EACH_TAG_SCORE:
	image:0.000365396066072
	table:0.000350191665878
	graph:0.0002283419539
	flow:0.000531382382109
PARA:
Clueword:
	呼ぶ:[0.0015,0.0009,0.0000,0.0015]
	こちら:[0.0006,0.0005,0.0000,0.0011]
	コーディネート:[0.0016,0.0019,0.0000,0.0000]
	いう:[0.0027,0.0019,0.0023,0.0028]
	キレイだ:[0.0001,0.0000,0.0000,0.0000]
	する:[0.0289,0.0260,0.0123,0.0269]
	れる:[0.0010,0.0000,0.0000,0.0000]
	合わせる:[0.0011,0.0011,0.0000,0.0000]
	防ぐ:[0.0001,0.0000,0.0000,0.0000]
	まで:[0.0000,0.0011,0.0000,0.0101]
	ます:[0.0222,0.0199,0.0169,0.0211]
	まず:[0.0011,0.0011,0.0000,0.0723]
	目だ:[0.0000,0.0000,0.0000,0.0000]
	キレ:[0.0000,0.0000,0.0000,0.0000]
	から:[0.0045,0.0053,0.0018,0.0011]
	清潔だ:[0.0002,0.0002,0.0000,0.0000]
	馴染む:[0.0002,0.0002,0.0000,0.0000]
	仕事:[0.0006,0.0004,0.0008,0.0000]
	なる:[0.0111,0.0126,0.0094,0.0022]
	カジュアルだ:[0.0004,0.0004,0.0000,0.0000]
	基本:[0.0022,0.0029,0.0000,0.0000]
	ダウン:[0.0000,0.0002,0.0060,0.0000]
	めだ:[0.0029,0.0000,0.0000,0.0000]
	ファッション:[0.0005,0.0002,0.0023,0.0000]
	押さえる:[0.0001,0.0000,0.0000,0.0000]
	ある:[0.0106,0.0115,0.0058,0.0064]
	ジーンズ:[0.0000,0.0000,0.0000,0.0000]
	ジャケット:[0.0000,0.0000,0.0000,0.0000]
	おく:[0.0011,0.0015,0.0012,0.0000]
	カジ:[0.0000,0.0000,0.0000,0.0000]
	アイテム:[0.0000,0.0000,0.0000,0.0000]
	しまう:[0.0014,0.0011,0.0016,0.0009]
	確認:[0.0006,0.0020,0.0000,0.0000]
	ポイント:[0.0006,0.0009,0.0000,0.0000]
	こと:[0.0066,0.0067,0.0051,0.0056]
False-Positive

Section:14
	Ｆｌａｇ：：０１００
	キレカジファッションの移り変わり
	ここにきて新たなファッションに注目が来たと思われていますが、実はキレカジと
	いう言葉はずいぶん前からありました。
	９０年代前半には、渋カジからキレカジへ
	のファッションが派生しています。
	このころのキレカジ定番スタイルは、金ボタン付き
	の紺ブレ（ブレザー）にストレートジーンズという組み合わせでした。
	当時のテレビ
	ドラマの影響もあって、こぞって真似する人が増えましたね。
	キレカジファッションの定番着こなし
Score:0.00132904996242
EACH_TAG_SCORE:
	image:0.00040732225943
	table:0.000361719179924
	graph:0.000217048390164
	flow:0.000342960132899
PARA:
Clueword:
	組み合わせる:[0.0007,0.0003,0.0000,0.0000]
	あう:[0.0001,0.0003,0.0000,0.0000]
	こぞる:[0.0000,0.0000,0.0000,0.0000]
	いう:[0.0027,0.0019,0.0023,0.0028]
	ドラマ:[0.0000,0.0000,0.0000,0.0000]
	ブレザー:[0.0000,0.0000,0.0000,0.0000]
	ブレる:[0.0000,0.0000,0.0000,0.0000]
	影響:[0.0005,0.0005,0.0000,0.0000]
	こなす:[0.0018,0.0019,0.0000,0.0000]
	付く:[0.0002,0.0003,0.0000,0.0000]
	ます:[0.0222,0.0199,0.0169,0.0211]
	定番:[0.0002,0.0002,0.0000,0.0000]
	派生:[0.0000,0.0000,0.0000,0.0000]
	キレ:[0.0000,0.0000,0.0000,0.0000]
	から:[0.0045,0.0053,0.0018,0.0011]
	真似る:[0.0000,0.0000,0.0000,0.0000]
	れる:[0.0010,0.0000,0.0000,0.0000]
	きる:[0.0001,0.0006,0.0006,0.0000]
	増える:[0.0000,0.0002,0.0000,0.0000]
	ボタン:[0.0021,0.0000,0.0000,0.0007]
	ころ:[0.0000,0.0000,0.0000,0.0000]
	着る:[0.0022,0.0021,0.0008,0.0000]
	する:[0.0289,0.0260,0.0123,0.0269]
	いる:[0.0118,0.0087,0.0055,0.0051]
	ファッション:[0.0005,0.0002,0.0023,0.0000]
	言葉:[0.0000,0.0000,0.0000,0.0000]
	新ただ:[0.0000,0.0000,0.0000,0.0000]
	思う:[0.0005,0.0001,0.0008,0.0000]
	注目:[0.0000,0.0005,0.0000,0.0000]
	この:[0.0019,0.0018,0.0007,0.0033]
	当時:[0.0000,0.0000,0.0000,0.0000]
	ある:[0.0106,0.0115,0.0058,0.0064]
	移り変わる:[0.0000,0.0000,0.0000,0.0000]
	来る:[0.0000,0.0000,0.0000,0.0000]
	スタイル:[0.0002,0.0003,0.0000,0.0000]
	ここ:[0.0004,0.0001,0.0000,0.0111]
	前半:[0.0000,0.0000,0.0000,0.0000]
	実は:[0.0002,0.0001,0.0000,0.0000]
	ジーンズ:[0.0000,0.0000,0.0000,0.0000]
	カジ:[0.0000,0.0000,0.0000,0.0000]
	テレビ:[0.0000,0.0000,0.0000,0.0000]
True-Positive

Section:20
	Ｆｌａｇ：：００００
	マフラー（マルチ）・コート（ワイン）・カットソー（白）・カーゴパンツ（黒）・シューズ（黒）
	マルチのマフラーにワインのコートを合わせた着こなし画像
	ただの赤とは違う、ワインのダッフルコートはグッと大人の魅力が高まる１着。
	丈が短いので脚長に見える効果もあります。
	ボタンを閉じてもすっきりして見えますが、写真では前を開けて、アクセントとなるマルチカラーのマフラーを見せています。
	これにより、トップスがホワイトのカットソーでも地味に見えません。
	上半身がカラフルな分、下半身はブラックのタイトなカーゴパンツとバブーシュシューズで、全体のバランスを上手くとっています。
Score:0.0012845200354
EACH_TAG_SCORE:
	image:0.000422662673078
	table:0.000408784312181
	graph:0.000233207357112
	flow:0.000219865693031
PARA:
Clueword:
	カラー:[0.0001,0.0001,0.0000,0.0000]
	地味だ:[0.0040,0.0010,0.0000,0.0000]
	大人:[0.0005,0.0005,0.0000,0.0000]
	よる:[0.0034,0.0041,0.0016,0.0000]
	魅力:[0.0000,0.0000,0.0000,0.0000]
	見せる:[0.0000,0.0000,0.0000,0.0000]
	とる:[0.0004,0.0004,0.0005,0.0000]
	マフラー:[0.0002,0.0002,0.0000,0.0000]
	画像:[0.0000,0.0000,0.0000,0.0000]
	ただ:[0.0000,0.0000,0.0000,0.0000]
	する:[0.0289,0.0260,0.0123,0.0269]
	いる:[0.0118,0.0087,0.0055,0.0051]
	着る:[0.0022,0.0021,0.0008,0.0000]
	なる:[0.0111,0.0126,0.0094,0.0022]
	バランス:[0.0032,0.0011,0.0109,0.0015]
	全体:[0.0005,0.0002,0.0000,0.0000]
	カットソー:[0.0000,0.0000,0.0000,0.0000]
	効果:[0.0002,0.0009,0.0000,0.0000]
	パンツ:[0.0001,0.0000,0.0000,0.0000]
	合わせる:[0.0011,0.0011,0.0000,0.0000]
	写真:[0.0000,0.0000,0.0000,0.0000]
	開ける:[0.0000,0.0000,0.0000,0.0000]
	ます:[0.0222,0.0199,0.0169,0.0211]
	ボタン:[0.0021,0.0000,0.0000,0.0007]
	見える:[0.0027,0.0014,0.0000,0.0000]
	これ:[0.0017,0.0014,0.0000,0.0000]
	短い:[0.0017,0.0000,0.0000,0.0000]
	シューズ:[0.0000,0.0000,0.0000,0.0000]
	ワイン:[0.0000,0.0000,0.0000,0.0000]
	ある:[0.0106,0.0115,0.0058,0.0064]
	こなす:[0.0018,0.0019,0.0000,0.0000]
	コート:[0.0000,0.0002,0.0000,0.0000]
	ブラック:[0.0084,0.0027,0.0000,0.0000]
	トップス:[0.0000,0.0000,0.0000,0.0000]
	でも:[0.0021,0.0016,0.0018,0.0000]
	上手い:[0.0000,0.0000,0.0007,0.0000]
	違う:[0.0023,0.0192,0.0018,0.0000]
False-Positive

Section:6
	Ｆｌａｇ：：０１００
	ストリートファッションの歴史
	街中にいる若者たちの間で流行りだすことからストリートファッションと呼びますが、流行りには歴史があります。
	まず、８０年代はアメカジが流行っていた時代です。
	ストリートファッションの流行りは映画や音楽から影響受けることが多いので、当時
	後悔された映画などを見ると流行りが良くわかります。
	トップガンのヒットにより、
	ミリタリー色を取り入れるのも流行りました。
	９０年代になると今のストリート系により近くなります。
	スケーターズファッション、ダボダボのヒップホップファッションに身に包む人が増えました。
	２０００年代になると８０年代や９０年代のファッションが復活し始め、ファッションブランド
	でも率先してストリート系のアイテムをデザインするようになりました。
Score:0.00127374452322
EACH_TAG_SCORE:
	image:0.000337124600934
	table:0.000301485999782
	graph:0.000226655411721
	flow:0.000408478510781
PARA:
Clueword:
	呼ぶ:[0.0015,0.0009,0.0000,0.0015]
	ヒップホップ:[0.0000,0.0000,0.0000,0.0000]
	デザイン:[0.0000,0.0000,0.0000,0.0000]
	よる:[0.0034,0.0041,0.0016,0.0000]
	ヒット:[0.0000,0.0000,0.0000,0.0000]
	れる:[0.0010,0.0000,0.0000,0.0000]
	後悔:[0.0000,0.0000,0.0000,0.0000]
	受ける:[0.0001,0.0005,0.0000,0.0000]
	なる:[0.0111,0.0126,0.0094,0.0022]
	する:[0.0289,0.0260,0.0123,0.0269]
	いる:[0.0118,0.0087,0.0055,0.0051]
	包む:[0.0000,0.0000,0.0000,0.0000]
	こと:[0.0066,0.0067,0.0051,0.0056]
	ミリタリー:[0.0000,0.0000,0.0000,0.0000]
	映画:[0.0000,0.0000,0.0000,0.0000]
	音楽:[0.0000,0.0000,0.0000,0.0000]
	若者:[0.0000,0.0000,0.0000,0.0000]
	見る:[0.0016,0.0012,0.0012,0.0000]
	近い:[0.0003,0.0002,0.0000,0.0000]
	当時:[0.0000,0.0000,0.0000,0.0000]
	だす:[0.0000,0.0000,0.0000,0.0000]
	取り入れる:[0.0001,0.0000,0.0000,0.0000]
	復活:[0.0000,0.0000,0.0000,0.0000]
	多い:[0.0027,0.0029,0.0156,0.0000]
	トップガン:[0.0000,0.0000,0.0000,0.0000]
	率先:[0.0000,0.0000,0.0000,0.0000]
	ます:[0.0222,0.0199,0.0169,0.0211]
	まず:[0.0011,0.0011,0.0000,0.0723]
	ブランド:[0.0000,0.0000,0.0000,0.0000]
	流行る:[0.0000,0.0000,0.0000,0.0000]
	時代:[0.0000,0.0000,0.0000,0.0000]
	から:[0.0045,0.0053,0.0018,0.0011]
	歴史:[0.0000,0.0000,0.0000,0.0000]
	増える:[0.0000,0.0002,0.0000,0.0000]
	良い:[0.0007,0.0006,0.0005,0.0000]
	アメカジ:[0.0000,0.0000,0.0000,0.0000]
	ファッション:[0.0005,0.0002,0.0023,0.0000]
	スケーターズファッション:[0.0000,0.0000,0.0000,0.0000]
	ストリート:[0.0000,0.0000,0.0000,0.0000]
	アイテム:[0.0000,0.0000,0.0000,0.0000]
	ようだ:[0.0057,0.0000,0.0000,0.0000]
	ある:[0.0106,0.0115,0.0058,0.0064]
	ダボダボ:[0.0000,0.0000,0.0000,0.0000]
	始める:[0.0003,0.0007,0.0000,0.0000]
	影響:[0.0005,0.0005,0.0000,0.0000]
	でも:[0.0021,0.0016,0.0018,0.0000]
	わかる:[0.0011,0.0005,0.0000,0.0012]
True-Positive

Section:16
	Ｆｌａｇ：：００００
	キレカジファッションは若者だけ？
	２０代を中心に流行っているキレカジファッションですが、若い年代の人だけができる
	ファッションというわけではありません。
	色やデザイン、サイズなど自分にあったアイテム
	を組み合わせれば、３０代、４０代以上でも十分にチャレンジできるファッションです。
	特に中年以降の男性は休日のカジュアルファッションが苦手と言う人も多いですが、
	キレカジのポイントさえ押さえていれば、清潔感溢れるコーディネートができます。
	しかも無理な若づくりをせず、オシャレで若々しい自分を演出することもできます。
Score:0.001263512875
EACH_TAG_SCORE:
	image:0.000375687899655
	table:0.000360020624191
	graph:0.000269125422626
	flow:0.000258678928532
PARA:
Clueword:
	組み合わせる:[0.0007,0.0003,0.0000,0.0000]
	あう:[0.0001,0.0003,0.0000,0.0000]
	中心:[0.0002,0.0002,0.0000,0.0000]
	いう:[0.0027,0.0019,0.0023,0.0028]
	する:[0.0289,0.0260,0.0123,0.0269]
	デザイン:[0.0000,0.0000,0.0000,0.0000]
	休日:[0.0001,0.0000,0.0000,0.0000]
	言う:[0.0008,0.0010,0.0000,0.0000]
	多い:[0.0027,0.0029,0.0156,0.0000]
	できる:[0.0030,0.0048,0.0012,0.0010]
	ます:[0.0222,0.0199,0.0169,0.0211]
	流行る:[0.0000,0.0000,0.0000,0.0000]
	キレ:[0.0000,0.0000,0.0000,0.0000]
	十分だ:[0.0000,0.0000,0.0000,0.0000]
	清潔だ:[0.0002,0.0002,0.0000,0.0000]
	サイズ:[0.0022,0.0002,0.0000,0.0000]
	ポイント:[0.0006,0.0009,0.0000,0.0000]
	自分:[0.0006,0.0008,0.0014,0.0000]
	年代:[0.0002,0.0027,0.0000,0.0000]
	カジュアルだ:[0.0004,0.0004,0.0000,0.0000]
	男性:[0.0007,0.0000,0.0016,0.0000]
	以降:[0.0001,0.0001,0.0000,0.0000]
	特に:[0.0000,0.0005,0.0000,0.0000]
	いる:[0.0118,0.0087,0.0055,0.0051]
	苦手だ:[0.0000,0.0000,0.0000,0.0000]
	コーディネート:[0.0016,0.0019,0.0000,0.0000]
	ファッション:[0.0005,0.0002,0.0023,0.0000]
	押さえる:[0.0001,0.0000,0.0000,0.0000]
	ある:[0.0106,0.0115,0.0058,0.0064]
	オシャレだ:[0.0000,0.0000,0.0002,0.0000]
	こと:[0.0066,0.0067,0.0051,0.0056]
	若々しい:[0.0001,0.0001,0.0000,0.0000]
	アイテム:[0.0000,0.0000,0.0000,0.0000]
	以上:[0.0006,0.0024,0.0000,0.0000]
	若者:[0.0000,0.0000,0.0000,0.0000]
	でも:[0.0021,0.0016,0.0018,0.0000]
	カジ:[0.0000,0.0000,0.0000,0.0000]
False-Positive

Section:19
	Ｆｌａｇ：：００００
	マフラー（ワイン）・Ｐコート（黒）・シャツ（白）・カラーパンツ（ベージュ）・ブーツ（黒）
	ワインのマフラーに黒のＰコートを合わせた着こなし画像
	冬にキレイめコーデを着こなしたいなら是非持っておきたいのがＰコート。
	ホワイトのボタンチェックシャツにＰコートを軽く羽織り、ワインのマフラーを刺し色にすれば華やかなオシャレの完成です。
	ボトムスはシンプルなベージュのパンツで上半身に比べやや抑え目にしています。
	レースアップブーツはブラックで全体的な色のバランスをとったコーディネートに仕上がっています。
Score:0.00126211504607
EACH_TAG_SCORE:
	image:0.000382539504512
	table:0.000295939302384
	graph:0.000358806382461
	flow:0.000224829856716
PARA:
Clueword:
	ます:[0.0222,0.0199,0.0169,0.0211]
	比べる:[0.0035,0.0004,0.0420,0.0000]
	カラー:[0.0001,0.0001,0.0000,0.0000]
	やや:[0.0002,0.0002,0.0000,0.0000]
	キレイだ:[0.0001,0.0000,0.0000,0.0000]
	是非:[0.0000,0.0000,0.0000,0.0000]
	抑える:[0.0011,0.0008,0.0000,0.0017]
	おく:[0.0011,0.0015,0.0012,0.0000]
	合わせる:[0.0011,0.0011,0.0000,0.0000]
	たい:[0.0004,0.0005,0.0006,0.0000]
	いる:[0.0118,0.0087,0.0055,0.0051]
	めだ:[0.0029,0.0000,0.0000,0.0000]
	持つ:[0.0001,0.0001,0.0000,0.0009]
	ボタン:[0.0021,0.0000,0.0000,0.0007]
	パンツ:[0.0001,0.0000,0.0000,0.0000]
	マフラー:[0.0002,0.0002,0.0000,0.0000]
	なら:[0.0005,0.0002,0.0006,0.0000]
	画像:[0.0000,0.0000,0.0000,0.0000]
	ブーツ:[0.0000,0.0000,0.0000,0.0000]
	とる:[0.0004,0.0004,0.0005,0.0000]
	する:[0.0289,0.0260,0.0123,0.0269]
	完成:[0.0000,0.0000,0.0000,0.0000]
	着る:[0.0022,0.0021,0.0008,0.0000]
	ワイン:[0.0000,0.0000,0.0000,0.0000]
	華やかだ:[0.0008,0.0009,0.0000,0.0000]
	シャツ:[0.0005,0.0006,0.0000,0.0000]
	ボトムス:[0.0000,0.0000,0.0000,0.0000]
	シンプルだ:[0.0010,0.0009,0.0000,0.0000]
	コーディネート:[0.0016,0.0019,0.0000,0.0000]
	こなす:[0.0018,0.0019,0.0000,0.0000]
	コート:[0.0000,0.0002,0.0000,0.0000]
	チェック:[0.0014,0.0013,0.0010,0.0000]
	的だ:[0.0000,0.0017,0.0000,0.0000]
	オシャレだ:[0.0000,0.0000,0.0002,0.0000]
	ブラック:[0.0084,0.0027,0.0000,0.0000]
	軽い:[0.0000,0.0003,0.0000,0.0000]
	仕上がる:[0.0000,0.0000,0.0000,0.0000]
	全体:[0.0005,0.0002,0.0000,0.0000]
	アップ:[0.0004,0.0005,0.0000,0.0000]
	バランス:[0.0032,0.0011,0.0109,0.0015]
False-Positive

Section:15
	Ｆｌａｇ：：１０００
	まず定番なのが、テーラードジャケットです。
	黒のジャケットにジーンズを合わせたり、
	チノパンを合わせたりします。
	ジャケットの中に着るのもシャツにするかＶネックのカットソーにするかで、印象も変わってきますね。
	ジャケットを中心にコーディネートをアレンジしていくと、何パターンか組み合わせを
	作ることができます。
	ジャケットにシャツの組み合わせよりもっとカジュアルダウンしたいなら、ニットカー
	ディガンにシャツを組み合わせて、ブラックデニムや濃い目のジーンズを合わせます。
	靴はスニーカーでもいいのですが、キレイめを強調したいなら、レザーのショーツブーツ
	を合わせるのもオススメです。
	夏でキレカジファッションをしたいなら、ポロシャツが役に立ちます。
	襟が付いている
	だけでかなりキレイめ度がアップします。
	そのときのポロシャツは大きめサイズではなく、
	ジャストサイズで質の良いものがベストです。
Score:0.0012607534489
EACH_TAG_SCORE:
	image:0.000333608429079
	table:0.000271366727312
	graph:0.000245158937598
	flow:0.000410619354908
PARA:
Clueword:
	ネック:[0.0000,0.0000,0.0000,0.0000]
	組み合わせる:[0.0007,0.0003,0.0000,0.0000]
	もっと:[0.0000,0.0000,0.0000,0.0000]
	より:[0.0047,0.0025,0.0220,0.0000]
	チノパン:[0.0000,0.0000,0.0000,0.0000]
	ジャスト:[0.0000,0.0000,0.0000,0.0000]
	できる:[0.0030,0.0048,0.0012,0.0010]
	めだ:[0.0029,0.0000,0.0000,0.0000]
	定番:[0.0002,0.0002,0.0000,0.0000]
	かなり:[0.0002,0.0002,0.0000,0.0000]
	印象:[0.0039,0.0045,0.0009,0.0000]
	なら:[0.0005,0.0002,0.0006,0.0000]
	カットソー:[0.0000,0.0000,0.0000,0.0000]
	ベストだ:[0.0000,0.0000,0.0000,0.0000]
	カジュアルだ:[0.0004,0.0004,0.0000,0.0000]
	する:[0.0289,0.0260,0.0123,0.0269]
	キレ:[0.0000,0.0000,0.0000,0.0000]
	オススメ:[0.0011,0.0011,0.0000,0.0000]
	着る:[0.0022,0.0021,0.0008,0.0000]
	こと:[0.0066,0.0067,0.0051,0.0056]
	強調:[0.0000,0.0000,0.0000,0.0000]
	その:[0.0035,0.0019,0.0000,0.0233]
	もの:[0.0027,0.0015,0.0007,0.0022]
	ニット:[0.0006,0.0002,0.0000,0.0000]
	変わる:[0.0006,0.0009,0.0020,0.0008]
	デニム:[0.0002,0.0000,0.0000,0.0000]
	いく:[0.0006,0.0001,0.0005,0.0008]
	中心:[0.0002,0.0002,0.0000,0.0000]
	サイズ:[0.0022,0.0002,0.0000,0.0000]
	いい:[0.0009,0.0003,0.0014,0.0000]
	キレイだ:[0.0001,0.0000,0.0000,0.0000]
	だく:[0.0007,0.0010,0.0000,0.0008]
	合わせる:[0.0011,0.0011,0.0000,0.0000]
	作る:[0.0005,0.0002,0.0000,0.0021]
	いる:[0.0118,0.0087,0.0055,0.0051]
	ます:[0.0222,0.0199,0.0169,0.0211]
	まず:[0.0011,0.0011,0.0000,0.0723]
	たい:[0.0004,0.0005,0.0006,0.0000]
	くる:[0.0034,0.0012,0.0012,0.0010]
	ショーツ:[0.0000,0.0000,0.0000,0.0000]
	大きい:[0.0030,0.0018,0.0126,0.0000]
	アレンジ:[0.0000,0.0000,0.0000,0.0000]
	ブーツ:[0.0000,0.0000,0.0000,0.0000]
	ダウン:[0.0000,0.0002,0.0060,0.0000]
	スニーカー:[0.0000,0.0000,0.0000,0.0000]
	付く:[0.0002,0.0003,0.0000,0.0000]
	立つ:[0.0007,0.0010,0.0000,0.0000]
	良い:[0.0007,0.0006,0.0005,0.0000]
	ファッション:[0.0005,0.0002,0.0023,0.0000]
	濃い:[0.0017,0.0003,0.0000,0.0000]
	ない:[0.0067,0.0084,0.0038,0.0027]
	ジャケット:[0.0000,0.0000,0.0000,0.0000]
	シャツ:[0.0005,0.0006,0.0000,0.0000]
	ポロシャツ:[0.0000,0.0000,0.0000,0.0000]
	ディガン:[0.0000,0.0000,0.0000,0.0000]
	テーラードジャケット:[0.0000,0.0000,0.0000,0.0000]
	アップ:[0.0004,0.0005,0.0000,0.0000]
	ブラック:[0.0084,0.0027,0.0000,0.0000]
	ジーンズ:[0.0000,0.0000,0.0000,0.0000]
	でも:[0.0021,0.0016,0.0018,0.0000]
	コーディネート:[0.0016,0.0019,0.0000,0.0000]
	カジ:[0.0000,0.0000,0.0000,0.0000]
	パターン:[0.0000,0.0013,0.0004,0.0000]
True-Positive

Section:11
	Ｆｌａｇ：：１０００
	ストリートファッションのアイテム
	ストリートファッションのコーディネートに便利なアイテムはとてもシンプルですが、
	シルエットがゆったりしているのが特徴です。
	【シューズ】
	ハイカットのバスケットシューズは昔から人気から根強い人気があります。
	または派手な色で存在感のあるシューズを合わせることもあります。
	ブランドはナイキやリーボック、ＶＡＮＳなどが人気ありますね。
	【トップス】
	夏は派手なプリントのされた大きめのＴシャツ、冬はパーカーやミリタリー系
	のジャケットを重ねたりします。
	やはりゆったり目のシルエットが特徴的です。
	【ボトムス】
	ゆったりめのシルエットが特徴で、デニムは古着感のあるものがベストです。
	腰ではくのが特徴的で、一時は腰パンがエスカレートして社会問題になった
	こともありますね。
Score:0.00103242596056
EACH_TAG_SCORE:
	image:0.000329115210697
	table:0.000302806726328
	graph:0.000201780654878
	flow:0.000198723368651
PARA:
Clueword:
	エスカレート:[0.0000,0.0000,0.0000,0.0000]
	めだ:[0.0029,0.0000,0.0000,0.0000]
	存在:[0.0005,0.0000,0.0000,0.0012]
	れる:[0.0010,0.0000,0.0000,0.0000]
	シルエット:[0.0000,0.0000,0.0000,0.0000]
	なる:[0.0111,0.0126,0.0094,0.0022]
	ハイだ:[0.0000,0.0000,0.0000,0.0000]
	バスケット:[0.0000,0.0000,0.0000,0.0000]
	ベストだ:[0.0000,0.0000,0.0000,0.0000]
	ナイキ:[0.0000,0.0000,0.0000,0.0000]
	する:[0.0289,0.0260,0.0123,0.0269]
	または:[0.0002,0.0000,0.0000,0.0000]
	いる:[0.0118,0.0087,0.0055,0.0051]
	根強い:[0.0000,0.0000,0.0000,0.0000]
	ミリタリー:[0.0000,0.0000,0.0000,0.0000]
	ゆう:[0.0006,0.0002,0.0000,0.0000]
	シンプルだ:[0.0010,0.0009,0.0000,0.0000]
	ボトムス:[0.0000,0.0000,0.0000,0.0000]
	問題:[0.0011,0.0010,0.0000,0.0000]
	社会:[0.0000,0.0000,0.0000,0.0000]
	もの:[0.0027,0.0015,0.0007,0.0022]
	プリント:[0.0000,0.0000,0.0000,0.0000]
	デニム:[0.0002,0.0000,0.0000,0.0000]
	合わせる:[0.0011,0.0011,0.0000,0.0000]
	的だ:[0.0000,0.0017,0.0000,0.0000]
	特徴:[0.0033,0.0082,0.0000,0.0000]
	便利だ:[0.0002,0.0002,0.0000,0.0000]
	ます:[0.0222,0.0199,0.0169,0.0211]
	とても:[0.0000,0.0000,0.0000,0.0000]
	から:[0.0045,0.0053,0.0018,0.0011]
	大きい:[0.0030,0.0018,0.0126,0.0000]
	人気:[0.0002,0.0000,0.0008,0.0000]
	はく:[0.0000,0.0000,0.0000,0.0000]
	パン:[0.0000,0.0000,0.0000,0.0000]
	シューズ:[0.0000,0.0000,0.0000,0.0000]
	ファッション:[0.0005,0.0002,0.0023,0.0000]
	リーボック:[0.0000,0.0000,0.0000,0.0000]
	ある:[0.0106,0.0115,0.0058,0.0064]
	ストリート:[0.0000,0.0000,0.0000,0.0000]
	ジャケット:[0.0000,0.0000,0.0000,0.0000]
	重ねる:[0.0002,0.0002,0.0000,0.0000]
	カット:[0.0000,0.0000,0.0000,0.0000]
	パーカー:[0.0000,0.0000,0.0000,0.0000]
	やはり:[0.0000,0.0000,0.0000,0.0000]
	アイテム:[0.0000,0.0000,0.0000,0.0000]
	ゆったり:[0.0000,0.0000,0.0000,0.0000]
	古着:[0.0000,0.0000,0.0000,0.0000]
	トップス:[0.0000,0.0000,0.0000,0.0000]
	派手だ:[0.0032,0.0000,0.0000,0.0000]
	こと:[0.0066,0.0067,0.0051,0.0056]
	コーディネート:[0.0016,0.0019,0.0000,0.0000]
	ブランド:[0.0000,0.0000,0.0000,0.0000]
True-Positive

Section:1
	Ｆｌａｇ：：００００
	ストリートファッションとは
CUTOFF SECTION:Too Short

Section:3
	Ｆｌａｇ：：００００
	ストリートファッションをけん引しているのは若者たちで、流行りも１０代から２０代
CUTOFF SECTION:Too Short

Section:8
	Ｆｌａｇ：：００００
	ファッションのことです。
	大きめのＴシャツやボトムス、キャップ、腰パン、スニーカーが特徴的です。
CUTOFF SECTION:Too Short

Section:10
	Ｆｌａｇ：：００００
	多様化してきており、パンツはサルエルパンツだったりすることもあります。
	動きやすいのが特徴です。
CUTOFF SECTION:Too Short

Section:17
	Ｆｌａｇ：：１０００
	マフラー（ボーダー）・コート（黒）・ニット（グレー）カットソー（ボーダー）・デニム・靴（茶）
	ボーダーのマフラーと黒のコートを合わせた着こなし画像
CUTOFF SECTION:Too Short

True-Negative:0
False-Positive:5
Too Short:5
True-Positive:10
False-Negative:0
precision = 0.666667
recall = 1.000000
fvalue = 0.800000