Section:4
	Ｆｌａｇ：：００００
	※思いこみを認識する作業は、心の痛みを伴う場合があります。
	つらい過去を蒸し返すこともあるかもしれません。
	それでも痛みを直視し、客観的に分析する勇気をもたなければ、自分を苦しめている思いこみは明らかになりません。
	紙やパソコンに書きましょう。
	（書くと認識しやすくなります）
	そして、自分がピンときて納得できるまで根気よく、くりかえましょう。
	思いこみが特定できれば、悩みの半分以上を解決したも同然です。
	それでは次に紹介する５つの方法で、悩みを「無効化」していきましょう。
Score:0.00248022229195
EACH_TAG_SCORE:
	image:0.000549449873858
	table:0.0007330607233
	graph:0.000330357078297
	flow:0.000867354616499
PARA:
Clueword:
	分析:[0.0000,0.0000,0.0000,0.0000]
	ピンと:[0.0000,0.0000,0.0000,0.0000]
	しれる:[0.0001,0.0000,0.0000,0.0000]
	できる:[0.0030,0.0048,0.0012,0.0010]
	無効だ:[0.0000,0.0000,0.0000,0.0000]
	きる:[0.0001,0.0006,0.0006,0.0000]
	なる:[0.0111,0.0126,0.0094,0.0022]
	悩む:[0.0001,0.0000,0.0000,0.0000]
	自分:[0.0006,0.0008,0.0014,0.0000]
	方法:[0.0032,0.0048,0.0005,0.0017]
	認識:[0.0000,0.0000,0.0000,0.0000]
	いる:[0.0118,0.0087,0.0055,0.0051]
	次に:[0.0008,0.0000,0.0000,0.0564]
	こと:[0.0066,0.0067,0.0051,0.0056]
	それ:[0.0007,0.0024,0.0005,0.0008]
	半分:[0.0002,0.0002,0.0000,0.0000]
	もつ:[0.0000,0.0000,0.0000,0.0000]
	思う:[0.0005,0.0001,0.0008,0.0000]
	以上:[0.0006,0.0024,0.0000,0.0000]
	つらい:[0.0000,0.0000,0.0000,0.0000]
	作業:[0.0001,0.0000,0.0000,0.0000]
	いく:[0.0006,0.0001,0.0005,0.0008]
	する:[0.0289,0.0260,0.0123,0.0269]
	解決:[0.0000,0.0000,0.0007,0.0000]
	場合:[0.0060,0.0480,0.0053,0.0010]
	まで:[0.0000,0.0011,0.0000,0.0101]
	紹介:[0.0006,0.0003,0.0000,0.0000]
	くる:[0.0034,0.0012,0.0012,0.0010]
	書く:[0.0041,0.0026,0.0000,0.0514]
	特定:[0.0002,0.0010,0.0040,0.0000]
	こむ:[0.0000,0.0000,0.0000,0.0000]
	明らかだ:[0.0000,0.0000,0.0000,0.0000]
	ます:[0.0222,0.0199,0.0169,0.0211]
	それでは:[0.0000,0.0000,0.0000,0.0073]
	ある:[0.0106,0.0115,0.0058,0.0064]
	ない:[0.0067,0.0084,0.0038,0.0027]
	過去:[0.0004,0.0000,0.0000,0.0000]
	伴う:[0.0000,0.0000,0.0008,0.0000]
	よい:[0.0009,0.0012,0.0013,0.0000]
	痛む:[0.0017,0.0025,0.0010,0.0000]
	そして:[0.0003,0.0001,0.0000,0.0101]
	的だ:[0.0000,0.0017,0.0000,0.0000]
	かえる:[0.0006,0.0000,0.0009,0.0000]
	でも:[0.0021,0.0016,0.0018,0.0000]
	やすい:[0.0055,0.0080,0.0000,0.0016]
	パソコン:[0.0008,0.0008,0.0000,0.0000]
False-Positive

Section:8
	Ｆｌａｇ：：１０００
	方法３：「思いこみ」をプラスとマイナスの両サイドから見る
	どんなことでも見方によって、光と影、プラスとマイナスがあります。
	視点をかたよらせず、両サイドからものごとを見ましょう。
	「私はバカかもしれない。だけど、そのおかげで、愛嬌（あいきょう）がでてみんなに好かれ可愛がられている。」
	こんな風にプラスの面を列挙していってみましょう。
	紙やパソコンにかいているうちに、影の大きさの分の光が見えてくるはずです。
	あなたの心が感動でうごくまで、書きつづけましょう。
Score:0.00200404343028
EACH_TAG_SCORE:
	image:0.000521741257755
	table:0.000462790069717
	graph:0.000324745072757
	flow:0.000694767030051
PARA:
Clueword:
	よる:[0.0034,0.0041,0.0016,0.0000]
	しれる:[0.0001,0.0000,0.0000,0.0000]
	こんな:[0.0000,0.0000,0.0006,0.0000]
	あいきょう:[0.0000,0.0000,0.0000,0.0000]
	れる:[0.0010,0.0000,0.0000,0.0000]
	おかげ:[0.0000,0.0000,0.0000,0.0000]
	うち:[0.0002,0.0000,0.0000,0.0000]
	バカだ:[0.0000,0.0000,0.0000,0.0000]
	みる:[0.0003,0.0003,0.0016,0.0000]
	方法:[0.0032,0.0048,0.0005,0.0017]
	プラス:[0.0000,0.0000,0.0000,0.0000]
	する:[0.0289,0.0260,0.0123,0.0269]
	まで:[0.0000,0.0011,0.0000,0.0101]
	いる:[0.0118,0.0087,0.0055,0.0051]
	感動:[0.0000,0.0000,0.0000,0.0000]
	かたよる:[0.0000,0.0000,0.0000,0.0000]
	見方:[0.0014,0.0000,0.0000,0.0070]
	思う:[0.0005,0.0001,0.0008,0.0000]
	みんな:[0.0000,0.0000,0.0000,0.0000]
	見る:[0.0016,0.0012,0.0012,0.0000]
	かく:[0.0000,0.0000,0.0000,0.0000]
	好く:[0.0000,0.0000,0.0000,0.0000]
	いく:[0.0006,0.0001,0.0005,0.0008]
	その:[0.0035,0.0019,0.0000,0.0233]
	マイナスだ:[0.0000,0.0000,0.0000,0.0000]
	愛嬌:[0.0000,0.0000,0.0000,0.0000]
	ます:[0.0222,0.0199,0.0169,0.0211]
	くる:[0.0034,0.0012,0.0012,0.0010]
	可愛がる:[0.0000,0.0000,0.0000,0.0000]
	から:[0.0045,0.0053,0.0018,0.0011]
	大きい:[0.0030,0.0018,0.0126,0.0000]
	見える:[0.0027,0.0014,0.0000,0.0000]
	列挙:[0.0000,0.0000,0.0000,0.0000]
	こむ:[0.0000,0.0000,0.0000,0.0000]
	あなた:[0.0002,0.0000,0.0000,0.0000]
	ある:[0.0106,0.0115,0.0058,0.0064]
	つづける:[0.0000,0.0000,0.0000,0.0000]
	視点:[0.0001,0.0000,0.0000,0.0000]
	せる:[0.0007,0.0005,0.0000,0.0011]
	うごく:[0.0000,0.0000,0.0000,0.0000]
	書く:[0.0041,0.0026,0.0000,0.0514]
	でる:[0.0000,0.0000,0.0000,0.0000]
	マイナス:[0.0000,0.0000,0.0038,0.0000]
	こと:[0.0066,0.0067,0.0051,0.0056]
	でも:[0.0021,0.0016,0.0018,0.0000]
	ない:[0.0067,0.0084,0.0038,0.0027]
	だけど:[0.0000,0.0000,0.0000,0.0000]
	サイド:[0.0000,0.0000,0.0000,0.0000]
	パソコン:[0.0008,0.0008,0.0000,0.0000]
True-Positive

Section:7
	Ｆｌａｇ：：１０００
	方法２：「思いこみ」の範囲を限定する
	日常生活のささいな思いこみが、普遍的な法則だったなんてことはありません。
	かならずそこには「範囲」があるのです。
	思い込みの適応範囲を一部に限定していきましょう。
	時間、場所、状態、人、環境などあらゆる側面から限定していくのです。
	「小学校の時はバカだったかもしれないが、社会人となり家庭を築いている私はもうバカではない」
	これも紙やパソコンにどんどん書いていき、読み上げましょう。
	「昔＋あの場所＋あの時の自分＋特定の人」という条件でたまたま感じたことを、真実のように信じこむのはおかしいことに気がつくでしょう。
Score:0.00165221692749
EACH_TAG_SCORE:
	image:0.000468914755392
	table:0.000460936905229
	graph:0.000269703865254
	flow:0.000452661401611
PARA:
Clueword:
	感じる:[0.0010,0.0009,0.0006,0.0000]
	しれる:[0.0001,0.0000,0.0000,0.0000]
	条件:[0.0015,0.0003,0.0000,0.0000]
	社会:[0.0000,0.0000,0.0000,0.0000]
	適応:[0.0000,0.0000,0.0000,0.0000]
	かならず:[0.0000,0.0003,0.0000,0.0000]
	あの:[0.0000,0.0000,0.0000,0.0000]
	バカだ:[0.0000,0.0000,0.0000,0.0000]
	なる:[0.0111,0.0126,0.0094,0.0022]
	おかしい:[0.0000,0.0000,0.0000,0.0000]
	自分:[0.0006,0.0008,0.0014,0.0000]
	方法:[0.0032,0.0048,0.0005,0.0017]
	もう:[0.0000,0.0000,0.0004,0.0000]
	読む:[0.0005,0.0000,0.0000,0.0000]
	つく:[0.0015,0.0008,0.0006,0.0010]
	あらゆる:[0.0000,0.0000,0.0000,0.0000]
	家庭:[0.0000,0.0000,0.0000,0.0000]
	こと:[0.0066,0.0067,0.0051,0.0056]
	日常:[0.0010,0.0012,0.0000,0.0000]
	築く:[0.0000,0.0000,0.0000,0.0000]
	限定:[0.0000,0.0000,0.0000,0.0000]
	側面:[0.0000,0.0000,0.0000,0.0000]
	ようだ:[0.0057,0.0000,0.0000,0.0000]
	法則:[0.0000,0.0000,0.0000,0.0000]
	一部:[0.0000,0.0004,0.0000,0.0000]
	いく:[0.0006,0.0001,0.0005,0.0008]
	普遍:[0.0000,0.0000,0.0000,0.0000]
	そこ:[0.0004,0.0002,0.0006,0.0000]
	いう:[0.0027,0.0019,0.0023,0.0028]
	ささいだ:[0.0000,0.0000,0.0000,0.0000]
	する:[0.0289,0.0260,0.0123,0.0269]
	環境:[0.0000,0.0008,0.0000,0.0000]
	信ずる:[0.0000,0.0000,0.0000,0.0000]
	いる:[0.0118,0.0087,0.0055,0.0051]
	ます:[0.0222,0.0199,0.0169,0.0211]
	なんて:[0.0001,0.0000,0.0008,0.0000]
	生活:[0.0004,0.0005,0.0000,0.0000]
	書く:[0.0041,0.0026,0.0000,0.0514]
	から:[0.0045,0.0053,0.0018,0.0011]
	特定:[0.0002,0.0010,0.0040,0.0000]
	込む:[0.0007,0.0009,0.0008,0.0000]
	これ:[0.0017,0.0014,0.0000,0.0000]
	こむ:[0.0000,0.0000,0.0000,0.0000]
	範囲:[0.0024,0.0000,0.0000,0.0000]
	小学校:[0.0000,0.0000,0.0000,0.0000]
	ある:[0.0106,0.0115,0.0058,0.0064]
	時間:[0.0000,0.0006,0.0030,0.0000]
	どんどん:[0.0000,0.0000,0.0000,0.0000]
	場所:[0.0004,0.0007,0.0000,0.0000]
	真実だ:[0.0000,0.0000,0.0000,0.0000]
	状態:[0.0011,0.0097,0.0000,0.0000]
	上げる:[0.0001,0.0000,0.0000,0.0000]
	的だ:[0.0000,0.0017,0.0000,0.0000]
	思う:[0.0005,0.0001,0.0008,0.0000]
	ない:[0.0067,0.0084,0.0038,0.0027]
	パソコン:[0.0008,0.0008,0.0000,0.0000]
	たまたま:[0.0000,0.0000,0.0000,0.0000]
True-Positive

Section:6
	Ｆｌａｇ：：００００
	方法１：「思いこみ」を壊す
	思いこみを壊すには、反対の証拠や例をあげていくのが効果的です。
	先の例で、「私はバカだ」という思いこみの反対の例をあげいきます。
	「私は、一生で一度も、バカだといわれたことがない」
	「私の仕事ぶりは、沢山の人に評価されている。だからバカではない」
	とりあえず、質よりも量が大事です。
	頭のなかで考えるだけでなく、どんどん紙やパソコンに理詰めで書いていきましょう。
	そして最後に感情をこめて読み上げましょう。
	そうすれば、「アッ！これって思い込みだ！」とあなたの脳が客観的に認識するはずです。
Score:0.00154811834739
EACH_TAG_SCORE:
	image:0.000374664887358
	table:0.000336115236294
	graph:0.000281089581981
	flow:0.000556248641761
PARA:
Clueword:
	より:[0.0047,0.0025,0.0220,0.0000]
	れる:[0.0010,0.0000,0.0000,0.0000]
	バカだ:[0.0000,0.0000,0.0000,0.0000]
	方法:[0.0032,0.0048,0.0005,0.0017]
	認識:[0.0000,0.0000,0.0000,0.0000]
	する:[0.0289,0.0260,0.0123,0.0269]
	読む:[0.0005,0.0000,0.0000,0.0000]
	思う:[0.0005,0.0001,0.0008,0.0000]
	大事だ:[0.0001,0.0001,0.0000,0.0000]
	込む:[0.0007,0.0009,0.0008,0.0000]
	効果:[0.0002,0.0009,0.0000,0.0000]
	いく:[0.0006,0.0001,0.0005,0.0008]
	壊す:[0.0000,0.0000,0.0000,0.0000]
	いう:[0.0027,0.0019,0.0023,0.0028]
	いる:[0.0118,0.0087,0.0055,0.0051]
	こめる:[0.0000,0.0000,0.0000,0.0000]
	ます:[0.0222,0.0199,0.0169,0.0211]
	どんどん:[0.0000,0.0000,0.0000,0.0000]
	書く:[0.0041,0.0026,0.0000,0.0514]
	反対だ:[0.0000,0.0000,0.0000,0.0000]
	あげる:[0.0006,0.0006,0.0013,0.0000]
	仕事:[0.0006,0.0004,0.0008,0.0000]
	これ:[0.0017,0.0014,0.0000,0.0000]
	こむ:[0.0000,0.0000,0.0000,0.0000]
	とりあえず:[0.0000,0.0000,0.0000,0.0000]
	最後だ:[0.0004,0.0000,0.0000,0.0202]
	考える:[0.0006,0.0008,0.0015,0.0000]
	あなた:[0.0002,0.0000,0.0000,0.0000]
	そう:[0.0003,0.0002,0.0010,0.0000]
	そして:[0.0003,0.0001,0.0000,0.0101]
	上げる:[0.0001,0.0000,0.0000,0.0000]
	的だ:[0.0000,0.0017,0.0000,0.0000]
	こと:[0.0066,0.0067,0.0051,0.0056]
	なか:[0.0000,0.0002,0.0000,0.0000]
	ない:[0.0067,0.0084,0.0038,0.0027]
	パソコン:[0.0008,0.0008,0.0000,0.0000]
False-Positive

Section:1
	Ｆｌａｇ：：００００
	つきまとう「悩み」や「コンプレックス」
	「悩み」、「コンプレックス」。
	それは人生のいたるところで、あなたにつきまとい、苦しめます。
	前向きな悩みは、成長のために必要かもしれません。
	しかし、自分をウジウジと落ちこませたり、パニックにさせたり、生きているのをつらくさせるようなコンプレックスや悩みは、すぐにでも頭から消しさりたいものです。
	悩んでも仕方のないことに、あなたの大事な命を消耗させてはいけないのです。
	余計な悩みにまどわされなければ、以下のようなことができるようになります。
Score:0.00140834831784
EACH_TAG_SCORE:
	image:0.000463418024768
	table:0.000412908755698
	graph:0.000238058659398
	flow:0.000293962877973
PARA:
Clueword:
	仕方:[0.0010,0.0000,0.0000,0.0000]
	こと:[0.0066,0.0067,0.0051,0.0056]
	れる:[0.0010,0.0000,0.0000,0.0000]
	せる:[0.0007,0.0005,0.0000,0.0011]
	しれる:[0.0001,0.0000,0.0000,0.0000]
	大事だ:[0.0001,0.0001,0.0000,0.0000]
	すぐ:[0.0005,0.0009,0.0000,0.0000]
	できる:[0.0030,0.0048,0.0012,0.0010]
	たい:[0.0004,0.0005,0.0006,0.0000]
	余計だ:[0.0000,0.0000,0.0000,0.0000]
	頭から:[0.0001,0.0002,0.0000,0.0000]
	まどう:[0.0000,0.0000,0.0000,0.0000]
	さる:[0.0000,0.0002,0.0000,0.0000]
	必要だ:[0.0020,0.0039,0.0006,0.0010]
	悩む:[0.0001,0.0000,0.0000,0.0000]
	自分:[0.0006,0.0008,0.0014,0.0000]
	こむ:[0.0000,0.0000,0.0000,0.0000]
	する:[0.0289,0.0260,0.0123,0.0269]
	消す:[0.0000,0.0000,0.0000,0.0000]
	成長:[0.0001,0.0001,0.0000,0.0000]
	ます:[0.0222,0.0199,0.0169,0.0211]
	コンプレックス:[0.0000,0.0000,0.0000,0.0000]
	落ちる:[0.0002,0.0002,0.0000,0.0000]
	いけない:[0.0000,0.0000,0.0000,0.0000]
	ない:[0.0067,0.0084,0.0038,0.0027]
	しかし:[0.0000,0.0000,0.0000,0.0000]
	パニック:[0.0000,0.0000,0.0000,0.0000]
	ウジウジ:[0.0000,0.0000,0.0000,0.0000]
	あなた:[0.0002,0.0000,0.0000,0.0000]
	それ:[0.0007,0.0024,0.0005,0.0008]
	ため:[0.0035,0.0042,0.0007,0.0035]
	以下:[0.0055,0.0005,0.0000,0.0012]
	つらい:[0.0000,0.0000,0.0000,0.0000]
	なる:[0.0111,0.0126,0.0094,0.0022]
	でも:[0.0021,0.0016,0.0018,0.0000]
	いる:[0.0118,0.0087,0.0055,0.0051]
	生きる:[0.0000,0.0000,0.0000,0.0000]
	ようだ:[0.0057,0.0000,0.0000,0.0000]
	もの:[0.0027,0.0015,0.0007,0.0022]
False-Positive

Section:3
	Ｆｌａｇ：：０００１
	準備：「思いこみ」をしっかりと認識する
	見えない敵にマシンガンを打っても、なかなか当たることはありません。
	まずは、しっかりと自分の「思いこみ」を認識することがスタートです。
	思いこみは、以下の質問をすることで正体をあばくことができます。
	「私はどうしてこれに悩んでいるのだろうか？」
	※「自分を悩ませている思いこみ」にたどり着くまで、これをトコトン掘りさげていきます。
	「私はどうして人前で話すのが苦手なの？」
	「いつも、あがってしどろもどろになってしまうから」
	「どうしてそうなるの？」
	「間違いを指摘されているような気がして、落ち着かないから」
	「どうして間違えを指摘されるのが嫌なの？」
	「バカだと思われたくないから」
Score:0.00124598152707
EACH_TAG_SCORE:
	image:0.000397935194524
	table:0.000348183059402
	graph:0.000210262745
	flow:0.000289600528142
PARA:
Clueword:
	いく:[0.0006,0.0001,0.0005,0.0008]
	どうして:[0.0000,0.0000,0.0000,0.0000]
	以下:[0.0055,0.0005,0.0000,0.0012]
	嫌だ:[0.0000,0.0000,0.0000,0.0000]
	落ち着く:[0.0004,0.0005,0.0000,0.0000]
	指摘:[0.0000,0.0000,0.0000,0.0000]
	あばく:[0.0000,0.0000,0.0000,0.0000]
	あがる:[0.0000,0.0000,0.0000,0.0000]
	たどり着く:[0.0000,0.0000,0.0000,0.0000]
	いる:[0.0118,0.0087,0.0055,0.0051]
	できる:[0.0030,0.0048,0.0012,0.0010]
	ます:[0.0222,0.0199,0.0169,0.0211]
	たい:[0.0004,0.0005,0.0006,0.0000]
	から:[0.0045,0.0053,0.0018,0.0011]
	れる:[0.0010,0.0000,0.0000,0.0000]
	苦手だ:[0.0000,0.0000,0.0000,0.0000]
	バカだ:[0.0000,0.0000,0.0000,0.0000]
	見える:[0.0027,0.0014,0.0000,0.0000]
	しまう:[0.0014,0.0011,0.0016,0.0009]
	これ:[0.0017,0.0014,0.0000,0.0000]
	正体:[0.0000,0.0000,0.0000,0.0000]
	悩む:[0.0001,0.0000,0.0000,0.0000]
	当たる:[0.0002,0.0002,0.0000,0.0000]
	こむ:[0.0000,0.0000,0.0000,0.0000]
	認識:[0.0000,0.0000,0.0000,0.0000]
	間違う:[0.0000,0.0001,0.0000,0.0000]
	する:[0.0289,0.0260,0.0123,0.0269]
	まで:[0.0000,0.0011,0.0000,0.0101]
	人前:[0.0000,0.0000,0.0000,0.0000]
	話す:[0.0000,0.0001,0.0005,0.0000]
	まずは:[0.0001,0.0000,0.0000,0.0061]
	なる:[0.0111,0.0126,0.0094,0.0022]
	スタート:[0.0000,0.0000,0.0000,0.0000]
	ある:[0.0106,0.0115,0.0058,0.0064]
	なかなか:[0.0000,0.0000,0.0000,0.0000]
	しどろもどろだ:[0.0000,0.0000,0.0000,0.0000]
	こと:[0.0066,0.0067,0.0051,0.0056]
	ようだ:[0.0057,0.0000,0.0000,0.0000]
	せる:[0.0007,0.0005,0.0000,0.0011]
	準備:[0.0000,0.0000,0.0000,0.0000]
	掘りさげる:[0.0000,0.0000,0.0000,0.0000]
	自分:[0.0006,0.0008,0.0014,0.0000]
	打つ:[0.0008,0.0002,0.0000,0.0000]
	そう:[0.0003,0.0002,0.0010,0.0000]
	しっかり:[0.0000,0.0000,0.0000,0.0000]
	マシンガン:[0.0000,0.0000,0.0000,0.0000]
	間違える:[0.0000,0.0000,0.0000,0.0000]
	トコトン:[0.0000,0.0000,0.0000,0.0000]
	思う:[0.0005,0.0001,0.0008,0.0000]
	ない:[0.0067,0.0084,0.0038,0.0027]
	いつも:[0.0001,0.0000,0.0000,0.0000]
	質問:[0.0007,0.0000,0.0000,0.0014]
True-Positive

Section:5
	Ｆｌａｇ：：１０００
	あなたを悩ませる思い込みを無効化する５つのカギ
	「思いこみ」を壊す
	「思いこみ」の範囲を限定する
	「思いこみ」をプラスとマイナスの両サイドから見る
	多様性をもって「思いこみ」を受けいれる
	「思いこみ」は空である―「色即是空」
Score:0.000973937933951
EACH_TAG_SCORE:
	image:0.000322220184273
	table:0.000276949681038
	graph:0.0001381341935
	flow:0.00023663387514
PARA:
Clueword:
	壊す:[0.0000,0.0000,0.0000,0.0000]
	せる:[0.0007,0.0005,0.0000,0.0011]
	マイナスだ:[0.0000,0.0000,0.0000,0.0000]
	多様だ:[0.0000,0.0002,0.0000,0.0000]
	受けいれる:[0.0000,0.0000,0.0000,0.0000]
	から:[0.0045,0.0053,0.0018,0.0011]
	無効だ:[0.0000,0.0000,0.0000,0.0000]
	込む:[0.0007,0.0009,0.0008,0.0000]
	悩む:[0.0001,0.0000,0.0000,0.0000]
	こむ:[0.0000,0.0000,0.0000,0.0000]
	範囲:[0.0024,0.0000,0.0000,0.0000]
	プラス:[0.0000,0.0000,0.0000,0.0000]
	する:[0.0289,0.0260,0.0123,0.0269]
	思う:[0.0005,0.0001,0.0008,0.0000]
	あなた:[0.0002,0.0000,0.0000,0.0000]
	もつ:[0.0000,0.0000,0.0000,0.0000]
	限定:[0.0000,0.0000,0.0000,0.0000]
	カギ:[0.0000,0.0000,0.0000,0.0000]
	見る:[0.0016,0.0012,0.0012,0.0000]
	サイド:[0.0000,0.0000,0.0000,0.0000]
False-Negative

Section:2
	Ｆｌａｇ：：１０００
	希望がもてる
	愛情をもって世界にせっすることができる
	笑顔がふえる
	冷静な判断や意思決定ができる
	心の整理がスピーディになる
	問題の本質をみられるようになる
	今日はあなたの抱えている心の悩みが、大幅に軽減できる５つの方法を紹介します。
	どうして「悩み」はおきるのか？犯人は「思いこみ」
	最新鋭の研究結果や、何千年も前から伝承によって、すでに悩みの正体は明らかになっています。
	悩みがおきる原因は、脳のなかにねむっている「思いこみ」にあります。
	気がついていない「思いこみ」があなたを欺き（あざむき）、悩ませるのです。
	・人前で話すのが苦手だと悩んでいる人は、「バカだと思われたくない」「私の話はつまらない」等の思いこみに苦しんでいます。
	・部長のＡさんが苦手で悩んでいる人は、「また厳しく注意される」「あのタイプの人は私のことが気に入らないのだろう」等の思い込みに苦しんでいます。
	・借金で悩んでいる人は、「お金がなくなったら最悪の結末になる」等の思いこみに苦しんでいます。
	これらの「思いこみ」を心理学ではリミッティング・ビリーフ（あなたを制限させる信念）とよんだり、仏教で煩悩（ぼんのう）とよんだりします。
	思考の「フレームワーク」や「定義付け」とも言ったりします。
	そして、古今東西の学者や賢者たちがしめす悩みの解決方法は共通なのです。
	悩みの解決のカギは、「”あなたを苦しませる思いこみ”に気づき、それを無効化すること」です。
Score:0.00070644667737
EACH_TAG_SCORE:
	image:0.000217961198166
	table:0.000213145456511
	graph:0.000127367941456
	flow:0.000147972081237
PARA:
Clueword:
	気に入る:[0.0000,0.0000,0.0000,0.0000]
	どうして:[0.0000,0.0000,0.0000,0.0000]
	つまらない:[0.0000,0.0000,0.0000,0.0000]
	共通だ:[0.0002,0.0000,0.0000,0.0000]
	よる:[0.0034,0.0041,0.0016,0.0000]
	しめす:[0.0000,0.0000,0.0000,0.0000]
	思考:[0.0000,0.0000,0.0000,0.0000]
	古今東西:[0.0000,0.0000,0.0000,0.0000]
	抱える:[0.0000,0.0000,0.0000,0.0000]
	最悪だ:[0.0000,0.0002,0.0000,0.0000]
	話す:[0.0000,0.0001,0.0005,0.0000]
	できる:[0.0030,0.0048,0.0012,0.0010]
	賢者:[0.0000,0.0000,0.0000,0.0000]
	せっする:[0.0000,0.0000,0.0000,0.0000]
	なくなる:[0.0001,0.0001,0.0000,0.0000]
	あの:[0.0000,0.0000,0.0000,0.0000]
	タイプ:[0.0000,0.0000,0.0000,0.0000]
	れる:[0.0010,0.0000,0.0000,0.0000]
	さん:[0.0000,0.0004,0.0013,0.0000]
	バカだ:[0.0000,0.0000,0.0000,0.0000]
	みる:[0.0003,0.0003,0.0016,0.0000]
	なる:[0.0111,0.0126,0.0094,0.0022]
	正体:[0.0000,0.0000,0.0000,0.0000]
	今日:[0.0000,0.0000,0.0000,0.0000]
	部長:[0.0000,0.0002,0.0000,0.0000]
	方法:[0.0032,0.0048,0.0005,0.0017]
	希望:[0.0000,0.0000,0.0000,0.0000]
	学者:[0.0000,0.0000,0.0000,0.0000]
	気づく:[0.0002,0.0000,0.0000,0.0000]
	する:[0.0289,0.0260,0.0123,0.0269]
	言う:[0.0008,0.0010,0.0000,0.0000]
	いる:[0.0118,0.0087,0.0055,0.0051]
	信念:[0.0000,0.0000,0.0000,0.0000]
	研究:[0.0000,0.0000,0.0019,0.0000]
	ぼんのう:[0.0000,0.0000,0.0000,0.0000]
	定義付ける:[0.0000,0.0003,0.0000,0.0000]
	借金:[0.0000,0.0000,0.0000,0.0000]
	心理:[0.0000,0.0000,0.0000,0.0000]
	こと:[0.0066,0.0067,0.0051,0.0056]
	新鋭だ:[0.0000,0.0000,0.0000,0.0000]
	愛情:[0.0000,0.0000,0.0000,0.0000]
	悩む:[0.0001,0.0000,0.0000,0.0000]
	整理:[0.0002,0.0000,0.0000,0.0000]
	それ:[0.0007,0.0024,0.0005,0.0008]
	あざむく:[0.0000,0.0000,0.0000,0.0000]
	もつ:[0.0000,0.0000,0.0000,0.0000]
	つく:[0.0015,0.0008,0.0006,0.0010]
	問題:[0.0011,0.0010,0.0000,0.0000]
	伝承:[0.0000,0.0000,0.0000,0.0000]
	すでに:[0.0000,0.0003,0.0000,0.0000]
	よぶ:[0.0000,0.0000,0.0000,0.0000]
	結果:[0.0000,0.0005,0.0031,0.0010]
	制限:[0.0002,0.0000,0.0000,0.0000]
	おきる:[0.0000,0.0000,0.0000,0.0000]
	意思:[0.0000,0.0000,0.0000,0.0000]
	決定:[0.0000,0.0000,0.0000,0.0000]
	リミッティング:[0.0000,0.0000,0.0000,0.0000]
	ようだ:[0.0057,0.0000,0.0000,0.0000]
	無効だ:[0.0000,0.0000,0.0000,0.0000]
	本質:[0.0000,0.0000,0.0000,0.0000]
	世界:[0.0002,0.0000,0.0000,0.0000]
	カギ:[0.0000,0.0000,0.0000,0.0000]
	解決:[0.0000,0.0000,0.0007,0.0000]
	ます:[0.0222,0.0199,0.0169,0.0211]
	紹介:[0.0006,0.0003,0.0000,0.0000]
	たい:[0.0004,0.0005,0.0006,0.0000]
	欺く:[0.0000,0.0000,0.0000,0.0000]
	笑顔:[0.0000,0.0000,0.0000,0.0000]
	フレームワーク:[0.0000,0.0000,0.0000,0.0000]
	また:[0.0027,0.0020,0.0021,0.0036]
	もてる:[0.0000,0.0000,0.0000,0.0000]
	から:[0.0045,0.0053,0.0018,0.0011]
	煩悩:[0.0000,0.0000,0.0000,0.0000]
	軽減:[0.0000,0.0003,0.0000,0.0000]
	苦手だ:[0.0000,0.0000,0.0000,0.0000]
	大幅だ:[0.0000,0.0000,0.0000,0.0000]
	注意:[0.0014,0.0010,0.0006,0.0000]
	込む:[0.0007,0.0009,0.0008,0.0000]
	これ:[0.0017,0.0014,0.0000,0.0000]
	こむ:[0.0000,0.0000,0.0000,0.0000]
	明らかだ:[0.0000,0.0000,0.0000,0.0000]
	判断:[0.0008,0.0011,0.0000,0.0000]
	られる:[0.0000,0.0017,0.0000,0.0000]
	ふえる:[0.0000,0.0000,0.0000,0.0000]
	冷静だ:[0.0000,0.0000,0.0000,0.0000]
	あなた:[0.0002,0.0000,0.0000,0.0000]
	結末:[0.0000,0.0000,0.0000,0.0000]
	ある:[0.0106,0.0115,0.0058,0.0064]
	ねむる:[0.0000,0.0000,0.0000,0.0000]
	人前:[0.0000,0.0000,0.0000,0.0000]
	そして:[0.0003,0.0001,0.0000,0.0101]
	せる:[0.0007,0.0005,0.0000,0.0011]
	苦しむ:[0.0000,0.0000,0.0000,0.0000]
	厳しい:[0.0000,0.0000,0.0000,0.0000]
	思う:[0.0005,0.0001,0.0008,0.0000]
	仏教:[0.0000,0.0000,0.0000,0.0000]
	なか:[0.0000,0.0002,0.0000,0.0000]
	ない:[0.0067,0.0084,0.0038,0.0027]
	何千:[0.0000,0.0000,0.0000,0.0000]
	原因:[0.0024,0.0029,0.0006,0.0011]
False-Negative

Section:9
	Ｆｌａｇ：：００００
	方法４：多様性をもって「思いこみ」を受けいれる
	主張をするから、衝突が発生します。
	もっと柔軟に肩の荷をおろしてものごとを見てみれば、たいしたことがないとおもえる場合があります。
	「私はバカなのはある部分で正しい。私がバカでないのもある部分で正しい。どちらの見方もある。世の中には常に多様な見方があって当然だ。わたしは相手にどう思われてもいいし、相手を訂正する気もない。すべてを受け入れよう。」
	神のような広い愛と心で世の中をみてみましょう。
	方法５：「思いこみ」は空である―「色即是空」
	般若心経の有名なフレーズ「色即是空、空即是色」に学びましょう。
	私たちが五感をとおして認知している現物と思っているものは、すべて「空」です。
	「思いこみ」も「空」です。
	固定実体はありません。
	しょせん、あなたの頭の中でおこっている幻なのです。
	そんなことで悩むのはナンセンスです。
	すべては無常（常では無い）なのです。
	それは存在しているともいえるし、存在していないともいえます。
	すべては絶えざる変化の相互作用のなかで、仮に存在している移ろいゆくものなのです。
	悩みが浮かんできたら「これはたんなる妄想だ」とおもってフッと棚上げしましょう。
	できることなら、忘れましょう。
	そんな幻想には惑わされずに、目の前のことに集中するのです。
	「根性論」という名の檻（おり）に自分を閉じこめない
	思いこみの正体がわかっても、それに根性でそれと戦うのを美徳とするひとがいます。
	「現実から目をそむけるな！」と自分にムチをうつのです。
	それをやっているかぎり、永遠に心はやすらぐことができません。
	思いこみを無効化するのは「逃げ」や「あきらめ」ではありません。
	障害に直面したときに、それを「つらい悩み」にせず「チャレンジングなクイズ」にしてしまうのが、思いこみの無効化なのです。
	「人生の荷物は、最小限に。」
	それがミニマリスト（最小限主義者）の秘訣です。
	自分の頭の中は、自分の都合の良いように使ってみてはいかがでしょうか。
	愛情とともに。
Score:0.000572261345471
EACH_TAG_SCORE:
	image:0.000169467527007
	table:0.000194447581912
	graph:0.000101574436956
	flow:0.000106771799595
PARA:
Clueword:
	あう:[0.0001,0.0003,0.0000,0.0000]
	わかつ:[0.0001,0.0000,0.0000,0.0000]
	いえる:[0.0001,0.0001,0.0000,0.0000]
	やる:[0.0000,0.0000,0.0000,0.0015]
	できる:[0.0030,0.0048,0.0012,0.0010]
	れる:[0.0010,0.0000,0.0000,0.0000]
	みる:[0.0003,0.0003,0.0016,0.0000]
	なら:[0.0005,0.0002,0.0006,0.0000]
	方法:[0.0032,0.0048,0.0005,0.0017]
	思う:[0.0005,0.0001,0.0008,0.0000]
	衝突:[0.0002,0.0002,0.0000,0.0000]
	それ:[0.0007,0.0024,0.0005,0.0008]
	見方:[0.0014,0.0000,0.0000,0.0070]
	ゆく:[0.0000,0.0000,0.0000,0.0000]
	無い:[0.0003,0.0003,0.0000,0.0000]
	正しい:[0.0001,0.0000,0.0000,0.0000]
	忘れる:[0.0001,0.0000,0.0000,0.0000]
	当然だ:[0.0001,0.0000,0.0000,0.0000]
	広い:[0.0002,0.0003,0.0000,0.0000]
	つらい:[0.0000,0.0000,0.0000,0.0000]
	相手:[0.0007,0.0001,0.0000,0.0000]
	くる:[0.0034,0.0012,0.0012,0.0010]
	ともに:[0.0000,0.0000,0.0005,0.0000]
	ひと:[0.0004,0.0004,0.0000,0.0009]
	常に:[0.0004,0.0000,0.0000,0.0000]
	学ぶ:[0.0000,0.0000,0.0000,0.0000]
	良い:[0.0007,0.0006,0.0005,0.0000]
	ある:[0.0106,0.0115,0.0058,0.0064]
	おる:[0.0001,0.0001,0.0000,0.0000]
	変化:[0.0008,0.0009,0.0000,0.0000]
	なか:[0.0000,0.0002,0.0000,0.0000]
	ない:[0.0067,0.0084,0.0038,0.0027]
	集中:[0.0007,0.0008,0.0000,0.0000]
	もっと:[0.0000,0.0000,0.0000,0.0000]
	無効だ:[0.0000,0.0000,0.0000,0.0000]
	あなた:[0.0002,0.0000,0.0000,0.0000]
	スト:[0.0000,0.0000,0.0000,0.0000]
	存在:[0.0005,0.0000,0.0000,0.0012]
	フレーズ:[0.0026,0.0000,0.0000,0.0000]
	バカだ:[0.0000,0.0000,0.0000,0.0000]
	正体:[0.0000,0.0000,0.0000,0.0000]
	悩む:[0.0001,0.0000,0.0000,0.0000]
	自分:[0.0006,0.0008,0.0014,0.0000]
	いる:[0.0118,0.0087,0.0055,0.0051]
	こと:[0.0066,0.0067,0.0051,0.0056]
	愛情:[0.0000,0.0000,0.0000,0.0000]
	もつ:[0.0000,0.0000,0.0000,0.0000]
	有名だ:[0.0000,0.0000,0.0000,0.0000]
	おろす:[0.0000,0.0000,0.0000,0.0000]
	障害:[0.0012,0.0019,0.0011,0.0000]
	見る:[0.0016,0.0012,0.0012,0.0000]
	もの:[0.0027,0.0015,0.0007,0.0022]
	作用:[0.0000,0.0000,0.0000,0.0000]
	ようだ:[0.0057,0.0000,0.0000,0.0000]
	しまう:[0.0014,0.0011,0.0016,0.0009]
	いう:[0.0027,0.0019,0.0023,0.0028]
	いい:[0.0009,0.0003,0.0014,0.0000]
	する:[0.0289,0.0260,0.0123,0.0269]
	場合:[0.0060,0.0480,0.0053,0.0010]
	こめる:[0.0000,0.0000,0.0000,0.0000]
	ます:[0.0222,0.0199,0.0169,0.0211]
	受けいれる:[0.0000,0.0000,0.0000,0.0000]
	そんな:[0.0002,0.0001,0.0005,0.0000]
	から:[0.0045,0.0053,0.0018,0.0011]
	すべて:[0.0002,0.0008,0.0060,0.0000]
	これ:[0.0017,0.0014,0.0000,0.0000]
	こむ:[0.0000,0.0000,0.0000,0.0000]
	都合:[0.0001,0.0000,0.0000,0.0000]
	どう:[0.0003,0.0001,0.0004,0.0000]
	どちら:[0.0000,0.0000,0.0000,0.0000]
	主張:[0.0007,0.0008,0.0000,0.0000]
	多様だ:[0.0000,0.0002,0.0000,0.0000]
	荷物:[0.0000,0.0000,0.0000,0.0000]
	部分:[0.0028,0.0007,0.0000,0.0000]
	直面:[0.0001,0.0000,0.0000,0.0000]
	現実:[0.0000,0.0000,0.0008,0.0000]
	発生:[0.0009,0.0008,0.0060,0.0013]
	固定:[0.0000,0.0000,0.0000,0.0000]
	使う:[0.0035,0.0023,0.0008,0.0000]
True-Negative

True-Negative:1
False-Positive:3
Too Short:0
True-Positive:3
False-Negative:2
precision = 0.500000
recall = 0.600000
fvalue = 0.545455