Section:32
	Ｆｌａｇ：：１０００
	Ｍａｃの場合には、ドライバソフトの更新をＯＳが自動的にチェックします。
	更新があると画面上に通知が表示され、適用はユーザーが行います。
	通知の表示方法はバージョンによって異なります。
Score:0.00322965659527
EACH_TAG_SCORE:
	image:0.000996051442563
	table:0.00121082807973
	graph:0.000440421754169
	flow:0.00058235531881
PARA:
Clueword:
	表示:[0.0093,0.0006,0.0000,0.0000]
	バージョン:[0.0004,0.0002,0.0000,0.0000]
	する:[0.0289,0.0260,0.0123,0.0269]
	適用:[0.0002,0.0000,0.0000,0.0000]
	場合:[0.0060,0.0480,0.0053,0.0010]
	れる:[0.0010,0.0000,0.0000,0.0000]
	行う:[0.0007,0.0008,0.0006,0.0010]
	ます:[0.0222,0.0199,0.0169,0.0211]
	異なる:[0.0015,0.0006,0.0000,0.0000]
	チェック:[0.0014,0.0013,0.0010,0.0000]
	画面:[0.0097,0.0015,0.0000,0.0000]
	自動:[0.0001,0.0001,0.0000,0.0000]
	よる:[0.0034,0.0041,0.0016,0.0000]
	ユーザー:[0.0003,0.0000,0.0000,0.0000]
	ソフト:[0.0003,0.0001,0.0000,0.0000]
	的だ:[0.0000,0.0017,0.0000,0.0000]
	通知:[0.0003,0.0000,0.0000,0.0000]
	方法:[0.0032,0.0048,0.0005,0.0017]
	更新:[0.0002,0.0001,0.0000,0.0000]
	ある:[0.0106,0.0115,0.0058,0.0064]
True-Positive

Section:17
	Ｆｌａｇ：：０１００
	・ＡＤＳＬ、ＣＡＴＶなど通信速度の問題で画面表示が遅い場合
	これはインターネットからデータが届くまで待つしかありません。
	最近多い「動く広告」や「動画」は特にデータ量が多いので、気長に待ちましょう。
	根本的な対処方法としては、より高速なインターネット回線にするなど、通信環境を改善することです。
Score:0.00278974918354
EACH_TAG_SCORE:
	image:0.000723609297376
	table:0.000948001908421
	graph:0.000600715273204
	flow:0.00051742270454
PARA:
Clueword:
	表示:[0.0093,0.0006,0.0000,0.0000]
	動画:[0.0000,0.0003,0.0000,0.0000]
	広告:[0.0000,0.0002,0.0000,0.0000]
	多い:[0.0027,0.0029,0.0156,0.0000]
	改善:[0.0001,0.0013,0.0000,0.0000]
	より:[0.0047,0.0025,0.0220,0.0000]
	画面:[0.0097,0.0015,0.0000,0.0000]
	届く:[0.0000,0.0006,0.0000,0.0000]
	的だ:[0.0000,0.0017,0.0000,0.0000]
	場合:[0.0060,0.0480,0.0053,0.0010]
	回線:[0.0000,0.0001,0.0000,0.0000]
	動く:[0.0008,0.0007,0.0011,0.0000]
	対処:[0.0000,0.0027,0.0009,0.0000]
	まで:[0.0000,0.0011,0.0000,0.0101]
	ます:[0.0222,0.0199,0.0169,0.0211]
	待つ:[0.0002,0.0011,0.0000,0.0000]
	から:[0.0045,0.0053,0.0018,0.0011]
	通信:[0.0000,0.0005,0.0000,0.0000]
	気長だ:[0.0000,0.0009,0.0000,0.0000]
	これ:[0.0017,0.0014,0.0000,0.0000]
	速度:[0.0000,0.0002,0.0000,0.0000]
	方法:[0.0032,0.0048,0.0005,0.0017]
	特に:[0.0000,0.0005,0.0000,0.0000]
	する:[0.0289,0.0260,0.0123,0.0269]
	根本:[0.0000,0.0009,0.0000,0.0000]
	遅い:[0.0000,0.0003,0.0000,0.0000]
	こと:[0.0066,0.0067,0.0051,0.0056]
	インターネット:[0.0004,0.0015,0.0000,0.0000]
	最近:[0.0000,0.0001,0.0005,0.0067]
	ある:[0.0106,0.0115,0.0058,0.0064]
	問題:[0.0011,0.0010,0.0000,0.0000]
	高速だ:[0.0000,0.0003,0.0060,0.0000]
	環境:[0.0000,0.0008,0.0000,0.0000]
True-Positive

Section:11
	Ｆｌａｇ：：００００
	ハードディスクの動作ランプ
	ハードディスクの動作ランプ
	逆に言えば、表示されている時刻が正しい場合にはパソコンは動いているといえます。
	この「応答なし状態」のときに、止まっている場合の対処を行うと、パソコンを壊しかねませんので注意が必要です。
Score:0.00249058648841
EACH_TAG_SCORE:
	image:0.000697042466589
	table:0.000999407297997
	graph:0.000339366197413
	flow:0.000454770526409
PARA:
Clueword:
	表示:[0.0093,0.0006,0.0000,0.0000]
	いえる:[0.0001,0.0001,0.0000,0.0000]
	壊す:[0.0000,0.0000,0.0000,0.0000]
	場合:[0.0060,0.0480,0.0053,0.0010]
	言う:[0.0008,0.0010,0.0000,0.0000]
	対処:[0.0000,0.0027,0.0009,0.0000]
	行う:[0.0007,0.0008,0.0006,0.0010]
	ます:[0.0222,0.0199,0.0169,0.0211]
	れる:[0.0010,0.0000,0.0000,0.0000]
	注意:[0.0014,0.0010,0.0006,0.0000]
	ディスク:[0.0002,0.0002,0.0000,0.0000]
	止まる:[0.0005,0.0001,0.0000,0.0000]
	する:[0.0289,0.0260,0.0123,0.0269]
	いる:[0.0118,0.0087,0.0055,0.0051]
	必要だ:[0.0020,0.0039,0.0006,0.0010]
	ランプ:[0.0004,0.0005,0.0000,0.0000]
	この:[0.0019,0.0018,0.0007,0.0033]
	動作:[0.0004,0.0005,0.0000,0.0000]
	応答:[0.0005,0.0002,0.0000,0.0000]
	状態:[0.0011,0.0097,0.0000,0.0000]
	かねる:[0.0000,0.0000,0.0000,0.0000]
	逆だ:[0.0001,0.0034,0.0000,0.0000]
	動く:[0.0008,0.0007,0.0011,0.0000]
	ハード:[0.0002,0.0002,0.0000,0.0000]
	パソコン:[0.0008,0.0008,0.0000,0.0000]
	正しい:[0.0001,0.0000,0.0000,0.0000]
	時刻:[0.0002,0.0000,0.0000,0.0000]
False-Positive

Section:2
	Ｆｌａｇ：：１０００
	ＷｉｎｄｏｗｓでもＭａｃでも、電源を入れてから起動するまでに「真っ黒な画面」がしばらく表示されることがあります。
	個体差はありますが、この真っ黒画面自体は異常ではありません。
	きちんと動いていますので、ご安心ください。
	「２−２．起動が途中で止まる場合」で見分け方をご紹介していますので、参照してください。
	「真っ黒画面ではない異常」で起動しないこともありますので、あわせて紹介しています。
Score:0.00222075699724
EACH_TAG_SCORE:
	image:0.000693501360358
	table:0.000729317381353
	graph:0.0003080322343
	flow:0.000489906021226
PARA:
Clueword:
	表示:[0.0093,0.0006,0.0000,0.0000]
	画面:[0.0097,0.0015,0.0000,0.0000]
	場合:[0.0060,0.0480,0.0053,0.0010]
	安心:[0.0004,0.0001,0.0000,0.0000]
	真っ黒だ:[0.0086,0.0009,0.0000,0.0000]
	動く:[0.0008,0.0007,0.0011,0.0000]
	まで:[0.0000,0.0011,0.0000,0.0101]
	ます:[0.0222,0.0199,0.0169,0.0211]
	紹介:[0.0006,0.0003,0.0000,0.0000]
	電源:[0.0000,0.0000,0.0000,0.0000]
	から:[0.0045,0.0053,0.0018,0.0011]
	れる:[0.0010,0.0000,0.0000,0.0000]
	個体:[0.0002,0.0000,0.0000,0.0000]
	止まる:[0.0005,0.0001,0.0000,0.0000]
	する:[0.0289,0.0260,0.0123,0.0269]
	いる:[0.0118,0.0087,0.0055,0.0051]
	しばらく:[0.0004,0.0001,0.0005,0.0000]
	きちんと:[0.0008,0.0000,0.0000,0.0000]
	ある:[0.0106,0.0115,0.0058,0.0064]
	こと:[0.0066,0.0067,0.0051,0.0056]
	この:[0.0019,0.0018,0.0007,0.0033]
	くださる:[0.0022,0.0006,0.0017,0.0039]
	異常だ:[0.0022,0.0021,0.0000,0.0000]
	参照:[0.0001,0.0000,0.0000,0.0000]
	あわせる:[0.0002,0.0000,0.0000,0.0016]
	入れる:[0.0007,0.0005,0.0000,0.0000]
	見分ける:[0.0002,0.0000,0.0000,0.0101]
	起動:[0.0007,0.0006,0.0000,0.0000]
	途中:[0.0004,0.0002,0.0000,0.0000]
	でも:[0.0021,0.0016,0.0018,0.0000]
	ない:[0.0067,0.0084,0.0038,0.0027]
True-Positive

Section:15
	Ｆｌａｇ：：１１００
	まずは電源ケーブルのチェックを
	まずは電源ケーブルのチェックを
	２−３−２．タップなどへの電力供給
	パソコン周りを長期間、変更や掃除をしていない場合には、コンセントや電力タップにゴミなどが詰まり、異常が起きることがあります。
	一度全部はずして、汚れやゴミがないかを確認しましょう。
	これで改善すれば、原因はコンセントとパソコン間の電源の問題です。
Score:0.00214499053623
EACH_TAG_SCORE:
	image:0.00057174051382
	table:0.0007832468374
	graph:0.000342454711397
	flow:0.000447548473611
PARA:
Clueword:
	汚れる:[0.0000,0.0002,0.0000,0.0000]
	場合:[0.0060,0.0480,0.0053,0.0010]
	はずす:[0.0000,0.0000,0.0000,0.0000]
	電源:[0.0000,0.0000,0.0000,0.0000]
	期間:[0.0000,0.0001,0.0060,0.0000]
	変更:[0.0000,0.0000,0.0000,0.0000]
	起きる:[0.0000,0.0002,0.0000,0.0000]
	これ:[0.0017,0.0014,0.0000,0.0000]
	確認:[0.0006,0.0020,0.0000,0.0000]
	する:[0.0289,0.0260,0.0123,0.0269]
	いる:[0.0118,0.0087,0.0055,0.0051]
	ます:[0.0222,0.0199,0.0169,0.0211]
	まずは:[0.0001,0.0000,0.0000,0.0061]
	ある:[0.0106,0.0115,0.0058,0.0064]
	全部:[0.0000,0.0000,0.0000,0.0000]
	こと:[0.0066,0.0067,0.0051,0.0056]
	異常だ:[0.0022,0.0021,0.0000,0.0000]
	問題:[0.0011,0.0010,0.0000,0.0000]
	チェック:[0.0014,0.0013,0.0010,0.0000]
	改善:[0.0001,0.0013,0.0000,0.0000]
	タップ:[0.0009,0.0000,0.0000,0.0054]
	供給:[0.0000,0.0000,0.0000,0.0000]
	ない:[0.0067,0.0084,0.0038,0.0027]
	パソコン:[0.0008,0.0008,0.0000,0.0000]
	原因:[0.0024,0.0029,0.0006,0.0011]
True-Positive

Section:14
	Ｆｌａｇ：：００００
	ブルースクリーンとブラックスクリーン
	ブルースクリーンとブラックスクリーン
	２−３．電源スイッチに反応がない場合
	２−３−１．電源ケーブルの接続確認
	電源スイッチを押しても反応がない場合には、電力供給に何らかの問題があると考えられます。
	一番多いケースは、電源ケーブルのゆるみ、ケーブル自体のいたみです。
Score:0.00162593247417
EACH_TAG_SCORE:
	image:0.000375614403786
	table:0.000672149219621
	graph:0.000363324589047
	flow:0.000214844261712
PARA:
Clueword:
	押す:[0.0005,0.0003,0.0000,0.0005]
	場合:[0.0060,0.0480,0.0053,0.0010]
	確認:[0.0006,0.0020,0.0000,0.0000]
	電源:[0.0000,0.0000,0.0000,0.0000]
	多い:[0.0027,0.0029,0.0156,0.0000]
	接続:[0.0001,0.0001,0.0000,0.0004]
	ある:[0.0106,0.0115,0.0058,0.0064]
	供給:[0.0000,0.0000,0.0000,0.0000]
	ます:[0.0222,0.0199,0.0169,0.0211]
	考える:[0.0006,0.0008,0.0015,0.0000]
	られる:[0.0000,0.0017,0.0000,0.0000]
	スクリーン:[0.0000,0.0000,0.0000,0.0000]
	問題:[0.0011,0.0010,0.0000,0.0000]
	一番:[0.0005,0.0014,0.0101,0.0000]
	ブラック:[0.0084,0.0027,0.0000,0.0000]
	ケース:[0.0004,0.0083,0.0000,0.0000]
	ない:[0.0067,0.0084,0.0038,0.0027]
	反応:[0.0005,0.0000,0.0000,0.0026]
False-Positive

Section:16
	Ｆｌａｇ：：１１００
	３．原因に応じて対処する
	３−１．フリーズはしていない場合
	これまでのチェックで「フリーズではない」場合の対処方法をご案内します。
	いくつかのケースにわかれていますので、ゆっくり操作してください。
	３−１−１．ダイアログボックスなどの入力待機状態
	パソコンが「入力待機」になっている状態の場合、タスクバーやドックから入力画面を呼び出して、入力すれば大丈夫です。
	書いてあることが難しくて、何を入力すればいいのか判断に迷う場合には、メーカーやお店のサポート、近所のパソコン教室などに相談しましょう。
	文字入力中・インターネット閲覧中の場合は、いくつかの原因がありますが基本的な対処は同様で、それは「待つこと」です。
	３−１−２．インターネット閲覧中の場合
	インターネットを閲覧中に動かなくなった場合、いくつかのケースでやや対処が異なりますので、次に詳しく紹介します。
Score:0.00161559353858
EACH_TAG_SCORE:
	image:0.000384429544101
	table:0.000516803985378
	graph:0.000192790419261
	flow:0.000521569589835
PARA:
Clueword:
	呼ぶ:[0.0015,0.0009,0.0000,0.0015]
	文字:[0.0003,0.0001,0.0000,0.0000]
	やや:[0.0002,0.0002,0.0000,0.0000]
	ボックス:[0.0000,0.0003,0.0000,0.0000]
	それ:[0.0007,0.0024,0.0005,0.0008]
	ゆっくり:[0.0000,0.0000,0.0000,0.0000]
	メーカー:[0.0001,0.0001,0.0000,0.0000]
	サポート:[0.0005,0.0002,0.0000,0.0013]
	ドック:[0.0001,0.0000,0.0000,0.0000]
	待つ:[0.0002,0.0011,0.0000,0.0000]
	相談:[0.0004,0.0009,0.0014,0.0000]
	チェック:[0.0014,0.0013,0.0010,0.0000]
	出す:[0.0003,0.0004,0.0000,0.0000]
	フリーズ:[0.0001,0.0000,0.0000,0.0000]
	方法:[0.0032,0.0048,0.0005,0.0017]
	基本:[0.0022,0.0029,0.0000,0.0000]
	する:[0.0289,0.0260,0.0123,0.0269]
	いる:[0.0118,0.0087,0.0055,0.0051]
	迷う:[0.0001,0.0000,0.0000,0.0000]
	次に:[0.0008,0.0000,0.0000,0.0564]
	なる:[0.0111,0.0126,0.0094,0.0022]
	こと:[0.0066,0.0067,0.0051,0.0056]
	くださる:[0.0022,0.0006,0.0017,0.0039]
	大丈夫だ:[0.0002,0.0000,0.0000,0.0000]
	動く:[0.0008,0.0007,0.0011,0.0000]
	入力:[0.0001,0.0003,0.0000,0.0029]
	操作:[0.0001,0.0001,0.0000,0.0000]
	いく:[0.0006,0.0001,0.0005,0.0008]
	いい:[0.0009,0.0003,0.0014,0.0000]
	画面:[0.0097,0.0015,0.0000,0.0000]
	的だ:[0.0000,0.0017,0.0000,0.0000]
	場合:[0.0060,0.0480,0.0053,0.0010]
	同様だ:[0.0000,0.0000,0.0000,0.0000]
	対処:[0.0000,0.0027,0.0009,0.0000]
	まで:[0.0000,0.0011,0.0000,0.0101]
	ます:[0.0222,0.0199,0.0169,0.0211]
	紹介:[0.0006,0.0003,0.0000,0.0000]
	書く:[0.0041,0.0026,0.0000,0.0514]
	異なる:[0.0015,0.0006,0.0000,0.0000]
	から:[0.0045,0.0053,0.0018,0.0011]
	詳しい:[0.0003,0.0004,0.0000,0.0000]
	これ:[0.0017,0.0014,0.0000,0.0000]
	判断:[0.0008,0.0011,0.0000,0.0000]
	ある:[0.0106,0.0115,0.0058,0.0064]
	インターネット:[0.0004,0.0015,0.0000,0.0000]
	タスク:[0.0002,0.0000,0.0000,0.0000]
	状態:[0.0011,0.0097,0.0000,0.0000]
	応じる:[0.0001,0.0002,0.0000,0.0000]
	ケース:[0.0004,0.0083,0.0000,0.0000]
	ない:[0.0067,0.0084,0.0038,0.0027]
	パソコン:[0.0008,0.0008,0.0000,0.0000]
	難しい:[0.0006,0.0004,0.0000,0.0000]
	原因:[0.0024,0.0029,0.0006,0.0011]
True-Positive

Section:19
	Ｆｌａｇ：：０１００
	・ソフトウェアのアップデートが累積している場合
	ＷｉｎｄｏｗｓＵｐｄａｔｅ、ＡｐｐＳｔｏｒｅのソフトウェアアップデート、Ａｄｏｂｅ製品のアップデート、ＪａｖａＵｐｄａｔｅのような「更新」が累積していると、インターネットに接続したときにまとめてアップデートが実行され、画面表示がまったく追いつかなくなることがあります。
	この場合も気長に待つことになります。
	また更新の際には、ハードディスクの動作ランプが激しく明滅しますので、判断のポイントになります。
	根本的な対処方法として、パソコンをこれまでよりたくさん起動する、アップデート情報に敏感になるなどの意識が必要です。
	これらのソフトはインターネットで個別に「手動アップデート」をすることもできますので、これを利用するのもよいでしょう。
Score:0.00151737408191
EACH_TAG_SCORE:
	image:0.000454636911883
	table:0.000530309177994
	graph:0.000266909659487
	flow:0.000265518332542
PARA:
Clueword:
	表示:[0.0093,0.0006,0.0000,0.0000]
	たくさんだ:[0.0000,0.0002,0.0000,0.0000]
	ソフトウェア:[0.0000,0.0000,0.0000,0.0000]
	根本:[0.0000,0.0009,0.0000,0.0000]
	ソフト:[0.0003,0.0001,0.0000,0.0000]
	より:[0.0047,0.0025,0.0220,0.0000]
	利用:[0.0006,0.0013,0.0000,0.0000]
	できる:[0.0030,0.0048,0.0012,0.0010]
	待つ:[0.0002,0.0011,0.0000,0.0000]
	れる:[0.0010,0.0000,0.0000,0.0000]
	気長だ:[0.0000,0.0009,0.0000,0.0000]
	接続:[0.0001,0.0001,0.0000,0.0004]
	ディスク:[0.0002,0.0002,0.0000,0.0000]
	方法:[0.0032,0.0048,0.0005,0.0017]
	する:[0.0289,0.0260,0.0123,0.0269]
	いる:[0.0118,0.0087,0.0055,0.0051]
	個別:[0.0000,0.0001,0.0000,0.0000]
	必要だ:[0.0020,0.0039,0.0006,0.0010]
	まったく:[0.0000,0.0000,0.0000,0.0000]
	ランプ:[0.0004,0.0005,0.0000,0.0000]
	この:[0.0019,0.0018,0.0007,0.0033]
	動作:[0.0004,0.0005,0.0000,0.0000]
	情報:[0.0003,0.0013,0.0000,0.0009]
	まとめる:[0.0000,0.0001,0.0004,0.0000]
	明滅:[0.0008,0.0003,0.0000,0.0000]
	更新:[0.0002,0.0001,0.0000,0.0000]
	ポイント:[0.0006,0.0009,0.0000,0.0000]
	製品:[0.0000,0.0000,0.0000,0.0000]
	敏感だ:[0.0000,0.0002,0.0000,0.0000]
	ようだ:[0.0057,0.0000,0.0000,0.0000]
	累積:[0.0000,0.0003,0.0000,0.0000]
	激しい:[0.0029,0.0003,0.0000,0.0000]
	画面:[0.0097,0.0015,0.0000,0.0000]
	的だ:[0.0000,0.0017,0.0000,0.0000]
	場合:[0.0060,0.0480,0.0053,0.0010]
	アップデート:[0.0000,0.0003,0.0000,0.0000]
	対処:[0.0000,0.0027,0.0009,0.0000]
	まで:[0.0000,0.0011,0.0000,0.0101]
	ます:[0.0222,0.0199,0.0169,0.0211]
	また:[0.0027,0.0020,0.0021,0.0036]
	起動:[0.0007,0.0006,0.0000,0.0000]
	これ:[0.0017,0.0014,0.0000,0.0000]
	判断:[0.0008,0.0011,0.0000,0.0000]
	手動:[0.0000,0.0003,0.0000,0.0000]
	ある:[0.0106,0.0115,0.0058,0.0064]
	インターネット:[0.0004,0.0015,0.0000,0.0000]
	なる:[0.0111,0.0126,0.0094,0.0022]
	よい:[0.0009,0.0012,0.0013,0.0000]
	こと:[0.0066,0.0067,0.0051,0.0056]
	意識:[0.0001,0.0001,0.0000,0.0000]
	ない:[0.0067,0.0084,0.0038,0.0027]
	ハード:[0.0002,0.0002,0.0000,0.0000]
	パソコン:[0.0008,0.0008,0.0000,0.0000]
True-Positive

Section:24
	Ｆｌａｇ：：１０００
	タスクマネージャーは、Ｗｉｎｄｏｗｓ８．１では［スタート］ボタンを右クリックして［タスクマネージャー］を選択することで、Ｗｉｎｄｏｗｓ７では「Ｃｏｎｔｒｏｌ（Ｃｔｒｌ）」キー、「Ａｌｔ」キー、「Ｄｅｌｅｔｅ（Ｄｅｌ）」キーを同時に押すことで起動できます。
	起動しているソフトウェアの一覧が表示されるので、不要なものから終了していきます。
	終了したいソフト名を右クリックし、［タスクの終了］をクリックします。
Score:0.00138162656392
EACH_TAG_SCORE:
	image:0.000484856959013
	table:0.000366055861598
	graph:0.00021026664169
	flow:0.000320447101622
PARA:
Clueword:
	いく:[0.0006,0.0001,0.0005,0.0008]
	れる:[0.0010,0.0000,0.0000,0.0000]
	できる:[0.0030,0.0048,0.0012,0.0010]
	ます:[0.0222,0.0199,0.0169,0.0211]
	たい:[0.0004,0.0005,0.0006,0.0000]
	一覧:[0.0043,0.0000,0.0000,0.0000]
	から:[0.0045,0.0053,0.0018,0.0011]
	起動:[0.0007,0.0006,0.0000,0.0000]
	ボタン:[0.0021,0.0000,0.0000,0.0007]
	する:[0.0289,0.0260,0.0123,0.0269]
	いる:[0.0118,0.0087,0.0055,0.0051]
	クリック:[0.0014,0.0000,0.0000,0.0000]
	スタート:[0.0000,0.0000,0.0000,0.0000]
	マネージャー:[0.0001,0.0000,0.0000,0.0000]
	ソフトウェア:[0.0000,0.0000,0.0000,0.0000]
	終了:[0.0002,0.0000,0.0000,0.0000]
	不要だ:[0.0006,0.0007,0.0000,0.0000]
	こと:[0.0066,0.0067,0.0051,0.0056]
	同時に:[0.0000,0.0002,0.0000,0.0000]
	タスク:[0.0002,0.0000,0.0000,0.0000]
	もの:[0.0027,0.0015,0.0007,0.0022]
	押す:[0.0005,0.0003,0.0000,0.0005]
	選択:[0.0011,0.0015,0.0000,0.0029]
	表示:[0.0093,0.0006,0.0000,0.0000]
	ソフト:[0.0003,0.0001,0.0000,0.0000]
True-Positive

Section:3
	Ｆｌａｇ：：００００
	１−４．電源スイッチを押して反応するか
	電源スイッチを押して起動しようとした場合、Ｗｉｎｄｏｗｓパソコンの多くの機種では「ピッ」という電子音が、Ｍａｃパソコンでは「ジャ〜ン」という音が鳴って起動しはじめます。
	これらの音がそもそもしない場合には、電力の供給に何らかの問題があると考えられます。
	動かなくなったタイミングは？
	２．状態を確認したら原因を特定する
	状態によって、いろいろわかることがあります。
	でも、原因を即断するのは危険です。
	判断を間違えれば状態を悪化させるということもあるので注意しましょう。
	この段落で原因を特定し、次の段落で原因ごとの対処法を説明します。
	２−１．パソコンの起動が完了している場合
	２−１−１．画面表示変化の確認
	パソコンの起動が完了している場合には、画面にさまざまな表示が行われます。
	まずはそういうことがないか、画面をすみずみまで確認しましょう。
Score:0.00131486178721
EACH_TAG_SCORE:
	image:0.000376874571067
	table:0.000472957067125
	graph:0.000209328177067
	flow:0.000255701971952
PARA:
Clueword:
	表示:[0.0093,0.0006,0.0000,0.0000]
	まずは:[0.0001,0.0000,0.0000,0.0061]
	よる:[0.0034,0.0041,0.0016,0.0000]
	対処:[0.0000,0.0027,0.0009,0.0000]
	危険だ:[0.0000,0.0000,0.0000,0.0000]
	いろいろ:[0.0000,0.0000,0.0000,0.0000]
	そもそも:[0.0000,0.0000,0.0002,0.0000]
	確認:[0.0006,0.0020,0.0000,0.0000]
	れる:[0.0010,0.0000,0.0000,0.0000]
	説明:[0.0003,0.0003,0.0000,0.0000]
	なる:[0.0111,0.0126,0.0094,0.0022]
	はじめる:[0.0001,0.0000,0.0000,0.0000]
	する:[0.0289,0.0260,0.0123,0.0269]
	こと:[0.0066,0.0067,0.0051,0.0056]
	問題:[0.0011,0.0010,0.0000,0.0000]
	さまざまだ:[0.0000,0.0001,0.0000,0.0000]
	悪化:[0.0000,0.0000,0.0000,0.0000]
	間違える:[0.0000,0.0000,0.0000,0.0000]
	機種:[0.0003,0.0011,0.0000,0.0016]
	起動:[0.0007,0.0006,0.0000,0.0000]
	供給:[0.0000,0.0000,0.0000,0.0000]
	多く:[0.0000,0.0034,0.0040,0.0000]
	この:[0.0019,0.0018,0.0007,0.0033]
	いう:[0.0027,0.0019,0.0023,0.0028]
	画面:[0.0097,0.0015,0.0000,0.0000]
	場合:[0.0060,0.0480,0.0053,0.0010]
	タイミング:[0.0000,0.0000,0.0000,0.0000]
	押す:[0.0005,0.0003,0.0000,0.0005]
	いる:[0.0118,0.0087,0.0055,0.0051]
	行う:[0.0007,0.0008,0.0006,0.0010]
	ます:[0.0222,0.0199,0.0169,0.0211]
	電源:[0.0000,0.0000,0.0000,0.0000]
	動く:[0.0008,0.0007,0.0011,0.0000]
	特定:[0.0002,0.0010,0.0040,0.0000]
	注意:[0.0014,0.0010,0.0006,0.0000]
	これ:[0.0017,0.0014,0.0000,0.0000]
	まで:[0.0000,0.0011,0.0000,0.0101]
	完了:[0.0000,0.0000,0.0000,0.0000]
	判断:[0.0008,0.0011,0.0000,0.0000]
	考える:[0.0006,0.0008,0.0015,0.0000]
	られる:[0.0000,0.0017,0.0000,0.0000]
	ある:[0.0106,0.0115,0.0058,0.0064]
	せる:[0.0007,0.0005,0.0000,0.0011]
	変化:[0.0008,0.0009,0.0000,0.0000]
	状態:[0.0011,0.0097,0.0000,0.0000]
	でも:[0.0021,0.0016,0.0018,0.0000]
	ない:[0.0067,0.0084,0.0038,0.0027]
	反応:[0.0005,0.0000,0.0000,0.0026]
	わかる:[0.0011,0.0005,0.0000,0.0012]
	パソコン:[0.0008,0.0008,0.0000,0.0000]
	原因:[0.0024,0.0029,0.0006,0.0011]
False-Positive

Section:13
	Ｆｌａｇ：：１１００
	パソコンの起動が途中で止まる場合、問題がない場合とある場合があります。
	Ｗｉｎｄｏｗｓパソコンで起動中に真っ暗な画面がしばらく続く場合、多くは「何も問題はない」といえます。
	パソコン本体を見ると、ハードディスクの動作を示すランプがちかちか不規則に点滅しているはずです。
	場合によっては起動ができるまで辛抱強く待ちましょう。
	ただし、毎回起動時に真っ黒画面が続くようであれば異常が考えられますので、専門家にご相談ください。
	一方で問題が発生している場合は、コンピューターはどんな異常が発生しているのかを利用者に知らせるようにできています。
	これには、画面が真っ青になって（ブルースクリーンといいます）英語で異常報告が行われる場合と、黒い画面に異常報告がおこなわれる場合があります。
	これらの異常報告画面が表示されたときには、専門家でない限り、手出しはしない方がよいでしょう。
	可能ならば異常報告画面を記録しておき、メーカーやお店のサポートいった専門家に相談しましょう。
Score:0.00126814959235
EACH_TAG_SCORE:
	image:0.00040829666465
	table:0.000435368947816
	graph:0.000226278681663
	flow:0.000198205298217
PARA:
Clueword:
	止まる:[0.0005,0.0001,0.0000,0.0000]
	表示:[0.0093,0.0006,0.0000,0.0000]
	いえる:[0.0001,0.0001,0.0000,0.0000]
	辛抱強い:[0.0003,0.0003,0.0000,0.0000]
	英語:[0.0001,0.0002,0.0000,0.0000]
	よる:[0.0034,0.0041,0.0016,0.0000]
	途中:[0.0004,0.0002,0.0000,0.0000]
	不規則だ:[0.0003,0.0003,0.0000,0.0000]
	専門:[0.0009,0.0011,0.0000,0.0000]
	真っ青だ:[0.0032,0.0003,0.0000,0.0000]
	手出し:[0.0003,0.0003,0.0000,0.0000]
	できる:[0.0030,0.0048,0.0012,0.0010]
	サポート:[0.0005,0.0002,0.0000,0.0013]
	おこなう:[0.0002,0.0002,0.0000,0.0000]
	待つ:[0.0002,0.0011,0.0000,0.0000]
	点滅:[0.0001,0.0002,0.0000,0.0000]
	相談:[0.0004,0.0009,0.0014,0.0000]
	続く:[0.0007,0.0012,0.0031,0.0000]
	可能だ:[0.0008,0.0012,0.0012,0.0000]
	なる:[0.0111,0.0126,0.0094,0.0022]
	ディスク:[0.0002,0.0002,0.0000,0.0000]
	何も:[0.0003,0.0004,0.0000,0.0000]
	する:[0.0289,0.0260,0.0123,0.0269]
	毎回:[0.0005,0.0005,0.0000,0.0000]
	これ:[0.0017,0.0014,0.0000,0.0000]
	ランプ:[0.0004,0.0005,0.0000,0.0000]
	いう:[0.0027,0.0019,0.0023,0.0028]
	問題:[0.0011,0.0010,0.0000,0.0000]
	くださる:[0.0022,0.0006,0.0017,0.0039]
	異常だ:[0.0022,0.0021,0.0000,0.0000]
	動作:[0.0004,0.0005,0.0000,0.0000]
	真っ暗だ:[0.0003,0.0003,0.0000,0.0000]
	かちかちだ:[0.0003,0.0003,0.0000,0.0000]
	利用:[0.0006,0.0013,0.0000,0.0000]
	見る:[0.0016,0.0012,0.0012,0.0000]
	起動:[0.0007,0.0006,0.0000,0.0000]
	おく:[0.0011,0.0015,0.0012,0.0000]
	示す:[0.0024,0.0002,0.0000,0.0000]
	いる:[0.0118,0.0087,0.0055,0.0051]
	ようだ:[0.0057,0.0000,0.0000,0.0000]
	多い:[0.0027,0.0029,0.0156,0.0000]
	画面:[0.0097,0.0015,0.0000,0.0000]
	場合:[0.0060,0.0480,0.0053,0.0010]
	真っ黒だ:[0.0086,0.0009,0.0000,0.0000]
	まで:[0.0000,0.0011,0.0000,0.0101]
	行う:[0.0007,0.0008,0.0006,0.0010]
	ます:[0.0222,0.0199,0.0169,0.0211]
	ただし:[0.0008,0.0007,0.0000,0.0000]
	黒い:[0.0034,0.0003,0.0000,0.0000]
	発生:[0.0009,0.0008,0.0060,0.0013]
	一方:[0.0002,0.0063,0.0000,0.0000]
	報告:[0.0007,0.0029,0.0000,0.0000]
	しばらく:[0.0004,0.0001,0.0005,0.0000]
	考える:[0.0006,0.0008,0.0015,0.0000]
	られる:[0.0000,0.0017,0.0000,0.0000]
	ある:[0.0106,0.0115,0.0058,0.0064]
	記録:[0.0002,0.0002,0.0000,0.0000]
	本体:[0.0004,0.0001,0.0000,0.0000]
	メーカー:[0.0001,0.0001,0.0000,0.0000]
	れる:[0.0010,0.0000,0.0000,0.0000]
	よい:[0.0009,0.0012,0.0013,0.0000]
	コンピューター:[0.0002,0.0005,0.0000,0.0000]
	知らせる:[0.0008,0.0002,0.0000,0.0000]
	ない:[0.0067,0.0084,0.0038,0.0027]
	ハード:[0.0002,0.0002,0.0000,0.0000]
	パソコン:[0.0008,0.0008,0.0000,0.0000]
True-Positive

Section:12
	Ｆｌａｇ：：００００
	Ｗｉｎｄｏｗｓの場合の時計表示
	Ｗｉｎｄｏｗｓの場合の時計表示
	２−２．ＯＳの起動が途中で止まる場合
Score:0.00119099458921
EACH_TAG_SCORE:
	image:0.000276916283184
	table:0.00081034896536
	graph:8.65873156631e-05
	flow:1.71420249982e-05
PARA:
Clueword:
	表示:[0.0093,0.0006,0.0000,0.0000]
	止まる:[0.0005,0.0001,0.0000,0.0000]
	時計:[0.0000,0.0000,0.0000,0.0000]
	途中:[0.0004,0.0002,0.0000,0.0000]
	場合:[0.0060,0.0480,0.0053,0.0010]
	起動:[0.0007,0.0006,0.0000,0.0000]
False-Positive

Section:7
	Ｆｌａｇ：：００００
	Ｍａｃでの通知
	Ｍａｃでの通知
	この場合は「パソコンが入力を求めていたことについて、私たちが気付かなかったこと」が動かなくなった原因ということになります。
	つまり、パソコンの「入力待機」が原因です。
	２−１−２．マウスポインターの動作確認
	画面内に特別な表示が見あたらない場合、パソコンが本当に止まってしまっていることがあります。
	マウスを動かして「マウスポインター（マウスに連動する画面内の矢印）」が動くかどうかを確認してください。
	マウスポインターが動作しない場合、何らかのトラブルが原因です。
	また、同じようにキーボードの動作も確認してましょう。
	Ｗｉｎｄｏｗｓパソコンであれば「Ｗｉｎｄｏｗｓキー」を押して、スタートメニューまたは、スタート画面が表示がされるかを確認してください。
	Ｍａｃの場合には、「Ｃｏｍｍａｎｄ」キーを押しながら「Ｔａｂ」キーを押してみて、ウィンドウ画面が切り替わるかを確認します。
	マウスが動作しないのにキーボードでは操作できる場合は、パソコンではなくマウスのトラブルです。
	これにはいくつかの対処方法があります。
Score:0.00107347164337
EACH_TAG_SCORE:
	image:0.000338144296059
	table:0.000368632284922
	graph:0.000166816771294
	flow:0.0001998782911
PARA:
Clueword:
	表示:[0.0093,0.0006,0.0000,0.0000]
	止まる:[0.0005,0.0001,0.0000,0.0000]
	動かす:[0.0000,0.0000,0.0000,0.0000]
	同じだ:[0.0027,0.0010,0.0000,0.0011]
	トラブル:[0.0000,0.0006,0.0000,0.0000]
	確認:[0.0006,0.0020,0.0000,0.0000]
	本当だ:[0.0000,0.0000,0.0000,0.0000]
	通知:[0.0003,0.0000,0.0000,0.0000]
	れる:[0.0010,0.0000,0.0000,0.0000]
	しまう:[0.0014,0.0011,0.0016,0.0009]
	なる:[0.0111,0.0126,0.0094,0.0022]
	方法:[0.0032,0.0048,0.0005,0.0017]
	キーボード:[0.0002,0.0002,0.0000,0.0000]
	する:[0.0289,0.0260,0.0123,0.0269]
	または:[0.0002,0.0000,0.0000,0.0000]
	いる:[0.0118,0.0087,0.0055,0.0051]
	こと:[0.0066,0.0067,0.0051,0.0056]
	この:[0.0019,0.0018,0.0007,0.0033]
	くださる:[0.0022,0.0006,0.0017,0.0039]
	動作:[0.0004,0.0005,0.0000,0.0000]
	動く:[0.0008,0.0007,0.0011,0.0000]
	入力:[0.0001,0.0003,0.0000,0.0029]
	ようだ:[0.0057,0.0000,0.0000,0.0000]
	連動:[0.0001,0.0000,0.0000,0.0000]
	いく:[0.0006,0.0001,0.0005,0.0008]
	つく:[0.0015,0.0008,0.0006,0.0010]
	いう:[0.0027,0.0019,0.0023,0.0028]
	マウス:[0.0001,0.0002,0.0000,0.0000]
	画面:[0.0097,0.0015,0.0000,0.0000]
	場合:[0.0060,0.0480,0.0053,0.0010]
	押す:[0.0005,0.0003,0.0000,0.0005]
	求める:[0.0000,0.0000,0.0000,0.0000]
	対処:[0.0000,0.0027,0.0009,0.0000]
	ます:[0.0222,0.0199,0.0169,0.0211]
	気付く:[0.0000,0.0000,0.0000,0.0000]
	また:[0.0027,0.0020,0.0021,0.0036]
	これ:[0.0017,0.0014,0.0000,0.0000]
	どう:[0.0003,0.0001,0.0004,0.0000]
	できる:[0.0030,0.0048,0.0012,0.0010]
	特別だ:[0.0005,0.0002,0.0000,0.0000]
	スタート:[0.0000,0.0000,0.0000,0.0000]
	ある:[0.0106,0.0115,0.0058,0.0064]
	ウィンドウ:[0.0002,0.0002,0.0000,0.0000]
	操作:[0.0001,0.0001,0.0000,0.0000]
	ながら:[0.0005,0.0001,0.0000,0.0000]
	みる:[0.0003,0.0003,0.0016,0.0000]
	ない:[0.0067,0.0084,0.0038,0.0027]
	原因:[0.0024,0.0029,0.0006,0.0011]
	パソコン:[0.0008,0.0008,0.0000,0.0000]
	つまり:[0.0000,0.0000,0.0000,0.0000]
False-Positive

Section:20
	Ｆｌａｇ：：００００
	・ソフトの起動中に停止する場合
	ソフトの起動中に停止する「バグ」の場合に、はユーザーにできることはあまりありません。
	ソフトメーカーが対処してアップデートしてくれるまで待つか、そのソフトの使用をしばらく見合わせましょう。
	ソフトをインストールしなおす方法もありますが、自信がない場合は専門家にお願いしましょう。
	これは、開こうとしたデータに不具合があってソフトが停止する場合も同様です。
	無理にソフトを使用しない方がよいでしょう。
	３−１−３．電源ケーブル、コンセントの異常
	コンセントからケーブルを一度抜いて、表面に傷がないか、端子の接触部分に汚れやゴミがないかを確認して、挿し直して電源を入れます。
	３−１−４．マウス、キーボードの異常
	マウス・キーボードの異常では、まずマウスドライバーという「マウスを動かすためのソフト」の動作異常が考えられます。
	この場合は、本体からマウスを一度抜いて、もう一度挿し直せばなおることがあります。
	無線マウスの場合には小さな親機が本体にささっていますから、そちらを抜き差ししてみます。
	また、ドライバーソフトが最新のものかどうかを確認しましょう。
	ドライバソフトの更新
	ドライバソフトの更新
	他の原因として、無線マウス・無線キーボードでは乾電池で動作していますから、電池切れで動かなくなることもあります。
	マウスやキーボードの電池交換をして動くかどうかを確認してみてください。
	マウスやキーボードの電池を交換する
	マウスやキーボードの電池を交換する
	３−１−５．パソコンが応答しない状態の場合
Score:0.000989402617266
EACH_TAG_SCORE:
	image:0.000242915875632
	table:0.000308036082025
	graph:0.000125406026706
	flow:0.000313044632902
PARA:
Clueword:
	あう:[0.0001,0.0003,0.0000,0.0000]
	専門:[0.0009,0.0011,0.0000,0.0000]
	動かす:[0.0000,0.0000,0.0000,0.0000]
	汚れる:[0.0000,0.0002,0.0000,0.0000]
	原因:[0.0024,0.0029,0.0006,0.0011]
	できる:[0.0030,0.0048,0.0012,0.0010]
	あまり:[0.0002,0.0000,0.0000,0.0000]
	状態:[0.0011,0.0097,0.0000,0.0000]
	そちら:[0.0000,0.0000,0.0000,0.0000]
	待つ:[0.0002,0.0011,0.0000,0.0000]
	ソフト:[0.0003,0.0001,0.0000,0.0000]
	みる:[0.0003,0.0003,0.0016,0.0000]
	ため:[0.0035,0.0042,0.0007,0.0035]
	なる:[0.0111,0.0126,0.0094,0.0022]
	方法:[0.0032,0.0048,0.0005,0.0017]
	キーボード:[0.0002,0.0002,0.0000,0.0000]
	交換:[0.0000,0.0000,0.0000,0.0000]
	する:[0.0289,0.0260,0.0123,0.0269]
	切れる:[0.0000,0.0000,0.0000,0.0000]
	いる:[0.0118,0.0087,0.0055,0.0051]
	動作:[0.0004,0.0005,0.0000,0.0000]
	願う:[0.0000,0.0000,0.0000,0.0000]
	こと:[0.0066,0.0067,0.0051,0.0056]
	この:[0.0019,0.0018,0.0007,0.0033]
	表面:[0.0023,0.0000,0.0000,0.0000]
	くださる:[0.0022,0.0006,0.0017,0.0039]
	異常だ:[0.0022,0.0021,0.0000,0.0000]
	インストール:[0.0001,0.0000,0.0000,0.0000]
	端子:[0.0029,0.0000,0.0000,0.0000]
	入れる:[0.0007,0.0005,0.0000,0.0000]
	もの:[0.0027,0.0015,0.0007,0.0022]
	更新:[0.0002,0.0001,0.0000,0.0000]
	起動:[0.0007,0.0006,0.0000,0.0000]
	停止:[0.0001,0.0000,0.0000,0.0000]
	直す:[0.0000,0.0000,0.0000,0.0000]
	いう:[0.0027,0.0019,0.0023,0.0028]
	使用:[0.0005,0.0002,0.0000,0.0027]
	もう:[0.0000,0.0000,0.0004,0.0000]
	マウス:[0.0001,0.0002,0.0000,0.0000]
	場合:[0.0060,0.0480,0.0053,0.0010]
	同様だ:[0.0000,0.0000,0.0000,0.0000]
	抜く:[0.0000,0.0000,0.0000,0.0000]
	アップデート:[0.0000,0.0003,0.0000,0.0000]
	対処:[0.0000,0.0027,0.0009,0.0000]
	まで:[0.0000,0.0011,0.0000,0.0101]
	ます:[0.0222,0.0199,0.0169,0.0211]
	まず:[0.0011,0.0011,0.0000,0.0723]
	電源:[0.0000,0.0000,0.0000,0.0000]
	から:[0.0045,0.0053,0.0018,0.0011]
	くれる:[0.0005,0.0001,0.0000,0.0000]
	開く:[0.0008,0.0000,0.0000,0.0050]
	動く:[0.0008,0.0007,0.0011,0.0000]
	具合:[0.0003,0.0001,0.0000,0.0000]
	小さな:[0.0006,0.0007,0.0000,0.0000]
	これ:[0.0017,0.0014,0.0000,0.0000]
	その:[0.0035,0.0019,0.0000,0.0233]
	部分:[0.0028,0.0007,0.0000,0.0000]
	確認:[0.0006,0.0020,0.0000,0.0000]
	どう:[0.0003,0.0001,0.0004,0.0000]
	また:[0.0027,0.0020,0.0021,0.0036]
	しばらく:[0.0004,0.0001,0.0005,0.0000]
	考える:[0.0006,0.0008,0.0015,0.0000]
	られる:[0.0000,0.0017,0.0000,0.0000]
	ある:[0.0106,0.0115,0.0058,0.0064]
	本体:[0.0004,0.0001,0.0000,0.0000]
	メーカー:[0.0001,0.0001,0.0000,0.0000]
	よい:[0.0009,0.0012,0.0013,0.0000]
	応答:[0.0005,0.0002,0.0000,0.0000]
	接触:[0.0002,0.0000,0.0000,0.0013]
	ドライバー:[0.0000,0.0000,0.0000,0.0000]
	ユーザー:[0.0003,0.0000,0.0000,0.0000]
	ない:[0.0067,0.0084,0.0038,0.0027]
	パソコン:[0.0008,0.0008,0.0000,0.0000]
True-Negative

Section:22
	Ｆｌａｇ：：００００
	Ｗｉｎｄｏｗｓのタスクマネージャー
	Ｗｉｎｄｏｗｓのタスクマネージャー
	Ｍａｃの「アプリケーションの強制終了」
	Ｍａｃの「アプリケーションの強制終了」
	３−２．フリーズしている場合
	フリーズの場合は、ほとんどの操作ができません。
	まずは電源スイッチを軽く押してパソコンが停止できるか試してみましょう。
	軽く押して停止できない場合は、電源スイッチを「パソコンが停止するまで押す（「電源ボタン長押し」と呼びます）」ことが必要になります。
	機種によっては「リセットボタン」があるものもあります。
	取扱説明を確認しておきましょう。
	ただし、この操作をフリーズ以外で行うと、コンピューター自体に深刻なダメージをあたえることがあります。
	ハードディスクの動作ランプが完全に停止しているかを確認してから実行しましょう。
	また、メーカーやお店のサポートなど、プロにまかせるのもひとつの方法です。
	３−３．電源供給以外で起動しない場合
	ここまでのチェック、対処でもパソコンが動かない場合、ユーザーにできることはあまりありません。
	メーカーに修理を依頼するか、買い換えを検討しましょう。
	いずれにしても、パソコンに保存してあったさまざまなデータは消去されてしまいますので、バックアップを取っておきましょう。
	とはいえ、パソコンは動かないのですから、最新のバックアップを取ることはできません。
	これまでにバックアップをとっておいたかどうかが頼りになります。
	普段からバックアップを習慣づけておきましょう。
	バックアップについてはこちらの記事も参照してください。
	大切なデータを復元！万が一に備えたＰＣのパックアップ方法
	これはメーカーに修理を依頼する場合でも同様です。
	運良くデータが消去されなければよいのですが、それはまれだと考えましょう。
Score:0.000774244336553
EACH_TAG_SCORE:
	image:0.000211267750863
	table:0.000267238934887
	graph:0.000127155116365
	flow:0.000168582534439
PARA:
Clueword:
	呼ぶ:[0.0015,0.0009,0.0000,0.0015]
	これ:[0.0017,0.0014,0.0000,0.0000]
	完全だ:[0.0001,0.0000,0.0000,0.0000]
	説明:[0.0003,0.0003,0.0000,0.0000]
	よる:[0.0034,0.0041,0.0016,0.0000]
	それ:[0.0007,0.0024,0.0005,0.0008]
	できる:[0.0030,0.0048,0.0012,0.0010]
	確認:[0.0006,0.0020,0.0000,0.0000]
	サポート:[0.0005,0.0002,0.0000,0.0013]
	とる:[0.0004,0.0004,0.0005,0.0000]
	さまざまだ:[0.0000,0.0001,0.0000,0.0000]
	れる:[0.0010,0.0000,0.0000,0.0000]
	チェック:[0.0014,0.0013,0.0010,0.0000]
	みる:[0.0003,0.0003,0.0016,0.0000]
	フリーズ:[0.0001,0.0000,0.0000,0.0000]
	しまう:[0.0014,0.0011,0.0016,0.0009]
	ディスク:[0.0002,0.0002,0.0000,0.0000]
	方法:[0.0032,0.0048,0.0005,0.0017]
	つける:[0.0009,0.0009,0.0000,0.0000]
	する:[0.0289,0.0260,0.0123,0.0269]
	いる:[0.0118,0.0087,0.0055,0.0051]
	なる:[0.0111,0.0126,0.0094,0.0022]
	ランプ:[0.0004,0.0005,0.0000,0.0000]
	保存:[0.0000,0.0000,0.0000,0.0000]
	こと:[0.0066,0.0067,0.0051,0.0056]
	この:[0.0019,0.0018,0.0007,0.0033]
	万が一:[0.0000,0.0000,0.0000,0.0000]
	検討:[0.0000,0.0000,0.0000,0.0000]
	くださる:[0.0022,0.0006,0.0017,0.0039]
	動作:[0.0004,0.0005,0.0000,0.0000]
	同様だ:[0.0000,0.0000,0.0000,0.0000]
	ほとんど:[0.0006,0.0006,0.0060,0.0000]
	ここ:[0.0004,0.0001,0.0000,0.0111]
	もの:[0.0027,0.0015,0.0007,0.0022]
	買う:[0.0000,0.0000,0.0000,0.0000]
	押す:[0.0005,0.0003,0.0000,0.0005]
	起動:[0.0007,0.0006,0.0000,0.0000]
	おく:[0.0011,0.0015,0.0012,0.0000]
	停止:[0.0001,0.0000,0.0000,0.0000]
	供給:[0.0000,0.0000,0.0000,0.0000]
	操作:[0.0001,0.0001,0.0000,0.0000]
	以外:[0.0000,0.0000,0.0000,0.0000]
	パック:[0.0000,0.0000,0.0000,0.0000]
	備える:[0.0001,0.0000,0.0000,0.0007]
	こちら:[0.0006,0.0005,0.0000,0.0011]
	換える:[0.0001,0.0000,0.0000,0.0000]
	つく:[0.0015,0.0008,0.0006,0.0010]
	取る:[0.0007,0.0005,0.0000,0.0000]
	まずは:[0.0001,0.0000,0.0000,0.0061]
	場合:[0.0060,0.0480,0.0053,0.0010]
	対処:[0.0000,0.0027,0.0009,0.0000]
	まで:[0.0000,0.0011,0.0000,0.0101]
	行う:[0.0007,0.0008,0.0006,0.0010]
	ます:[0.0222,0.0199,0.0169,0.0211]
	ただし:[0.0008,0.0007,0.0000,0.0000]
	習慣:[0.0000,0.0000,0.0000,0.0000]
	機種:[0.0003,0.0011,0.0000,0.0016]
	依頼:[0.0000,0.0000,0.0000,0.0000]
	から:[0.0045,0.0053,0.0018,0.0011]
	動く:[0.0008,0.0007,0.0011,0.0000]
	ボタン:[0.0021,0.0000,0.0000,0.0007]
	必要だ:[0.0020,0.0039,0.0006,0.0010]
	大切だ:[0.0001,0.0005,0.0005,0.0000]
	ひと:[0.0004,0.0004,0.0000,0.0009]
	どう:[0.0003,0.0001,0.0004,0.0000]
	記事:[0.0000,0.0000,0.0000,0.0000]
	終了:[0.0002,0.0000,0.0000,0.0000]
	あまり:[0.0002,0.0000,0.0000,0.0000]
	考える:[0.0006,0.0008,0.0015,0.0000]
	いずれ:[0.0000,0.0000,0.0000,0.0000]
	ある:[0.0106,0.0115,0.0058,0.0064]
	強制:[0.0001,0.0000,0.0000,0.0000]
	電源:[0.0000,0.0000,0.0000,0.0000]
	メーカー:[0.0001,0.0001,0.0000,0.0000]
	参照:[0.0001,0.0000,0.0000,0.0000]
	よい:[0.0009,0.0012,0.0013,0.0000]
	タスク:[0.0002,0.0000,0.0000,0.0000]
	深刻だ:[0.0000,0.0000,0.0000,0.0000]
	良い:[0.0007,0.0006,0.0005,0.0000]
	試す:[0.0000,0.0000,0.0000,0.0000]
	また:[0.0027,0.0020,0.0021,0.0036]
	ユーザー:[0.0003,0.0000,0.0000,0.0000]
	軽い:[0.0000,0.0003,0.0000,0.0000]
	コンピューター:[0.0002,0.0005,0.0000,0.0000]
	マネージャー:[0.0001,0.0000,0.0000,0.0000]
	でも:[0.0021,0.0016,0.0018,0.0000]
	アプリケーション:[0.0003,0.0000,0.0000,0.0000]
	ない:[0.0067,0.0084,0.0038,0.0027]
	ハード:[0.0002,0.0002,0.0000,0.0000]
	復元:[0.0000,0.0001,0.0000,0.0000]
	アップ:[0.0004,0.0005,0.0000,0.0000]
	パソコン:[0.0008,0.0008,0.0000,0.0000]
True-Negative

Section:23
	Ｆｌａｇ：：００００
	４．最後に
	ここまで「パソコンを壊したら数万円、十数万円の損害がでますよ」というように話を進めてまいりましたが、問題としてこれらはまだ「お金を出せば解決する」ので、深刻度の点ではまだそれほどではないのです。
	パソコンに取り込んだ「家族との思い出の写真」や「旧友や大事な顧客とやりとりした電子メール」などは、いくらお金を出しても二度と手に入れることができないものです。
	パソコンを使うときには「短気は損気」を肝に銘じておきましょう。
	大切なデータを失う悲しさは、実際に経験しないとわからないものなのです。
	フリーズした場合の確認事項
	フリーズしたときには、まずマウスやキーボードが使えるかどうかを確認します。
	これらが使える場合は、まだ復帰できる可能性があります。
	そして、本当にフリーズしているのかどうかを判断しましょう。
	フリーズしたときの確認事項
	フリーズしたときの確認事項
	１−１：フリーズしているかどうかを確認する
	「固まった」と思ったら、まずはしばらく放置してみましょう。
	大きなファイルを開いたときや、ソフトウェアが複雑な計算をしているときなど、非常に重い処理をしているときには、フリーズしたと思うくらいに動作が重くなります。
	まずは少し待ってみて、それでもまったく変化がないときにはフリーズしていると判断し、次の行動に移ります。
	この際、処理の進行状況を表示するプログレスバーが少しでも動いているかどうかが判断材料のひとつになります。
	なお、一度スリープさせるという方法もあります。
	ノートパソコンであれば、一度ディスプレイを閉じてスリープさせてみましょう。
	しばらく置いて再びディスプレイを開くことで復帰できる場合があります。
	デスクトップパソコンにも「スリープ」メニューがありますが、これはマウスやキーボードが動く場合に限られます。
	２：マウスやキーボードが操作できる場合
	マウスやキーボードが動く場合には、試す方法があります。
	フリーズの多くは、ソフトウェアのコンフリクト（競合）が原因です。
	これは、特定の機能やデータを複数のソフトウェアが取り合うときに発生します。
	このため、使用してない起動中のソフトウェアを終了させていきます。
	２−１：ソフトウェアを終了する
	終了（×）ボタンを押してもソフトウェアを終了できないときは、「タスクマネージャー」を使って終了させていきます。
	２−１−１：タスクマネージャー
Score:0.000735742869216
EACH_TAG_SCORE:
	image:0.000181804255136
	table:0.000205238441195
	graph:9.98714523227e-05
	flow:0.000248828720563
PARA:
Clueword:
	表示:[0.0093,0.0006,0.0000,0.0000]
	非常だ:[0.0013,0.0015,0.0000,0.0000]
	おく:[0.0011,0.0015,0.0012,0.0000]
	失う:[0.0001,0.0000,0.0000,0.0000]
	できる:[0.0030,0.0048,0.0012,0.0010]
	れる:[0.0010,0.0000,0.0000,0.0000]
	みる:[0.0003,0.0003,0.0016,0.0000]
	処理:[0.0000,0.0001,0.0000,0.0095]
	なる:[0.0111,0.0126,0.0094,0.0022]
	キーボード:[0.0002,0.0002,0.0000,0.0000]
	込む:[0.0007,0.0009,0.0008,0.0000]
	損害:[0.0000,0.0000,0.0000,0.0000]
	進行:[0.0000,0.0000,0.0000,0.0000]
	それ:[0.0007,0.0024,0.0005,0.0008]
	合う:[0.0000,0.0000,0.0000,0.0000]
	押す:[0.0005,0.0003,0.0000,0.0005]
	入れる:[0.0007,0.0005,0.0000,0.0000]
	材料:[0.0000,0.0000,0.0000,0.0000]
	家族:[0.0005,0.0018,0.0000,0.0000]
	大事だ:[0.0001,0.0001,0.0000,0.0000]
	限る:[0.0003,0.0003,0.0000,0.0000]
	大きな:[0.0026,0.0011,0.0009,0.0000]
	多く:[0.0000,0.0034,0.0040,0.0000]
	この:[0.0019,0.0018,0.0007,0.0033]
	置く:[0.0002,0.0000,0.0000,0.0000]
	取る:[0.0007,0.0005,0.0000,0.0000]
	まずは:[0.0001,0.0000,0.0000,0.0061]
	マウス:[0.0001,0.0002,0.0000,0.0000]
	解決:[0.0000,0.0000,0.0007,0.0000]
	ファイル:[0.0001,0.0000,0.0000,0.0000]
	使用:[0.0005,0.0002,0.0000,0.0027]
	深刻だ:[0.0000,0.0000,0.0000,0.0000]
	機能:[0.0001,0.0005,0.0000,0.0000]
	動作:[0.0004,0.0005,0.0000,0.0000]
	くらい:[0.0005,0.0004,0.0000,0.0000]
	起動:[0.0007,0.0006,0.0000,0.0000]
	ボタン:[0.0021,0.0000,0.0000,0.0007]
	可能だ:[0.0008,0.0012,0.0012,0.0000]
	ソフトウェア:[0.0000,0.0000,0.0000,0.0000]
	場合:[0.0060,0.0480,0.0053,0.0010]
	まったく:[0.0000,0.0000,0.0000,0.0000]
	固まる:[0.0000,0.0000,0.0000,0.0000]
	ひと:[0.0004,0.0004,0.0000,0.0009]
	とく:[0.0012,0.0006,0.0017,0.0028]
	判断:[0.0008,0.0011,0.0000,0.0000]
	最後だ:[0.0004,0.0000,0.0000,0.0202]
	ある:[0.0106,0.0115,0.0058,0.0064]
	経験:[0.0004,0.0000,0.0000,0.0031]
	操作:[0.0001,0.0001,0.0000,0.0000]
	変化:[0.0008,0.0009,0.0000,0.0000]
	ため:[0.0035,0.0042,0.0007,0.0035]
	事項:[0.0000,0.0019,0.0000,0.0000]
	複雑だ:[0.0036,0.0003,0.0000,0.0000]
	なく:[0.0000,0.0002,0.0000,0.0000]
	でも:[0.0021,0.0016,0.0018,0.0000]
	なお:[0.0002,0.0000,0.0000,0.0013]
	ない:[0.0067,0.0084,0.0038,0.0027]
	わかる:[0.0011,0.0005,0.0000,0.0012]
	でる:[0.0000,0.0000,0.0000,0.0000]
	ノート:[0.0000,0.0000,0.0000,0.0000]
	進める:[0.0000,0.0000,0.0000,0.0000]
	それほど:[0.0000,0.0000,0.0000,0.0000]
	再び:[0.0001,0.0000,0.0000,0.0007]
	ディスプレイ:[0.0000,0.0000,0.0000,0.0000]
	損だ:[0.0000,0.0000,0.0000,0.0000]
	確認:[0.0006,0.0020,0.0000,0.0000]
	本当だ:[0.0000,0.0000,0.0000,0.0000]
	複数:[0.0001,0.0000,0.0000,0.0010]
	待つ:[0.0002,0.0011,0.0000,0.0000]
	行動:[0.0000,0.0000,0.0000,0.0000]
	出す:[0.0003,0.0004,0.0000,0.0000]
	フリーズ:[0.0001,0.0000,0.0000,0.0000]
	する:[0.0289,0.0260,0.0123,0.0269]
	いる:[0.0118,0.0087,0.0055,0.0051]
	こと:[0.0066,0.0067,0.0051,0.0056]
	放置:[0.0000,0.0000,0.0000,0.0000]
	そして:[0.0003,0.0001,0.0000,0.0101]
	問題:[0.0011,0.0010,0.0000,0.0000]
	ここ:[0.0004,0.0001,0.0000,0.0111]
	方法:[0.0032,0.0048,0.0005,0.0017]
	もの:[0.0027,0.0015,0.0007,0.0022]
	動く:[0.0008,0.0007,0.0011,0.0000]
	メール:[0.0013,0.0009,0.0000,0.0024]
	ようだ:[0.0057,0.0000,0.0000,0.0000]
	いく:[0.0006,0.0001,0.0005,0.0008]
	実際:[0.0001,0.0000,0.0017,0.0000]
	壊す:[0.0000,0.0000,0.0000,0.0000]
	重い:[0.0000,0.0000,0.0000,0.0000]
	いう:[0.0027,0.0019,0.0023,0.0028]
	計算:[0.0000,0.0001,0.0000,0.0000]
	写真:[0.0000,0.0000,0.0000,0.0000]
	使える:[0.0010,0.0007,0.0000,0.0000]
	まだ:[0.0000,0.0001,0.0000,0.0000]
	まで:[0.0000,0.0011,0.0000,0.0101]
	ます:[0.0222,0.0199,0.0169,0.0211]
	まず:[0.0011,0.0011,0.0000,0.0723]
	開く:[0.0008,0.0000,0.0000,0.0050]
	状況:[0.0000,0.0002,0.0000,0.0000]
	特定:[0.0002,0.0010,0.0040,0.0000]
	これ:[0.0017,0.0014,0.0000,0.0000]
	大切だ:[0.0001,0.0005,0.0005,0.0000]
	どう:[0.0003,0.0001,0.0004,0.0000]
	終了:[0.0002,0.0000,0.0000,0.0000]
	いくら:[0.0002,0.0000,0.0000,0.0000]
	しばらく:[0.0004,0.0001,0.0005,0.0000]
	顧客:[0.0000,0.0004,0.0000,0.0000]
	せる:[0.0007,0.0005,0.0000,0.0011]
	タスク:[0.0002,0.0000,0.0000,0.0000]
	発生:[0.0009,0.0008,0.0060,0.0013]
	試す:[0.0000,0.0000,0.0000,0.0000]
	思う:[0.0005,0.0001,0.0008,0.0000]
	マネージャー:[0.0001,0.0000,0.0000,0.0000]
	使う:[0.0035,0.0023,0.0008,0.0000]
	パソコン:[0.0008,0.0008,0.0000,0.0000]
	原因:[0.0024,0.0029,0.0006,0.0011]
True-Negative

Section:1
	Ｆｌａｇ：：１００１
	１．動かないときに確認すること
	パソコン動かないと思ったときに重要なことは「落ち着くこと」です。
	実際にはなかなか難しいものですが、パソコンが動かなくなったときはまず落ち着き、下記の３つの手順に従いましょう。
	動かなくなったときに確認すること
	このとき、「急いで何かをしなくてはならないことが別にある」のであれば、まずはそちらを解決しましょう。
	パソコンのトラブルは、落ち着いてじっくり取り組むことが大切です。
	パソコンでしなければならない作業があるのなら、ほかのパソコンや手作業で片付けてからにしましょう。
	１−１．パソコンでの作業中か確認
	まず確認しなくてはいけないことは、そのパソコンが作業中かどうかです。
	ワープロで書類作成中だったのでしょうか、それともインターネットを閲覧中でしたか？そういうことをまず確認しましょう。
	１−１−１．ワープロソフトなどでの入力中か確認
	ワープロソフトなどでの入力中の場合、単純に文字変換に手間取っているだけということがよくあります。
	パソコンではＩＭ（インプットメソッド、文字入力ソフト。ＷｉｎｄｏｗｓではＭＳ−ＩＭＥ、Ｍａｃでは「ことえり」が標準ＩＭ）という変換ソフトで入力された文字を漢字などに変換していきますが、使い込んでいくと学習したデータが膨大になって、変換に時間がかかることがあります。
	１−１−２．インターネットの閲覧中か確認
	インターネットを閲覧中に動かなくなった場合、先述のＩＭが遅いだけということのほかに、回線の速度が遅くて情報表示が追いつかない、あるいは時間切れになってしまうということが起きます。
	また、「ソフトウェアのアップデート」が不十分で、インターネットを使おうとした時に複数の自動アップデートが一斉に動き出して、動作が非常に遅くなることもあります。
	１−１−３．ソフトの起動をしようとしたのか確認
	ソフトを起動しようとしてパソコンが動かなくなるケースでは「ソフト自体の不具合」が疑われます。
	いわゆる「バグ」というソフトの不良や、開こうとしたファイルに問題があって、バグを誘発して止まってしまうことがあります。
	１−２．起動を終えて作業を始める前か確認
	パソコンの電源を入れてしばらくすると、最初の画面が表示されます。
	しかし多くの場合、この時点では「一見使用できる準備が整ったように見えて、実際はまだ起動処理中」の状態です。
	この場合、パソコンは「パソコン自体の起動」を優先しますから、ほかの処理は後回しになります。
	そのため、止まっているように感じることがあります。
	１−３．パソコンが起動の途中で終了するのか確認
Score:0.000668730205208
EACH_TAG_SCORE:
	image:0.000169196646525
	table:0.00019826391442
	graph:9.57184646999e-05
	flow:0.000205551179563
PARA:
Clueword:
	表示:[0.0093,0.0006,0.0000,0.0000]
	変換:[0.0000,0.0000,0.0000,0.0000]
	非常だ:[0.0013,0.0015,0.0000,0.0000]
	落ち着く:[0.0004,0.0005,0.0000,0.0000]
	重要だ:[0.0007,0.0009,0.0012,0.0000]
	トラブル:[0.0000,0.0006,0.0000,0.0000]
	終える:[0.0001,0.0000,0.0000,0.0000]
	先述:[0.0000,0.0000,0.0000,0.0000]
	ソフト:[0.0003,0.0001,0.0000,0.0000]
	あう:[0.0001,0.0003,0.0000,0.0000]
	見える:[0.0027,0.0014,0.0000,0.0000]
	なら:[0.0005,0.0002,0.0006,0.0000]
	かかる:[0.0002,0.0002,0.0000,0.0012]
	なる:[0.0111,0.0126,0.0094,0.0022]
	疑う:[0.0001,0.0001,0.0000,0.0000]
	思う:[0.0005,0.0001,0.0008,0.0000]
	動作:[0.0004,0.0005,0.0000,0.0000]
	ソフトだ:[0.0000,0.0000,0.0000,0.0000]
	作業:[0.0001,0.0000,0.0000,0.0000]
	多く:[0.0000,0.0034,0.0040,0.0000]
	まずは:[0.0001,0.0000,0.0000,0.0061]
	回線:[0.0000,0.0001,0.0000,0.0000]
	画面:[0.0097,0.0015,0.0000,0.0000]
	ファイル:[0.0001,0.0000,0.0000,0.0000]
	使用:[0.0005,0.0002,0.0000,0.0027]
	アップデート:[0.0000,0.0003,0.0000,0.0000]
	電源:[0.0000,0.0000,0.0000,0.0000]
	起動:[0.0007,0.0006,0.0000,0.0000]
	書類:[0.0000,0.0000,0.0000,0.0000]
	込む:[0.0007,0.0009,0.0008,0.0000]
	その:[0.0035,0.0019,0.0000,0.0233]
	できる:[0.0030,0.0048,0.0012,0.0010]
	遅い:[0.0000,0.0003,0.0000,0.0000]
	いわゆる:[0.0000,0.0000,0.0000,0.0000]
	ある:[0.0106,0.0115,0.0058,0.0064]
	なかなか:[0.0000,0.0000,0.0000,0.0000]
	インターネット:[0.0004,0.0015,0.0000,0.0000]
	準備:[0.0000,0.0000,0.0000,0.0000]
	ため:[0.0035,0.0042,0.0007,0.0035]
	下記:[0.0009,0.0000,0.0000,0.0000]
	始める:[0.0003,0.0007,0.0000,0.0000]
	最初だ:[0.0002,0.0000,0.0000,0.0000]
	大切だ:[0.0001,0.0005,0.0005,0.0000]
	いけない:[0.0000,0.0000,0.0000,0.0000]
	ない:[0.0067,0.0084,0.0038,0.0027]
	不良だ:[0.0000,0.0000,0.0000,0.0000]
	難しい:[0.0006,0.0004,0.0000,0.0000]
	止まる:[0.0005,0.0001,0.0000,0.0000]
	作成:[0.0001,0.0010,0.0000,0.0000]
	感じる:[0.0010,0.0009,0.0006,0.0000]
	にる:[0.0002,0.0003,0.0000,0.0000]
	ソフトウェア:[0.0000,0.0000,0.0000,0.0000]
	れる:[0.0010,0.0000,0.0000,0.0000]
	取り組む:[0.0000,0.0000,0.0000,0.0000]
	途中:[0.0004,0.0002,0.0000,0.0000]
	整う:[0.0006,0.0002,0.0000,0.0000]
	確認:[0.0006,0.0020,0.0000,0.0000]
	あるいは:[0.0000,0.0000,0.0000,0.0000]
	手順:[0.0000,0.0000,0.0000,0.0094]
	複数:[0.0001,0.0000,0.0000,0.0010]
	そちら:[0.0000,0.0000,0.0000,0.0000]
	起きる:[0.0000,0.0002,0.0000,0.0000]
	しまう:[0.0014,0.0011,0.0016,0.0009]
	出す:[0.0003,0.0004,0.0000,0.0000]
	不十分だ:[0.0000,0.0000,0.0000,0.0000]
	速度:[0.0000,0.0002,0.0000,0.0000]
	情報:[0.0003,0.0013,0.0000,0.0009]
	膨大だ:[0.0000,0.0000,0.0000,0.0000]
	する:[0.0289,0.0260,0.0123,0.0269]
	いる:[0.0118,0.0087,0.0055,0.0051]
	単純だ:[0.0001,0.0000,0.0000,0.0000]
	処理:[0.0000,0.0001,0.0000,0.0095]
	こと:[0.0066,0.0067,0.0051,0.0056]
	この:[0.0019,0.0018,0.0007,0.0033]
	学習:[0.0000,0.0000,0.0000,0.0000]
	問題:[0.0011,0.0010,0.0000,0.0000]
	解決:[0.0000,0.0000,0.0007,0.0000]
	もの:[0.0027,0.0015,0.0007,0.0022]
	動く:[0.0008,0.0007,0.0011,0.0000]
	入力:[0.0001,0.0003,0.0000,0.0029]
	ようだ:[0.0057,0.0000,0.0000,0.0000]
	文字:[0.0003,0.0001,0.0000,0.0000]
	いく:[0.0006,0.0001,0.0005,0.0008]
	実際:[0.0001,0.0000,0.0017,0.0000]
	入れる:[0.0007,0.0005,0.0000,0.0000]
	いう:[0.0027,0.0019,0.0023,0.0028]
	場合:[0.0060,0.0480,0.0053,0.0010]
	まだ:[0.0000,0.0001,0.0000,0.0000]
	標準:[0.0001,0.0000,0.0000,0.0010]
	ます:[0.0222,0.0199,0.0169,0.0211]
	まず:[0.0011,0.0011,0.0000,0.0723]
	また:[0.0027,0.0020,0.0021,0.0036]
	から:[0.0045,0.0053,0.0018,0.0011]
	開く:[0.0008,0.0000,0.0000,0.0050]
	具合:[0.0003,0.0001,0.0000,0.0000]
	優先:[0.0000,0.0000,0.0000,0.0000]
	従う:[0.0001,0.0000,0.0000,0.0000]
	どう:[0.0003,0.0001,0.0004,0.0000]
	終了:[0.0002,0.0000,0.0000,0.0000]
	しばらく:[0.0004,0.0001,0.0005,0.0000]
	別だ:[0.0000,0.0000,0.0000,0.0000]
	時間:[0.0000,0.0006,0.0030,0.0000]
	よい:[0.0009,0.0012,0.0013,0.0000]
	自動:[0.0001,0.0001,0.0000,0.0000]
	状態:[0.0011,0.0097,0.0000,0.0000]
	それとも:[0.0000,0.0000,0.0000,0.0000]
	時点:[0.0000,0.0000,0.0107,0.0000]
	ケース:[0.0004,0.0083,0.0000,0.0000]
	ほか:[0.0002,0.0000,0.0007,0.0000]
	使う:[0.0035,0.0023,0.0008,0.0000]
	パソコン:[0.0008,0.0008,0.0000,0.0000]
	しかし:[0.0000,0.0000,0.0000,0.0000]
False-Negative

Section:33
	Ｆｌａｇ：：００００
	４−３：ウイルスに感染していないかチェックする
	ウイルスに感染していることが原因で、パソコンがフリーズすることもあります。
	フリーズから回復したら、セキュリティソフトでウイルススキャンを実行しましょう。
	４−４：ハードディスクのデフラグを行う
	ハードディスクのデータが断片化している場合にも、処理に長い時間がかかったり、フリーズしてしまうことがあります。
	ハードディスクのデフラグを行って、ディスク内のデータを最適化しましょう。
	なお、ドライブにＳＳＤ（ＳｏｌｉｄＳｔａｔｅＤｒｉｖｅ）を使用している場合は、デフラグの必要性はないとされています。
	４−４−１：ハードディスクのデフラグ
	Ｗｉｎｄｏｗｓの場合は、デフラグを実施したいドライブをエクスプローラーで表示し、ドライブを右クリックして［プロパティ］をクリックします。
	プロパティ画面が表示されるので、［ツール］タブから［最適化］をクリックして実行します。
	ハードディスクのデフラグ
	ハードディスクのデフラグ
	Ｍａｃの場合は、基本的にＯＳがデフラグを自動実行しますので、ユーザーが行う必要はないとされています。
	４−５：電源コンセントをチェックする
	電源が不安定な場合にも、フリーズすることがあります。
	電源ケーブルがしっかりとパソコンやコンセントに接続されているか、タコ足配線していないかなども確認しましょう。
	４−６：最悪の場合はＯＳを再インストールする
	上記の対策を行ってもフリーズしてしまうようなときは、最後の手段としてＯＳを再インストールしましょう。
	多くの場合、いったん初期状態にすることで、フリーズが解消されます。
	余裕があれば、必要最小限のソフトウェアや周辺機器を追加しながら様子を見ていくことで、原因を特定できる可能性があります。
	また、Ｗｉｎｄｏｗｓでは「ＢＩＯＳ」、Ｍａｃでは「ＥＦＩ」と「ＳＭＣ」といった、パソコンのマザーボードという基本的なパーツで動作するファームウェアというソフトウェアがアップデートされている場合があり、このアップデートによって不具合が解消することがあります。
	ただし、ファームウェアのアップデートに失敗するとパソコンが起動できなくなることもありますので、購入したショップなどに相談しましょう。
	５：最後に
	パソコンがフリーズしてしまうと、元の状態に復帰することが難しくなります。
	ほとんどの場合は、強制終了して再起動することで復帰できますが、その際に保存されていなかったデータは失われてしまいます。
	たとえば長文のブログを書いていたり、仕事用の資料を作成する場合などは、こまめにファイルを保存して被害を最小限に抑えるよう工夫しましょう。
Score:0.000649546531843
EACH_TAG_SCORE:
	image:0.000173120148719
	table:0.000194691044417
	graph:9.4354620547e-05
	flow:0.000187380718161
PARA:
Clueword:
	表示:[0.0093,0.0006,0.0000,0.0000]
	追加:[0.0001,0.0000,0.0000,0.0000]
	最適だ:[0.0000,0.0000,0.0000,0.0000]
	できる:[0.0030,0.0048,0.0012,0.0010]
	セキュリティ:[0.0000,0.0000,0.0000,0.0000]
	作成:[0.0001,0.0010,0.0000,0.0000]
	れる:[0.0010,0.0000,0.0000,0.0000]
	かかる:[0.0002,0.0002,0.0000,0.0012]
	接続:[0.0001,0.0001,0.0000,0.0004]
	ディスク:[0.0002,0.0002,0.0000,0.0000]
	基本:[0.0022,0.0029,0.0000,0.0000]
	ウイルス:[0.0002,0.0007,0.0000,0.0016]
	必要だ:[0.0020,0.0039,0.0006,0.0010]
	保存:[0.0000,0.0000,0.0000,0.0000]
	インストール:[0.0001,0.0000,0.0000,0.0000]
	動作:[0.0004,0.0005,0.0000,0.0000]
	ほとんど:[0.0006,0.0006,0.0060,0.0000]
	ソフトだ:[0.0000,0.0000,0.0000,0.0000]
	周辺:[0.0000,0.0000,0.0000,0.0000]
	多く:[0.0000,0.0034,0.0040,0.0000]
	終了:[0.0002,0.0000,0.0000,0.0000]
	画面:[0.0097,0.0015,0.0000,0.0000]
	購入:[0.0007,0.0000,0.0000,0.0020]
	ファイル:[0.0001,0.0000,0.0000,0.0000]
	手段:[0.0001,0.0000,0.0000,0.0000]
	使用:[0.0005,0.0002,0.0000,0.0027]
	アップデート:[0.0000,0.0003,0.0000,0.0000]
	実施:[0.0000,0.0003,0.0000,0.0000]
	たい:[0.0004,0.0005,0.0006,0.0000]
	書く:[0.0041,0.0026,0.0000,0.0514]
	起動:[0.0007,0.0006,0.0000,0.0000]
	回復:[0.0005,0.0006,0.0008,0.0000]
	可能だ:[0.0008,0.0012,0.0012,0.0000]
	その:[0.0035,0.0019,0.0000,0.0233]
	よう:[0.0031,0.0023,0.0016,0.0030]
	最後だ:[0.0004,0.0000,0.0000,0.0202]
	ある:[0.0106,0.0115,0.0058,0.0064]
	強制:[0.0001,0.0000,0.0000,0.0000]
	なる:[0.0111,0.0126,0.0094,0.0022]
	処理:[0.0000,0.0001,0.0000,0.0095]
	ユーザー:[0.0003,0.0000,0.0000,0.0000]
	的だ:[0.0000,0.0017,0.0000,0.0000]
	被害:[0.0000,0.0000,0.0000,0.0000]
	たとえば:[0.0000,0.0008,0.0000,0.0000]
	なお:[0.0002,0.0000,0.0000,0.0013]
	ない:[0.0067,0.0084,0.0038,0.0027]
	抑える:[0.0011,0.0008,0.0000,0.0017]
	難しい:[0.0006,0.0004,0.0000,0.0000]
	失敗:[0.0000,0.0000,0.0000,0.0000]
	初期:[0.0000,0.0000,0.0000,0.0000]
	ソフトウェア:[0.0000,0.0000,0.0000,0.0000]
	相談:[0.0004,0.0009,0.0014,0.0000]
	よる:[0.0034,0.0041,0.0016,0.0000]
	最悪だ:[0.0000,0.0002,0.0000,0.0000]
	確認:[0.0006,0.0020,0.0000,0.0000]
	対策:[0.0008,0.0005,0.0000,0.0035]
	しまう:[0.0014,0.0011,0.0016,0.0009]
	パソコン:[0.0008,0.0008,0.0000,0.0000]
	フリーズ:[0.0001,0.0000,0.0000,0.0000]
	失う:[0.0001,0.0000,0.0000,0.0000]
	する:[0.0289,0.0260,0.0123,0.0269]
	いる:[0.0118,0.0087,0.0055,0.0051]
	工夫:[0.0005,0.0006,0.0000,0.0000]
	クリック:[0.0014,0.0000,0.0000,0.0000]
	感染:[0.0000,0.0000,0.0009,0.0000]
	こと:[0.0066,0.0067,0.0051,0.0056]
	この:[0.0019,0.0018,0.0007,0.0033]
	解消:[0.0000,0.0000,0.0000,0.0000]
	チェック:[0.0014,0.0013,0.0010,0.0000]
	プロパティ:[0.0000,0.0000,0.0000,0.0000]
	見る:[0.0016,0.0012,0.0012,0.0000]
	ようだ:[0.0057,0.0000,0.0000,0.0000]
	いく:[0.0006,0.0001,0.0005,0.0008]
	上記:[0.0033,0.0001,0.0000,0.0000]
	いう:[0.0027,0.0019,0.0023,0.0028]
	不安定だ:[0.0005,0.0006,0.0000,0.0000]
	場合:[0.0060,0.0480,0.0053,0.0010]
	行う:[0.0007,0.0008,0.0006,0.0010]
	ます:[0.0222,0.0199,0.0169,0.0211]
	ただし:[0.0008,0.0007,0.0000,0.0000]
	また:[0.0027,0.0020,0.0021,0.0036]
	行く:[0.0000,0.0000,0.0000,0.0000]
	から:[0.0045,0.0053,0.0018,0.0011]
	具合:[0.0003,0.0001,0.0000,0.0000]
	特定:[0.0002,0.0010,0.0040,0.0000]
	仕事:[0.0006,0.0004,0.0008,0.0000]
	電源:[0.0000,0.0000,0.0000,0.0000]
	時間:[0.0000,0.0006,0.0030,0.0000]
	ながら:[0.0005,0.0001,0.0000,0.0000]
	長い:[0.0022,0.0006,0.0015,0.0000]
	しっかり:[0.0000,0.0000,0.0000,0.0000]
	自動:[0.0001,0.0001,0.0000,0.0000]
	状態:[0.0011,0.0097,0.0000,0.0000]
	ツール:[0.0000,0.0000,0.0000,0.0000]
	ハード:[0.0002,0.0002,0.0000,0.0000]
	原因:[0.0024,0.0029,0.0006,0.0011]
True-Negative

Section:29
	Ｆｌａｇ：：００００
	Ｍａｃでは「アクティビティモニタ」でソフトを終了する
	Ｍａｃでは「アクティビティモニタ」でソフトを終了する
	２−２：周辺機器を取り外す
	外付けドライブを接続したとき、外付けハードディスクにデータをコピーしているとき、外付け光学ドライブのディスクのフォーマットをしているときなどは、比較的フリーズの発生率が高いようです。
	これは、外付けドライブ用のドライバソフトに原因というケースが多くあります。
	ドライバソフトとは、パソコンに接続したドライブを認識し、操作を可能にするソフトです。
	これは標準的なものがパソコンのＯＳに用意されていますが、ドライブのメーカーがドライバソフトを提供している場合もあります。
	その場合はメーカー製のドライバを使うようにしましょう。
	外付けドライブが原因と思われる場合は、ひとまずドライブを取り外して、様子を見てみましょう。
	この際、ドライブのアクセスランプが消えたままの状態であることを確認しましょう。
	アクセスランプが点滅している状態でドライブを外すと、外付けドライブに保存されているデータが破壊されることがあります。
	３：マウスやキーボードが操作できない場合
	マウスやキーボードが動かない場合には、復帰が難しくなります。
	この場合は基本的にパソコンを強制終了することになりますが、その際には保存していないデータが消えてしまいます。
	文書や表計算ソフトなどでファイルを作成している場合は、こまめに保存するクセをつけましょう。
	なお、マイクロソフトの「Ｏｆｆｉｃｅ」などは自動バックアップ機能がありますので、再起動後にある程度の復元が可能です。
	３−１：コネクタを確認する
	まずは、マウスやキーボードの接続コネクタが外れかかっている可能性もあります。
	コネクタの接続を確認するとともに、ケーブルが無理に曲がっていないかなども確認しましょう。
	ワイヤレスのマウスやキーボードの場合には、電池切れも疑ってみます。
	３−２：強制終了する
	マウスやキーボード、周辺機器などがしっかり接続されている場合には、強制終了してみましょう。
	マウスもキーボードも操作できないため、本体の電源ボタンを長押しします。
	一定時間、電源ボタンを押していると終了します。
	また、リセットボタンのある機種では、リセットを試してみることも有効です。
	電源ボタンでも終了できない場合には、最後の手段として電源ケーブルをコンセントから抜きます。
	パソコンは電気で動く機械ですから、電源が断たれると当然ながら終了します。
	なお、ノートパソコンの場合は、電源ケーブルをコンセントから外しても内蔵バッテリーから電力が供給されているので、バッテリーも外しましょう。
	ひんぱんにフリーズするときに実施すること
	ひんぱんにフリーズするときに実施すること
	４：フリーズから回復したらやるべきこと
	フリーズから解放されて再起動をしても、そのままでは再びフリーズが発生する可能性があります。
	そこで、再起動をしたらチェックしたいポイントを以下に挙げてみました。
	４−１：ソフトウェアを最新にする
	ソフトウェアは定期、不定期にアップデートが行われています。
	アップデートのたびに不具合も修正されていきますので、こまめにアップデートが出ていないかをチェックし、最新版が公開されていたら適用しましょう。
	多くの場合、「設定」や「ヘルプ」メニューから確認できます。
	なお、マイクロソフト製品やアドビ製品など、自動更新機能のあるソフトウェアもあります。
	「秀丸」の場合は［その他］メニューからチェック
	「秀丸」の場合は［その他］メニューからチェック
	４−２：ドライバソフトを最新にする
	ソフトウェアと同様に、ドライバソフトも不定期にアップデートされます。
	アップデートの多くは対応機器の更新などですが、コンフリクトなどの不具合が確認されたときも修正されるので、フリーズが発生した後はドライバの更新を試しましょう。
	４−２−１：ドライバソフトの更新
Score:0.000450473855727
EACH_TAG_SCORE:
	image:0.000115192607486
	table:0.000140421322473
	graph:9.64013289425e-05
	flow:9.84585968247e-05
PARA:
Clueword:
	やる:[0.0000,0.0000,0.0000,0.0015]
	ひとまず:[0.0000,0.0000,0.0000,0.0000]
	できる:[0.0030,0.0048,0.0012,0.0010]
	電気:[0.0000,0.0000,0.0000,0.0000]
	作成:[0.0001,0.0010,0.0000,0.0000]
	回復:[0.0005,0.0006,0.0008,0.0000]
	たび:[0.0001,0.0001,0.0003,0.0000]
	ソフト:[0.0003,0.0001,0.0000,0.0000]
	文書:[0.0000,0.0002,0.0000,0.0000]
	みる:[0.0003,0.0003,0.0016,0.0000]
	かかる:[0.0002,0.0002,0.0000,0.0012]
	接続:[0.0001,0.0001,0.0000,0.0004]
	ディスク:[0.0002,0.0002,0.0000,0.0000]
	キーボード:[0.0002,0.0002,0.0000,0.0000]
	つける:[0.0009,0.0009,0.0000,0.0000]
	基本:[0.0022,0.0029,0.0000,0.0000]
	付ける:[0.0011,0.0002,0.0007,0.0000]
	疑う:[0.0001,0.0001,0.0000,0.0000]
	ソフトウェア:[0.0000,0.0000,0.0000,0.0000]
	モニタ:[0.0000,0.0000,0.0000,0.0000]
	ソフトだ:[0.0000,0.0000,0.0000,0.0000]
	機種:[0.0003,0.0011,0.0000,0.0016]
	用意:[0.0000,0.0004,0.0000,0.0000]
	操作:[0.0001,0.0001,0.0000,0.0000]
	周辺:[0.0000,0.0000,0.0000,0.0000]
	多く:[0.0000,0.0034,0.0040,0.0000]
	そこ:[0.0004,0.0002,0.0006,0.0000]
	多い:[0.0027,0.0029,0.0156,0.0000]
	まずは:[0.0001,0.0000,0.0000,0.0061]
	マウス:[0.0001,0.0002,0.0000,0.0000]
	ファイル:[0.0001,0.0000,0.0000,0.0000]
	手段:[0.0001,0.0000,0.0000,0.0000]
	抜く:[0.0000,0.0000,0.0000,0.0000]
	押す:[0.0005,0.0003,0.0000,0.0005]
	アップデート:[0.0000,0.0003,0.0000,0.0000]
	程度:[0.0006,0.0010,0.0007,0.0000]
	機能:[0.0001,0.0005,0.0000,0.0000]
	電源:[0.0000,0.0000,0.0000,0.0000]
	起動:[0.0007,0.0006,0.0000,0.0000]
	ボタン:[0.0021,0.0000,0.0000,0.0007]
	可能だ:[0.0008,0.0012,0.0012,0.0000]
	比較的:[0.0000,0.0000,0.0056,0.0000]
	その:[0.0035,0.0019,0.0000,0.0233]
	その他:[0.0000,0.0009,0.0000,0.0000]
	有効だ:[0.0000,0.0001,0.0000,0.0000]
	最後だ:[0.0004,0.0000,0.0000,0.0202]
	高い:[0.0012,0.0012,0.0266,0.0000]
	ある:[0.0106,0.0115,0.0058,0.0064]
	強制:[0.0001,0.0000,0.0000,0.0000]
	なる:[0.0111,0.0126,0.0094,0.0022]
	ため:[0.0035,0.0042,0.0007,0.0035]
	適用:[0.0002,0.0000,0.0000,0.0000]
	提供:[0.0000,0.0001,0.0000,0.0000]
	的だ:[0.0000,0.0017,0.0000,0.0000]
	機械:[0.0000,0.0000,0.0000,0.0000]
	取り外す:[0.0000,0.0000,0.0000,0.0000]
	クセ:[0.0000,0.0000,0.0000,0.0000]
	でも:[0.0021,0.0016,0.0018,0.0000]
	なお:[0.0002,0.0000,0.0000,0.0013]
	ない:[0.0067,0.0084,0.0038,0.0027]
	難しい:[0.0006,0.0004,0.0000,0.0000]
	そのまま:[0.0001,0.0002,0.0000,0.0000]
	ノート:[0.0000,0.0000,0.0000,0.0000]
	保存:[0.0000,0.0000,0.0000,0.0000]
	れる:[0.0010,0.0000,0.0000,0.0000]
	再び:[0.0001,0.0000,0.0000,0.0007]
	コピー:[0.0002,0.0000,0.0000,0.0000]
	確認:[0.0006,0.0020,0.0000,0.0000]
	修正:[0.0000,0.0000,0.0000,0.0000]
	点滅:[0.0001,0.0002,0.0000,0.0000]
	しまう:[0.0014,0.0011,0.0016,0.0009]
	フリーズ:[0.0001,0.0000,0.0000,0.0000]
	認識:[0.0000,0.0000,0.0000,0.0000]
	する:[0.0289,0.0260,0.0123,0.0269]
	フォーマット:[0.0010,0.0001,0.0000,0.0000]
	いる:[0.0118,0.0087,0.0055,0.0051]
	ランプ:[0.0004,0.0005,0.0000,0.0000]
	こと:[0.0066,0.0067,0.0051,0.0056]
	この:[0.0019,0.0018,0.0007,0.0033]
	たい:[0.0004,0.0005,0.0006,0.0000]
	当然だ:[0.0001,0.0000,0.0000,0.0000]
	チェック:[0.0014,0.0013,0.0010,0.0000]
	以下:[0.0055,0.0005,0.0000,0.0012]
	見る:[0.0016,0.0012,0.0012,0.0000]
	もの:[0.0027,0.0015,0.0007,0.0022]
	動く:[0.0008,0.0007,0.0011,0.0000]
	製品:[0.0000,0.0000,0.0000,0.0000]
	供給:[0.0000,0.0000,0.0000,0.0000]
	試す:[0.0000,0.0000,0.0000,0.0000]
	ようだ:[0.0057,0.0000,0.0000,0.0000]
	定期:[0.0000,0.0001,0.0000,0.0000]
	いく:[0.0006,0.0001,0.0005,0.0008]
	まま:[0.0000,0.0000,0.0000,0.0000]
	いう:[0.0027,0.0019,0.0023,0.0028]
	計算:[0.0000,0.0001,0.0000,0.0000]
	ポイント:[0.0006,0.0009,0.0000,0.0000]
	場合:[0.0060,0.0480,0.0053,0.0010]
	同様だ:[0.0000,0.0000,0.0000,0.0000]
	一定:[0.0002,0.0005,0.0060,0.0000]
	外す:[0.0000,0.0000,0.0000,0.0000]
	標準:[0.0001,0.0000,0.0000,0.0010]
	使う:[0.0035,0.0023,0.0008,0.0000]
	ます:[0.0222,0.0199,0.0169,0.0211]
	対応:[0.0000,0.0001,0.0000,0.0000]
	また:[0.0027,0.0020,0.0021,0.0036]
	から:[0.0045,0.0053,0.0018,0.0011]
	具合:[0.0003,0.0001,0.0000,0.0000]
	発生:[0.0009,0.0008,0.0060,0.0013]
	これ:[0.0017,0.0014,0.0000,0.0000]
	更新:[0.0002,0.0001,0.0000,0.0000]
	行う:[0.0007,0.0008,0.0006,0.0010]
	終了:[0.0002,0.0000,0.0000,0.0000]
	挙げる:[0.0029,0.0000,0.0000,0.0000]
	ともに:[0.0000,0.0000,0.0005,0.0000]
	ながら:[0.0005,0.0001,0.0000,0.0000]
	実施:[0.0000,0.0003,0.0000,0.0000]
	本体:[0.0004,0.0001,0.0000,0.0000]
	時間:[0.0000,0.0006,0.0030,0.0000]
	メーカー:[0.0001,0.0001,0.0000,0.0000]
	切る:[0.0001,0.0001,0.0000,0.0000]
	アクセス:[0.0001,0.0000,0.0000,0.0000]
	設定:[0.0015,0.0006,0.0000,0.0085]
	しっかり:[0.0000,0.0000,0.0000,0.0000]
	出る:[0.0009,0.0009,0.0012,0.0000]
	自動:[0.0001,0.0001,0.0000,0.0000]
	状態:[0.0011,0.0097,0.0000,0.0000]
	思う:[0.0005,0.0001,0.0008,0.0000]
	ケース:[0.0004,0.0083,0.0000,0.0000]
	ハード:[0.0002,0.0002,0.0000,0.0000]
	復元:[0.0000,0.0001,0.0000,0.0000]
	原因:[0.0024,0.0029,0.0006,0.0011]
	パソコン:[0.0008,0.0008,0.0000,0.0000]
True-Negative

Section:4
	Ｆｌａｇ：：１０００
	Ｗｉｎｄｏｗｓパソコンの場合、画面の下部にあるタスクバーに注意表示が行われることがあります。
	注意がある場合はオレンジ色で明滅していますので、クリックして何か画面が出てこないか確認してください。
CUTOFF SECTION:Too Short

Section:5
	Ｆｌａｇ：：００００
	タスクバーの通知
	タスクバーの通知
CUTOFF SECTION:Too Short

Section:6
	Ｆｌａｇ：：１０００
	Ｍａｃの場合は、画面下のドックでアイコンがぴょんぴょん跳ねていることがあります。
	この場合もパソコンからお知らせがあるというサインですので、クリックしてお知らせを確認してください。
CUTOFF SECTION:Too Short

Section:8
	Ｆｌａｇ：：０１００
	マウスでもキーボードでも操作できない場合、マウスやキーボードといった入力装置に問題があるケースと「応答なし状態」や「フリーズ状態」という、コンピューター自体がストップしている場合があります。
CUTOFF SECTION:Too Short

Section:9
	Ｆｌａｇ：：００００
	２−１−３．システム時計の動作確認
CUTOFF SECTION:Too Short

Section:10
	Ｆｌａｇ：：１０００
	マウスでもキーボードでも操作が受け付けられない「フリーズ状態」の場合、パソコンが完全に停止していることが考えられます。
	フリーズ状態になると、パソコンに表示されている「現在時刻」が止まるほか、パソコン本体にある「ハードディスクの動作ランプ」も明滅しなくなります。
CUTOFF SECTION:Too Short

Section:18
	Ｆｌａｇ：：００００
	回線速度が遅くて表示に時間がかかっている
	回線速度が遅くて表示に時間がかかっている
CUTOFF SECTION:Too Short

Section:21
	Ｆｌａｇ：：１０００
	応答なし状態の場合は、Ｗｉｎｄｏｗｓでは「Ｃｔｒｌキー」と「Ａｌｔキー」を押しながら「Ｄｅｌｅｔｅキー」を押すことで呼び出せる「タスクマネージャ」、Ｍａｃでは、「Ｃｏｍｍａｎｄキー」と「Ｏｐｔｉｏｎキー」を押しながら「Ｅｓｃキー」を押すことで呼び出せる「アプリケーションの強制終了」を使って、応答なしになっているアプリケーションを終了させることができます。
	ただし、作業中のファイルが失われることがありますので注意しましょう。
CUTOFF SECTION:Too Short

Section:25
	Ｆｌａｇ：：００００
	スタートメニューからタスクマネージャーを起動
	スタートメニューからタスクマネージャーを起動
CUTOFF SECTION:Too Short

Section:26
	Ｆｌａｇ：：１０００
	ソフトごとに「ＣＰＵ」の項目をチェックしていきます。
	ＣＰＵ使用率の高いソフトがフリーズの原因になっていることが多いので、そういったソフトを終了します。
CUTOFF SECTION:Too Short

Section:27
	Ｆｌａｇ：：００００
	ソフト名を右クリックして終了する
	ソフト名を右クリックして終了する
CUTOFF SECTION:Too Short

Section:28
	Ｆｌａｇ：：１０００
	Ｍａｃの場合は、［アプリケーション］の［ユーティリティ］にある［アクティビティモニタ］で実行中のソフトウェアを確認、終了することができます。
CUTOFF SECTION:Too Short

Section:30
	Ｆｌａｇ：：１０００
	Ｗｉｎｄｏｗｓの場合には、［スタート］ボタンを右クリックして［デバイスマネージャー］を起動します。
	デバイスの一覧が表示されるので、それぞれ右クリックすることで［ドライバーソフトウェアの更新］を行うことができます。
CUTOFF SECTION:Too Short

Section:31
	Ｆｌａｇ：：００００
	ドライバソフトの更新はデバイスマネージャーで行う
	ドライバソフトの更新はデバイスマネージャーで行う
CUTOFF SECTION:Too Short

True-Negative:5
False-Positive:5
Too Short:14
True-Positive:8
False-Negative:1
precision = 0.615385
recall = 0.888889
fvalue = 0.727273