Section:3
	Ｆｌａｇ：：１０００
	ブローに重視して、ヘアスタイル２５種類のセット方法をご覧ください。
Score:0.00143813653755
EACH_TAG_SCORE:
	image:0.000176300440346
	table:0.000660498764152
	graph:3.4611325352e-05
	flow:0.000566726007703
PARA:
Clueword:
	種類:[0.0032,0.0230,0.0005,0.0002]
	セット:[0.0005,0.0001,0.0003,0.0027]
	スタイル:[0.0008,0.0004,0.0002,0.0015]
	ヘア:[0.0004,0.0000,0.0002,0.0012]
	ブロー:[0.0000,0.0000,0.0002,0.0000]
	重視:[0.0002,0.0004,0.0000,0.0000]
	方法:[0.0026,0.0052,0.0002,0.0194]
True-Positive

Section:7
	Ｆｌａｇ：：１００１
	４．ミディアムロング
	ビジネスとしては取り入れにくいが、そのふわっとした髪が女性に人気が高いヘアスタイル。
	ロングヘアは少しＵＰしてマッシュスタイルにすることで綺麗なシルエットになります。
	サイドは軽めのツーブロックでメリハリをつけ、全体は束感を出せるようにセニングカットを施してきましょう。
	パーマは外ハネとニュアンスを組み合わせたミックスパーマがおすすめ。
	髪型のセット方法
	全体に空気を入れるように乾かしていく。
	その後水分を少し含んだ状態でワックスを揉み込む。
	ワックスが馴染んだら、軽く流れを作っていく。
	毛束はほぐさず、少し大きめぐらいにしておく。
	最後に外ハネを作り、スプレーをかければ完成。
Score:0.000399403604584
EACH_TAG_SCORE:
	image:9.38539503774e-05
	table:7.35074751668e-05
	graph:6.82892123968e-05
	flow:0.000163752966643
PARA:
Clueword:
	組み合わせる:[0.0006,0.0003,0.0001,0.0001]
	セニングカット:[0.0000,0.0000,0.0000,0.0001]
	乾かす:[0.0002,0.0000,0.0000,0.0005]
	出せる:[0.0002,0.0001,0.0000,0.0001]
	ミックス:[0.0001,0.0001,0.0000,0.0001]
	ヘア:[0.0004,0.0000,0.0002,0.0012]
	方法:[0.0026,0.0052,0.0002,0.0194]
	シルエット:[0.0004,0.0000,0.0000,0.0003]
	含む:[0.0012,0.0006,0.0008,0.0006]
	完成:[0.0004,0.0001,0.0000,0.0006]
	ミディアム:[0.0002,0.0001,0.0000,0.0000]
	ニュアンス:[0.0001,0.0001,0.0000,0.0004]
	セット:[0.0005,0.0001,0.0003,0.0027]
	入れる:[0.0005,0.0006,0.0000,0.0003]
	人気:[0.0005,0.0007,0.0002,0.0001]
	流れる:[0.0005,0.0002,0.0001,0.0010]
	ツーブロック:[0.0001,0.0000,0.0000,0.0003]
	全体:[0.0012,0.0004,0.0005,0.0018]
	取り入れる:[0.0003,0.0001,0.0000,0.0003]
	綺麗だ:[0.0000,0.0000,0.0000,0.0001]
	マッシュ:[0.0001,0.0000,0.0000,0.0003]
	ビジネス:[0.0008,0.0005,0.0000,0.0001]
	水分:[0.0006,0.0001,0.0000,0.0004]
	揉む:[0.0000,0.0000,0.0000,0.0001]
	作る:[0.0015,0.0016,0.0002,0.0027]
	少し:[0.0014,0.0007,0.0002,0.0008]
	ハネる:[0.0001,0.0000,0.0000,0.0003]
	施す:[0.0001,0.0000,0.0000,0.0003]
	馴染む:[0.0005,0.0001,0.0000,0.0001]
	大きい:[0.0025,0.0015,0.0035,0.0022]
	ワックス:[0.0003,0.0000,0.0000,0.0011]
	込む:[0.0014,0.0008,0.0005,0.0009]
	髪型:[0.0017,0.0000,0.0005,0.0011]
	女性:[0.0008,0.0008,0.0011,0.0003]
	スプレー:[0.0001,0.0000,0.0000,0.0004]
	最後だ:[0.0005,0.0001,0.0000,0.0014]
	高い:[0.0010,0.0020,0.0121,0.0007]
	メリハリ:[0.0005,0.0000,0.0000,0.0001]
	空気:[0.0003,0.0001,0.0000,0.0001]
	スタイル:[0.0008,0.0004,0.0002,0.0015]
	状態:[0.0013,0.0039,0.0007,0.0019]
	ロング:[0.0007,0.0004,0.0000,0.0001]
	パーマ:[0.0002,0.0000,0.0000,0.0007]
	軽い:[0.0013,0.0012,0.0000,0.0024]
	サイド:[0.0006,0.0001,0.0000,0.0008]
True-Positive

Section:4
	Ｆｌａｇ：：１００１
	１．ベリーショートスタイル
	髪型セットベリーショート
	全体を短めにカットしたメンズヘアスタイル。
	サイドと襟足はすっきりとさせ、トップ部分はレイヤーを施して束感が出やすいようにしましょう。
	パーマもカラーも必要ありません。
	髪型のセット方法
	全体の髪を軽く濡らします。
	ドライヤーをかけながら、トップを軽く立ち上げる。
	ジェルタイプまたはグリースタイプのワックスをなじませる。
	立ち上げを良くしたい人は、クリームタイプと混ぜてセットする。
	握るようにスタイリングしてキープ力を上げたら完成。
Score:0.000391703220771
EACH_TAG_SCORE:
	image:9.51485944144e-05
	table:8.03087471521e-05
	graph:2.82000547571e-05
	flow:0.000188045824447
PARA:
Clueword:
	スタイ:[0.0001,0.0000,0.0002,0.0004]
	ジェル:[0.0001,0.0000,0.0000,0.0004]
	カラー:[0.0001,0.0001,0.0000,0.0001]
	メンズ:[0.0001,0.0000,0.0000,0.0003]
	グリース:[0.0000,0.0000,0.0000,0.0001]
	リング:[0.0002,0.0000,0.0002,0.0004]
	タイプ:[0.0006,0.0023,0.0000,0.0008]
	ショート:[0.0006,0.0005,0.0000,0.0004]
	混ぜる:[0.0002,0.0001,0.0002,0.0003]
	キープ:[0.0000,0.0000,0.0000,0.0001]
	ヘア:[0.0004,0.0000,0.0002,0.0012]
	立ち上げる:[0.0003,0.0001,0.0000,0.0009]
	施す:[0.0001,0.0000,0.0000,0.0003]
	ワックス:[0.0003,0.0000,0.0000,0.0011]
	レイヤー:[0.0000,0.0000,0.0000,0.0001]
	完成:[0.0004,0.0001,0.0000,0.0006]
	髪型:[0.0017,0.0000,0.0005,0.0011]
	部分:[0.0052,0.0028,0.0001,0.0015]
	短い:[0.0001,0.0002,0.0015,0.0003]
	方法:[0.0026,0.0052,0.0002,0.0194]
	トップ:[0.0002,0.0001,0.0000,0.0004]
	必要だ:[0.0019,0.0032,0.0007,0.0029]
	良い:[0.0015,0.0018,0.0008,0.0014]
	カット:[0.0005,0.0002,0.0000,0.0004]
	ベリー:[0.0000,0.0000,0.0000,0.0001]
	セット:[0.0005,0.0001,0.0003,0.0027]
	ドライヤー:[0.0001,0.0000,0.0005,0.0003]
	濡らす:[0.0001,0.0000,0.0000,0.0003]
	スタイル:[0.0008,0.0004,0.0002,0.0015]
	全体:[0.0012,0.0004,0.0005,0.0018]
	握る:[0.0003,0.0000,0.0000,0.0009]
	出る:[0.0011,0.0013,0.0007,0.0005]
	上げる:[0.0004,0.0002,0.0005,0.0007]
	パーマ:[0.0002,0.0000,0.0000,0.0007]
	軽い:[0.0013,0.0012,0.0000,0.0024]
	サイド:[0.0006,0.0001,0.0000,0.0008]
	クリーム:[0.0001,0.0001,0.0000,0.0003]
True-Positive

Section:8
	Ｆｌａｇ：：１００１
	５．ソフトモヒカンスタイル
	若者の生き生きとした雰囲気が見てとれる攻撃的なヘアスタイル。
	前髪を立ち上げる髪型なため、髪が長めになってしまうとスタイリングしずらい。
	前髪を反り返らせるようにカットし、全体のアウトラインは長めに残しておきます。
	動きがつけにくい人は立ち上げるニュアンスパーマをかけましょう。
	髪型のセット方法
	前髪を立ち上げるように乾かす。
	サイドは手で抑えて、膨らみを防止。
	全体にワックスをつけていき、一度立ち上げる。
	シルエットを整えるように両手で挟みながらモヒカンを作る。
	毛束をつまみ、動きをつけていく。
	全体の束の根本とモヒカン部分にスプレーを吹きかける。
Score:0.000363095407329
EACH_TAG_SCORE:
	image:9.63008135721e-05
	table:6.82330521178e-05
	graph:2.60512718058e-05
	flow:0.000172510269833
PARA:
Clueword:
	乾かす:[0.0002,0.0000,0.0000,0.0005]
	膨らむ:[0.0001,0.0001,0.0000,0.0001]
	リング:[0.0002,0.0000,0.0002,0.0004]
	挟む:[0.0003,0.0001,0.0000,0.0003]
	ヘア:[0.0004,0.0000,0.0002,0.0012]
	ソフト:[0.0002,0.0003,0.0001,0.0000]
	方法:[0.0026,0.0052,0.0002,0.0194]
	シルエット:[0.0004,0.0000,0.0000,0.0003]
	生き生き:[0.0000,0.0000,0.0000,0.0001]
	根本:[0.0002,0.0002,0.0000,0.0007]
	前髪:[0.0002,0.0000,0.0000,0.0005]
	ニュアンス:[0.0001,0.0001,0.0000,0.0004]
	スタイ:[0.0001,0.0000,0.0002,0.0004]
	セット:[0.0005,0.0001,0.0003,0.0027]
	若者:[0.0001,0.0001,0.0001,0.0001]
	両手:[0.0004,0.0000,0.0000,0.0032]
	攻撃:[0.0001,0.0000,0.0000,0.0005]
	動く:[0.0012,0.0006,0.0005,0.0012]
	防止:[0.0001,0.0001,0.0001,0.0001]
	全体:[0.0012,0.0004,0.0005,0.0018]
	アウト:[0.0007,0.0000,0.0000,0.0009]
	的だ:[0.0040,0.0068,0.0016,0.0029]
	作る:[0.0015,0.0016,0.0002,0.0027]
	吹きかける:[0.0001,0.0000,0.0000,0.0003]
	立ち上げる:[0.0003,0.0001,0.0000,0.0009]
	反る:[0.0001,0.0001,0.0000,0.0001]
	ワックス:[0.0003,0.0000,0.0000,0.0011]
	整える:[0.0002,0.0000,0.0000,0.0004]
	髪型:[0.0017,0.0000,0.0005,0.0011]
	残す:[0.0001,0.0000,0.0001,0.0003]
	部分:[0.0052,0.0028,0.0001,0.0015]
	見てとれる:[0.0000,0.0000,0.0000,0.0001]
	スプレー:[0.0001,0.0000,0.0000,0.0004]
	カット:[0.0005,0.0002,0.0000,0.0004]
	モヒカン:[0.0001,0.0000,0.0000,0.0003]
	返る:[0.0000,0.0000,0.0000,0.0001]
	長い:[0.0019,0.0007,0.0026,0.0004]
	スタイル:[0.0008,0.0004,0.0002,0.0015]
	パーマ:[0.0002,0.0000,0.0000,0.0007]
	ライン:[0.0004,0.0001,0.0001,0.0001]
	雰囲気:[0.0008,0.0001,0.0000,0.0001]
	抑える:[0.0005,0.0004,0.0000,0.0005]
	サイド:[0.0006,0.0001,0.0000,0.0008]
True-Positive

Section:6
	Ｆｌａｇ：：１００１
	３．ウェットヘアスタイル
	全体をモードな仕上がりにするウェット感ヘアスタイル。
	束感を作るヘアスタイルではなく、流れときっちりとした清潔感でルックスを掌握する髪型です。
	全体はマッシュベースでカットし、アップバングを取り入れた方はアシメ風に仕上げましょう。
	直毛すぎる人はニュアンスパーマで動きをつけるのがおすすめ。
	髪型のセット方法
	全体を乾かすときに、七三部分を軽くクセ付けする。
	少し水分を残し、ジェルタイプワックスを根本からなじませる。
	束感が欲しい人は、ジェルタイプとクリームタイプを併用。
	全体にワックスが行き渡ったら、七三の三部分を軽く後ろに持っていく。
	自然乾燥させて完成。
Score:0.00035280532072
EACH_TAG_SCORE:
	image:9.590671611e-05
	table:6.36155554797e-05
	graph:1.52000021733e-05
	flow:0.000178083046957
PARA:
Clueword:
	乾かす:[0.0002,0.0000,0.0000,0.0005]
	自然:[0.0001,0.0001,0.0000,0.0003]
	乾燥:[0.0002,0.0001,0.0004,0.0003]
	タイプ:[0.0006,0.0023,0.0000,0.0008]
	ヘア:[0.0004,0.0000,0.0002,0.0012]
	後ろ:[0.0026,0.0001,0.0000,0.0028]
	併用:[0.0000,0.0001,0.0000,0.0001]
	方法:[0.0026,0.0052,0.0002,0.0194]
	七三:[0.0001,0.0000,0.0000,0.0004]
	付ける:[0.0006,0.0002,0.0002,0.0011]
	欲しい:[0.0002,0.0003,0.0000,0.0001]
	根本:[0.0002,0.0002,0.0000,0.0007]
	アシメ:[0.0000,0.0000,0.0000,0.0001]
	ニュアンス:[0.0001,0.0001,0.0000,0.0004]
	セット:[0.0005,0.0001,0.0003,0.0027]
	ベース:[0.0002,0.0001,0.0003,0.0001]
	流れる:[0.0005,0.0002,0.0001,0.0010]
	アップバング:[0.0000,0.0000,0.0000,0.0001]
	仕上げる:[0.0001,0.0000,0.0000,0.0001]
	全体:[0.0012,0.0004,0.0005,0.0018]
	動く:[0.0012,0.0006,0.0005,0.0012]
	取り入れる:[0.0003,0.0001,0.0000,0.0003]
	ジェル:[0.0001,0.0000,0.0000,0.0004]
	マッシュ:[0.0001,0.0000,0.0000,0.0003]
	水分:[0.0006,0.0001,0.0000,0.0004]
	作る:[0.0015,0.0016,0.0002,0.0027]
	持つ:[0.0010,0.0011,0.0001,0.0022]
	少し:[0.0014,0.0007,0.0002,0.0008]
	掌握:[0.0000,0.0000,0.0000,0.0001]
	ワックス:[0.0003,0.0000,0.0000,0.0011]
	完成:[0.0004,0.0001,0.0000,0.0006]
	髪型:[0.0017,0.0000,0.0005,0.0011]
	ウェット:[0.0000,0.0000,0.0000,0.0001]
	残す:[0.0001,0.0000,0.0001,0.0003]
	部分:[0.0052,0.0028,0.0001,0.0015]
	モード:[0.0003,0.0001,0.0001,0.0001]
	ルックス:[0.0000,0.0000,0.0000,0.0001]
	カット:[0.0005,0.0002,0.0000,0.0004]
	スタイル:[0.0008,0.0004,0.0002,0.0015]
	パーマ:[0.0002,0.0000,0.0000,0.0007]
	軽い:[0.0013,0.0012,0.0000,0.0024]
	清潔だ:[0.0001,0.0001,0.0000,0.0003]
	クセ:[0.0001,0.0000,0.0000,0.0003]
	仕上がる:[0.0001,0.0001,0.0000,0.0003]
	行く:[0.0006,0.0008,0.0003,0.0003]
	クリーム:[0.0001,0.0001,0.0000,0.0003]
	渡る:[0.0001,0.0000,0.0000,0.0001]
True-Positive

Section:1
	Ｆｌａｇ：：００００
	髪型のセットの仕方とは。
	メンズヘアをキメる方法【総集編】
	男の髪型セット術をヘアスタイル別に完全レクチャー
	髪型セット
	好印象を与えるも、不快感を与えるも、すべては髪型のセット次第。
	同じ髪型でも、セットの仕方を変えれば印象は１８０°変わります。
	そこで今回は、男性の人気ヘアスタイルのセット術を完全レクチャー。
	貴方の髪を美しく彩るスタイリング方法を熟知してくださいね。
Score:0.000341480480217
EACH_TAG_SCORE:
	image:6.11617829633e-05
	table:6.24527911427e-05
	graph:2.6512023521e-05
	flow:0.00019135388259
PARA:
Clueword:
	今回:[0.0002,0.0002,0.0005,0.0003]
	仕方:[0.0005,0.0001,0.0000,0.0079]
	完全だ:[0.0001,0.0000,0.0001,0.0000]
	メンズ:[0.0001,0.0000,0.0000,0.0003]
	次第:[0.0000,0.0001,0.0000,0.0000]
	リング:[0.0002,0.0000,0.0002,0.0004]
	同じだ:[0.0014,0.0018,0.0010,0.0008]
	ヘア:[0.0004,0.0000,0.0002,0.0012]
	与える:[0.0003,0.0002,0.0001,0.0005]
	印象:[0.0011,0.0014,0.0002,0.0001]
	髪型:[0.0017,0.0000,0.0005,0.0011]
	人気:[0.0005,0.0007,0.0002,0.0001]
	方法:[0.0026,0.0052,0.0002,0.0194]
	男性:[0.0004,0.0009,0.0005,0.0000]
	スタイ:[0.0001,0.0000,0.0002,0.0004]
	セット:[0.0005,0.0001,0.0003,0.0027]
	スタイル:[0.0008,0.0004,0.0002,0.0015]
	美しい:[0.0003,0.0001,0.0000,0.0000]
	変える:[0.0003,0.0002,0.0002,0.0000]
	変わる:[0.0004,0.0007,0.0007,0.0005]
False-Positive

Section:5
	Ｆｌａｇ：：１００１
	２．ショートヘアで簡単かつおしゃれに見せる！
	スタイリッシュな仕上がりがおしゃれに見えるメンズヘアスタイル。
	ショートスタイルは見た目から清潔感を与えることが簡単なヘアスタイルです。
	ショートスタイルにはツーブロックをプラスしてさらに男らしいヘアスタイルにアレンジしちゃいましょう！
	髪型のセット方法
	全体を根本から濡らす。
	ドライヤーをＨＯＴにして、乾かしながらトップ部分を立ち上げ、七三部分をクセ付ける。
	立ち上がったら、ＣＯＯＬで一気に冷やす。
	ワックスを根本からしっかりとなじませ、指と指で挟んで束感を作る。
	前髪は最後の残ったワックスでスタイリングして太めの束を作る。
	最後に毛先をつまんでスプレーを散らす。
Score:0.000332341249899
EACH_TAG_SCORE:
	image:9.79957171586e-05
	table:5.65656041045e-05
	graph:2.26212455171e-05
	flow:0.000155158683119
PARA:
Clueword:
	スタイ:[0.0001,0.0000,0.0002,0.0004]
	メンズ:[0.0001,0.0000,0.0000,0.0003]
	乾かす:[0.0002,0.0000,0.0000,0.0005]
	七三:[0.0001,0.0000,0.0000,0.0004]
	冷やす:[0.0000,0.0000,0.0000,0.0001]
	リング:[0.0002,0.0000,0.0002,0.0004]
	立つ:[0.0005,0.0005,0.0005,0.0012]
	挟む:[0.0003,0.0001,0.0000,0.0003]
	作る:[0.0015,0.0016,0.0002,0.0027]
	トップ:[0.0002,0.0001,0.0000,0.0004]
	ショート:[0.0006,0.0005,0.0000,0.0004]
	部分:[0.0052,0.0028,0.0001,0.0015]
	見せる:[0.0002,0.0000,0.0000,0.0000]
	ヘア:[0.0004,0.0000,0.0002,0.0012]
	最後だ:[0.0005,0.0001,0.0000,0.0014]
	与える:[0.0003,0.0002,0.0001,0.0005]
	ワックス:[0.0003,0.0000,0.0000,0.0011]
	見える:[0.0010,0.0007,0.0002,0.0012]
	髪型:[0.0017,0.0000,0.0005,0.0011]
	太い:[0.0023,0.0016,0.0005,0.0001]
	男らしい:[0.0000,0.0001,0.0000,0.0001]
	アレンジ:[0.0001,0.0000,0.0000,0.0001]
	方法:[0.0026,0.0052,0.0002,0.0194]
	付ける:[0.0006,0.0002,0.0002,0.0011]
	根本:[0.0002,0.0002,0.0000,0.0007]
	前髪:[0.0002,0.0000,0.0000,0.0005]
	簡単だ:[0.0004,0.0006,0.0002,0.0009]
	見た目:[0.0057,0.0002,0.0002,0.0001]
	ドライヤー:[0.0001,0.0000,0.0005,0.0003]
	セット:[0.0005,0.0001,0.0003,0.0027]
	濡らす:[0.0001,0.0000,0.0000,0.0003]
	一気だ:[0.0003,0.0001,0.0000,0.0005]
	スタイル:[0.0008,0.0004,0.0002,0.0015]
	ツーブロック:[0.0001,0.0000,0.0000,0.0003]
	毛先:[0.0000,0.0000,0.0000,0.0001]
	スタイリッシュだ:[0.0000,0.0000,0.0000,0.0001]
	スプレー:[0.0001,0.0000,0.0000,0.0004]
	残る:[0.0003,0.0002,0.0006,0.0003]
	清潔だ:[0.0001,0.0001,0.0000,0.0003]
	クセ:[0.0001,0.0000,0.0000,0.0003]
	プラス:[0.0006,0.0015,0.0011,0.0003]
	仕上がる:[0.0001,0.0001,0.0000,0.0003]
	全体:[0.0012,0.0004,0.0005,0.0018]
	散らす:[0.0000,0.0001,0.0000,0.0001]
	立ち上げる:[0.0003,0.0001,0.0000,0.0009]
	上がる:[0.0003,0.0003,0.0007,0.0008]
True-Positive

Section:2
	Ｆｌａｇ：：００１０
	髪型のセットで忘れちゃいけない“たった一つ”のこと。
	数ある髪型のセットの中でも、最も重要なのがドライヤーです。
	ブローとも言われるドライヤーのスタイリングで、“ヘアスタイルの８割”が決まります。
	つまり、どんな髪型もドライヤーの使い方がすべて。
Score:0.000306407127322
EACH_TAG_SCORE:
	image:8.11050146594e-05
	table:8.72815200078e-05
	graph:6.38265234686e-05
	flow:7.41940691865e-05
PARA:
Clueword:
	忘れる:[0.0002,0.0003,0.0002,0.0000]
	重要だ:[0.0005,0.0010,0.0005,0.0000]
	リング:[0.0002,0.0000,0.0002,0.0004]
	ヘア:[0.0004,0.0000,0.0002,0.0012]
	最も:[0.0009,0.0042,0.0041,0.0002]
	髪型:[0.0017,0.0000,0.0005,0.0011]
	決まる:[0.0000,0.0002,0.0002,0.0000]
	言う:[0.0018,0.0015,0.0004,0.0007]
	スタイ:[0.0001,0.0000,0.0002,0.0004]
	セット:[0.0005,0.0001,0.0003,0.0027]
	スタイル:[0.0008,0.0004,0.0002,0.0015]
	ブロー:[0.0000,0.0000,0.0002,0.0000]
	ドライヤー:[0.0001,0.0000,0.0005,0.0003]
	使う:[0.0035,0.0040,0.0008,0.0014]
True-Positive

True-Negative:0
False-Positive:1
True-Positive:7
False-Negative:0
precision = 0.875000
recall = 1.000000
fvalue = 0.933333