Section:3
	Ｆｌａｇ：：００１０
	疫病の発生時期は？
	疫病（トマトの症状）
	疫病の発生条件と発生しやすい期間発生時期は５月～７月頃
	梅雨時期で低温多湿の状態が続くと疫病は多発します。
	肥料の窒素分が多い時も発生しやすく水はけの悪い土壌では疫病が多発します。
Score:0.000587239945001
EACH_TAG_SCORE:
	image:9.38234908621e-05
	table:0.000214948280524
	graph:0.000215457244908
	flow:6.30109287071e-05
PARA:
Clueword:
	続く:[0.0004,0.0006,0.0016,0.0005]
	疫病:[0.0006,0.0002,0.0009,0.0005]
	期間:[0.0002,0.0005,0.0048,0.0007]
	条件:[0.0010,0.0087,0.0002,0.0008]
	症状:[0.0025,0.0062,0.0009,0.0003]
	梅雨:[0.0000,0.0000,0.0002,0.0000]
	多い:[0.0032,0.0042,0.0037,0.0009]
	多湿:[0.0000,0.0000,0.0002,0.0001]
	肥料:[0.0003,0.0000,0.0002,0.0000]
	多発:[0.0000,0.0000,0.0003,0.0000]
	悪い:[0.0003,0.0008,0.0006,0.0002]
	低温:[0.0000,0.0003,0.0002,0.0001]
	水はけ:[0.0000,0.0000,0.0002,0.0000]
	土壌:[0.0000,0.0000,0.0002,0.0000]
	トマト:[0.0002,0.0001,0.0002,0.0000]
	時期:[0.0003,0.0001,0.0105,0.0000]
	状態:[0.0013,0.0039,0.0007,0.0019]
	発生:[0.0010,0.0008,0.0009,0.0012]
	窒素:[0.0001,0.0000,0.0002,0.0003]
True-Positive

Section:6
	Ｆｌａｇ：：０１００
	疫病が蔓延してしまったら
	疫病は初期の頃は発祥する葉数が少ないので葉を摘葉して対策することが出来ますが、株全体に疫病が広がってしまった時は、薬剤を使わない場合は株ごと除去するしか手立てはありません。
	マンションなどで数株だけ栽培している時は、株ごと抜き取る事が出来ないことが多いので、その時は薬剤を利用することを検討して下さい。
	生育初期や収穫前の薬剤使用であれば、決められた量と決められた回数を守って使用すれば人体への影響は殆どありません。
Score:0.000506949431557
EACH_TAG_SCORE:
	image:9.0480895288e-05
	table:0.000282121398188
	graph:6.7911635667e-05
	flow:6.64355024135e-05
PARA:
Clueword:
	場合:[0.0062,0.0488,0.0053,0.0034]
	疫病:[0.0006,0.0002,0.0009,0.0005]
	多い:[0.0032,0.0042,0.0037,0.0009]
	発祥:[0.0000,0.0001,0.0000,0.0000]
	初期:[0.0000,0.0001,0.0001,0.0015]
	蔓延:[0.0000,0.0001,0.0000,0.0000]
	生育:[0.0001,0.0001,0.0000,0.0000]
	利用:[0.0004,0.0014,0.0002,0.0000]
	下さる:[0.0005,0.0004,0.0002,0.0000]
	除去:[0.0000,0.0001,0.0000,0.0000]
	使用:[0.0011,0.0011,0.0000,0.0022]
	手立て:[0.0000,0.0001,0.0000,0.0000]
	決める:[0.0002,0.0006,0.0001,0.0006]
	収穫:[0.0000,0.0001,0.0000,0.0001]
	影響:[0.0009,0.0005,0.0008,0.0007]
	対策:[0.0006,0.0007,0.0004,0.0018]
	回数:[0.0000,0.0003,0.0001,0.0002]
	マンション:[0.0000,0.0001,0.0000,0.0000]
	広がる:[0.0001,0.0002,0.0004,0.0000]
	栽培:[0.0002,0.0001,0.0000,0.0000]
	少ない:[0.0017,0.0009,0.0017,0.0000]
	殆ど:[0.0000,0.0002,0.0000,0.0000]
	抜き取る:[0.0000,0.0001,0.0000,0.0000]
	薬剤:[0.0000,0.0002,0.0000,0.0000]
	守る:[0.0000,0.0001,0.0002,0.0000]
	検討:[0.0000,0.0001,0.0001,0.0000]
	出来る:[0.0005,0.0006,0.0002,0.0003]
	全体:[0.0012,0.0004,0.0005,0.0018]
	使う:[0.0035,0.0040,0.0008,0.0014]
	人体:[0.0000,0.0001,0.0001,0.0002]
True-Positive

Section:5
	Ｆｌａｇ：：００００
	疫病はどの野菜にも発生しますが、実は野菜の科目によって菌の種類が異なっています。
	適切な薬剤を選ぶようにしましょう。
	疫病を防ぐ予防と対策は？
	疫病にかかった抜いた苗は必ず畑の外で処分しましょう。
	畑やプランターの水はけを良くすることが疫病を予防できます。
	過剰な元肥や追肥は避け過繁茂にならないようにしましょう。
	ポリマルチなどで灌水時の泥はねを防止しましょう。
	接ぎ木苗など疫病に抵抗性のある苗を利用することで発病をある程度は防ぶことが出来ます。
	連作や輪作は避けるようにすることで疫病を予防できます。
	収穫後の土中の株は疫病菌の越冬場所となるので必ず除去しましょう。
	疫病を農薬を使わずに治療するには？
	薬剤を使わずに疫病を治療するのは難しいのですが、疫病が発生した株は発症部分を切り取り畑の外に持ち出して処分しましょう。
	その後、発生を抑制する為に土壌と畑の状態を見直し再発を防ぎます。
	疫病が茎に発病した場合は、株ごと処分するか薬剤治療をするしか手立てはありません。
	薬剤を使用したくない方は、疫病になる前に予防と対策をしっかりと行っておくことが大切です。
Score:0.000356552251432
EACH_TAG_SCORE:
	image:7.16429851461e-05
	table:0.000207291746841
	graph:3.36365896007e-05
	flow:4.39809298451e-05
PARA:
Clueword:
	種類:[0.0032,0.0230,0.0005,0.0002]
	追肥:[0.0001,0.0000,0.0000,0.0000]
	土壌:[0.0000,0.0000,0.0002,0.0000]
	選ぶ:[0.0010,0.0017,0.0000,0.0000]
	発病:[0.0002,0.0001,0.0001,0.0003]
	収穫:[0.0000,0.0001,0.0000,0.0001]
	対策:[0.0006,0.0007,0.0004,0.0018]
	治療:[0.0001,0.0003,0.0000,0.0000]
	野菜:[0.0005,0.0002,0.0004,0.0000]
	処分:[0.0001,0.0000,0.0000,0.0000]
	農薬:[0.0000,0.0000,0.0000,0.0002]
	防ぐ:[0.0003,0.0001,0.0001,0.0004]
	抑制:[0.0001,0.0000,0.0001,0.0000]
	抵抗:[0.0000,0.0001,0.0000,0.0000]
	避ける:[0.0002,0.0002,0.0003,0.0003]
	必ず:[0.0004,0.0003,0.0003,0.0005]
	手立て:[0.0000,0.0001,0.0000,0.0000]
	薬剤:[0.0000,0.0002,0.0000,0.0000]
	利用:[0.0004,0.0014,0.0002,0.0000]
	実は:[0.0003,0.0002,0.0000,0.0000]
	防止:[0.0001,0.0001,0.0001,0.0001]
	出来る:[0.0005,0.0006,0.0002,0.0003]
	疫病:[0.0006,0.0002,0.0009,0.0005]
	持ち出す:[0.0001,0.0000,0.0000,0.0000]
	適切だ:[0.0002,0.0000,0.0001,0.0001]
	除去:[0.0000,0.0001,0.0000,0.0000]
	発症:[0.0001,0.0001,0.0000,0.0008]
	抜く:[0.0001,0.0001,0.0000,0.0003]
	取る:[0.0009,0.0012,0.0003,0.0001]
	異なる:[0.0009,0.0027,0.0002,0.0003]
	予防:[0.0002,0.0004,0.0004,0.0000]
	行く:[0.0006,0.0008,0.0003,0.0003]
	過剰だ:[0.0002,0.0002,0.0000,0.0000]
	越冬:[0.0000,0.0000,0.0000,0.0001]
	場合:[0.0062,0.0488,0.0053,0.0034]
	部分:[0.0052,0.0028,0.0001,0.0015]
	良い:[0.0015,0.0018,0.0008,0.0014]
	程度:[0.0013,0.0019,0.0022,0.0012]
	水はけ:[0.0000,0.0000,0.0002,0.0000]
	灌水:[0.0000,0.0000,0.0000,0.0001]
	切る:[0.0004,0.0003,0.0002,0.0001]
	場所:[0.0005,0.0006,0.0000,0.0000]
	科目:[0.0000,0.0003,0.0000,0.0000]
	状態:[0.0013,0.0039,0.0007,0.0019]
	使用:[0.0011,0.0011,0.0000,0.0022]
	発生:[0.0010,0.0008,0.0009,0.0012]
	大切だ:[0.0004,0.0002,0.0002,0.0003]
	使う:[0.0035,0.0040,0.0008,0.0014]
	難しい:[0.0007,0.0004,0.0002,0.0002]
False-Positive

Section:1
	Ｆｌａｇ：：１０００
	疫病の症状の特徴と見分け方
	疫病の症状と見分け方疫病はどの野菜にも発生する「カビ」による病気で、初期は下葉に水が染みたような病斑が発生し徐々に茎や果実に暗褐色の大きな病斑が発生するようになります。
	疫病が進行すると病斑にうっすらとした白色のカビが生えます。
	特にトマトに良く発生する病気で被害が大きくなります。
	ナスに発生する褐色腐敗病はピーマンやカボチャと同じ疫病菌によるものでナスの果実に発病するとやや凹みがある褐色の病斑となります。
Score:0.000315176371076
EACH_TAG_SCORE:
	image:8.62935945375e-05
	table:0.00012720803588
	graph:6.09280549934e-05
	flow:4.07466856658e-05
PARA:
Clueword:
	大きな:[0.0023,0.0007,0.0006,0.0004]
	特に:[0.0004,0.0005,0.0003,0.0003]
	疫病:[0.0006,0.0002,0.0009,0.0005]
	同じだ:[0.0014,0.0018,0.0010,0.0008]
	カビ:[0.0001,0.0000,0.0000,0.0000]
	病気:[0.0002,0.0006,0.0003,0.0000]
	特徴:[0.0027,0.0136,0.0002,0.0000]
	症状:[0.0025,0.0062,0.0009,0.0003]
	腐敗:[0.0001,0.0000,0.0000,0.0001]
	発病:[0.0002,0.0001,0.0001,0.0003]
	白色:[0.0014,0.0001,0.0002,0.0000]
	大きい:[0.0025,0.0015,0.0035,0.0022]
	野菜:[0.0005,0.0002,0.0004,0.0000]
	徐々に:[0.0000,0.0009,0.0030,0.0000]
	初期:[0.0000,0.0001,0.0001,0.0015]
	褐色:[0.0008,0.0000,0.0000,0.0001]
	生える:[0.0004,0.0001,0.0000,0.0000]
	良い:[0.0015,0.0018,0.0008,0.0014]
	果実:[0.0001,0.0000,0.0000,0.0000]
	進行:[0.0001,0.0000,0.0000,0.0000]
	トマト:[0.0002,0.0001,0.0002,0.0000]
	染みる:[0.0000,0.0000,0.0000,0.0000]
	ナス:[0.0001,0.0000,0.0000,0.0001]
	見分ける:[0.0002,0.0000,0.0000,0.0000]
	カボチャ:[0.0001,0.0000,0.0000,0.0000]
	ピーマン:[0.0001,0.0000,0.0000,0.0000]
	被害:[0.0000,0.0000,0.0006,0.0000]
	発生:[0.0010,0.0008,0.0009,0.0012]
	凹む:[0.0000,0.0000,0.0000,0.0000]
True-Positive

Section:4
	Ｆｌａｇ：：１００１
	疫病の発生条件（発病条件）と原因は？
	ナスの疫病（褐色腐敗病）
	疫病は収穫を終えた残渣（ざんさ）の中で越冬して、翌年に適度な温度と湿度になると発芽して胞子が生まれます。
	その胞子が灌水時の泥の跳ね返りによって新しく植えた苗の葉に付着して発病してしまうのです。
	疫病は低温多湿の気候が続くと発生しやすくなります。
Score:0.000208739996327
EACH_TAG_SCORE:
	image:4.33335311256e-05
	table:8.27833026717e-05
	graph:3.58757245936e-05
	flow:4.67474379361e-05
PARA:
Clueword:
	残渣:[0.0000,0.0000,0.0000,0.0001]
	収穫:[0.0000,0.0001,0.0000,0.0001]
	疫病:[0.0006,0.0002,0.0009,0.0005]
	跳ね返る:[0.0000,0.0000,0.0000,0.0001]
	翌年:[0.0000,0.0000,0.0000,0.0001]
	条件:[0.0010,0.0087,0.0002,0.0008]
	湿度:[0.0001,0.0001,0.0010,0.0001]
	温度:[0.0001,0.0000,0.0000,0.0001]
	終える:[0.0001,0.0000,0.0000,0.0001]
	腐敗:[0.0001,0.0000,0.0000,0.0001]
	発病:[0.0002,0.0001,0.0001,0.0003]
	越冬:[0.0000,0.0000,0.0000,0.0001]
	多湿:[0.0000,0.0000,0.0002,0.0001]
	適度だ:[0.0002,0.0002,0.0000,0.0001]
	気候:[0.0001,0.0000,0.0000,0.0003]
	褐色:[0.0008,0.0000,0.0000,0.0001]
	低温:[0.0000,0.0003,0.0002,0.0001]
	植える:[0.0005,0.0000,0.0000,0.0001]
	胞子:[0.0001,0.0000,0.0000,0.0003]
	付着:[0.0000,0.0000,0.0000,0.0001]
	発芽:[0.0000,0.0000,0.0000,0.0001]
	新しい:[0.0002,0.0002,0.0001,0.0006]
	生まれる:[0.0000,0.0006,0.0000,0.0001]
	ナス:[0.0001,0.0000,0.0000,0.0001]
	続く:[0.0004,0.0006,0.0016,0.0005]
	灌水:[0.0000,0.0000,0.0000,0.0001]
	発生:[0.0010,0.0008,0.0009,0.0012]
	原因:[0.0012,0.0019,0.0009,0.0007]
True-Positive

Section:2
	Ｆｌａｇ：：１０００
	疫病が発生しやすい野菜は
	トマト・ミニトマト・ズッキーニ・カボチャ・キュウリ・スイカ・ピーマン・シシトウ・トウガラシ・パセリ・ジャガイモなど、その他にも多くの科目の野菜が発病します。
	疫病を放っておくとどうなるの？
	疫病（キュウリの症状）
	ウリ科の疫病の症状（画像）疫病を治療せずに放っておくと、黒褐色の病斑が葉から茎、果実へと広がり、病斑後に白色のカビがうっすらと生えてきます。
	そのまま放置して病状が悪化すると酷い時には苗全体が枯死してしまいます。
Score:0.000193597320915
EACH_TAG_SCORE:
	image:7.66751555626e-05
	table:4.1381749915e-05
	graph:5.3229444312e-05
	flow:2.2310971125e-05
PARA:
Clueword:
	スイカ:[0.0000,0.0000,0.0000,0.0000]
	疫病:[0.0006,0.0002,0.0009,0.0005]
	広がる:[0.0001,0.0002,0.0004,0.0000]
	多く:[0.0009,0.0007,0.0064,0.0001]
	ミニ:[0.0000,0.0000,0.0000,0.0000]
	ジャガイモ:[0.0000,0.0000,0.0000,0.0000]
	シシトウ:[0.0000,0.0000,0.0000,0.0000]
	ウリ:[0.0000,0.0000,0.0000,0.0000]
	発病:[0.0002,0.0001,0.0001,0.0003]
	白色:[0.0014,0.0001,0.0002,0.0000]
	放っておく:[0.0001,0.0000,0.0000,0.0000]
	キュウリ:[0.0001,0.0000,0.0000,0.0000]
	治療:[0.0001,0.0003,0.0000,0.0000]
	トウガラシ:[0.0000,0.0000,0.0000,0.0000]
	野菜:[0.0005,0.0002,0.0004,0.0000]
	枯死:[0.0000,0.0000,0.0000,0.0000]
	病状:[0.0000,0.0000,0.0000,0.0000]
	画像:[0.0059,0.0001,0.0000,0.0006]
	褐色:[0.0008,0.0000,0.0000,0.0001]
	症状:[0.0025,0.0062,0.0009,0.0003]
	ズッキーニ:[0.0000,0.0000,0.0000,0.0000]
	果実:[0.0001,0.0000,0.0000,0.0000]
	生える:[0.0004,0.0001,0.0000,0.0000]
	黒:[0.0010,0.0000,0.0000,0.0000]
	放置:[0.0001,0.0001,0.0000,0.0000]
	トマト:[0.0002,0.0001,0.0002,0.0000]
	科目:[0.0000,0.0003,0.0000,0.0000]
	カビ:[0.0001,0.0000,0.0000,0.0000]
	酷い:[0.0000,0.0000,0.0000,0.0000]
	カボチャ:[0.0001,0.0000,0.0000,0.0000]
	ピーマン:[0.0001,0.0000,0.0000,0.0000]
	パセリ:[0.0000,0.0000,0.0000,0.0000]
	発生:[0.0010,0.0008,0.0009,0.0012]
	全体:[0.0012,0.0004,0.0005,0.0018]
	悪化:[0.0001,0.0001,0.0017,0.0003]
True-Positive

True-Negative:0
False-Positive:1
True-Positive:5
False-Negative:0
precision = 0.833333
recall = 1.000000
fvalue = 0.909091