Section:2
	Ｆｌａｇ：：０１００
	？高校生の間は８時半ごろに学校へ行くことが必須となります。
	しかし浪人生の場合は予備校の本科生（季節講習を含め１００万円程度が目安）以外は、午前中のスケジュールが本人任せになります。
Score:0.000801526888194
EACH_TAG_SCORE:
	image:0.000109068643759
	table:0.000555074435404
	graph:8.71521221882e-05
	flow:5.02316868423e-05
PARA:
Clueword:
	場合:[0.0062,0.0488,0.0053,0.0034]
	浪人:[0.0001,0.0001,0.0001,0.0000]
	学校:[0.0001,0.0001,0.0002,0.0000]
	予備:[0.0000,0.0003,0.0000,0.0000]
	スケジュール:[0.0000,0.0002,0.0000,0.0000]
	午前:[0.0000,0.0001,0.0000,0.0000]
	本科生:[0.0000,0.0001,0.0000,0.0000]
	１００万:[0.0000,0.0001,0.0000,0.0000]
	行く:[0.0006,0.0008,0.0003,0.0003]
	高校:[0.0000,0.0005,0.0000,0.0000]
	必須だ:[0.0003,0.0002,0.0000,0.0000]
	季節:[0.0002,0.0001,0.0000,0.0000]
	講習:[0.0000,0.0001,0.0000,0.0000]
	程度:[0.0013,0.0019,0.0022,0.0012]
	含める:[0.0000,0.0002,0.0004,0.0000]
	目安:[0.0001,0.0002,0.0002,0.0000]
	人任せ:[0.0000,0.0001,0.0000,0.0000]
	以外:[0.0022,0.0024,0.0002,0.0002]
True-Positive

Section:4
	Ｆｌａｇ：：００００
	？夜型に陥るのを防ぐひとつの手段が予備校の本科生になることや、午前中の単科の授業を取ることです。
	現役生中心の予備校や塾の場合、講師や職員の勤務時間の関係で午後や夕方以降の授業となることがありますので注意が必要です。
	現在は大学生の奨学金利用率が約５０％に達するように、予備校の本科生では家計が厳しいという場合が出てきています。
	どのように朝型をキープすればよいのでしょうか？
	朝型キープの３つのコツ
Score:0.0007737636087
EACH_TAG_SCORE:
	image:0.000106874573602
	table:0.000319381589579
	graph:0.000257360288476
	flow:9.01471570423e-05
PARA:
Clueword:
	現役:[0.0001,0.0000,0.0007,0.0000]
	予備:[0.0000,0.0003,0.0000,0.0000]
	％:[0.0000,0.0005,0.0313,0.0000]
	中心:[0.0025,0.0004,0.0024,0.0001]
	取る:[0.0009,0.0012,0.0003,0.0001]
	手段:[0.0001,0.0007,0.0000,0.0000]
	午前:[0.0000,0.0001,0.0000,0.0000]
	金利:[0.0012,0.0020,0.0062,0.0046]
	防ぐ:[0.0003,0.0001,0.0001,0.0004]
	本科生:[0.0000,0.0001,0.0000,0.0000]
	関係:[0.0054,0.0042,0.0013,0.0004]
	達する:[0.0001,0.0000,0.0000,0.0000]
	場合:[0.0062,0.0488,0.0053,0.0034]
	講師:[0.0000,0.0003,0.0000,0.0000]
	コツ:[0.0002,0.0001,0.0000,0.0000]
	注意:[0.0012,0.0005,0.0006,0.0010]
	以降:[0.0001,0.0001,0.0024,0.0027]
	必要だ:[0.0019,0.0032,0.0007,0.0029]
	午後:[0.0000,0.0000,0.0001,0.0000]
	時間:[0.0005,0.0014,0.0011,0.0005]
	キープ:[0.0000,0.0000,0.0000,0.0001]
	大学生:[0.0000,0.0002,0.0000,0.0000]
	現在:[0.0004,0.0006,0.0004,0.0018]
	陥る:[0.0000,0.0000,0.0000,0.0002]
	出る:[0.0011,0.0013,0.0007,0.0005]
	厳しい:[0.0001,0.0000,0.0000,0.0000]
	授業:[0.0000,0.0003,0.0000,0.0000]
False-Positive

Section:10
	Ｆｌａｇ：：００００
	？「理解は現場でなく、自習室で起こっている！」このことを押さえることが失敗を防ぐ最大のコツとなります。
	具体的には受けた授業の３倍程度の時間をとり、予習、復習（簡単なまとめ学習）、類似問題演習を行う必要があります。
Score:0.000478232123855
EACH_TAG_SCORE:
	image:0.000107900405989
	table:0.000164199893116
	graph:7.37534389261e-05
	flow:0.000132378385824
PARA:
Clueword:
	失敗:[0.0003,0.0002,0.0000,0.0005]
	自習:[0.0000,0.0001,0.0000,0.0000]
	防ぐ:[0.0003,0.0001,0.0001,0.0004]
	コツ:[0.0002,0.0001,0.0000,0.0000]
	行う:[0.0008,0.0010,0.0002,0.0035]
	類似:[0.0001,0.0000,0.0000,0.0000]
	受ける:[0.0002,0.0006,0.0003,0.0003]
	必要だ:[0.0019,0.0032,0.0007,0.0029]
	的だ:[0.0040,0.0068,0.0016,0.0029]
	現場:[0.0000,0.0002,0.0003,0.0016]
	押さえる:[0.0002,0.0000,0.0000,0.0004]
	程度:[0.0013,0.0019,0.0022,0.0012]
	最大だ:[0.0002,0.0003,0.0006,0.0000]
	時間:[0.0005,0.0014,0.0011,0.0005]
	学習:[0.0000,0.0006,0.0002,0.0000]
	問題:[0.0011,0.0008,0.0004,0.0005]
	起こる:[0.0005,0.0006,0.0006,0.0000]
	簡単だ:[0.0004,0.0006,0.0002,0.0009]
	理解:[0.0006,0.0004,0.0001,0.0000]
	具体:[0.0000,0.0001,0.0002,0.0000]
	授業:[0.0000,0.0003,0.0000,0.0000]
False-Positive

Section:6
	Ｆｌａｇ：：００００
	？【２】朝の儀式を外さないこと
	１日を２５時間と認識している体内時計を起床後にリセットすることが必要になります。
	効果的なリセットを行うにはカーテンを開けて太陽の光を浴びることと朝食を取ることが必須です（胃腸が弱い方は朝食は少なめでも構いませんが、一般にはある程度の分量があったほうがリセット効果は高いとされます）。
	可能であれば２０分以上の散歩をするとより効果的です。
	？【３】朝の行き場を作ること
	予備校の本科生にならない場合、たとえば朝食をファストフード店で取り１時間程度の勉強をしてくる習慣をつける、朝９時に図書館に入るなど、朝の行き場を作ることが非常に大切です。
	自宅学習デーであっても、午前中は外出したほうがペースをつかめます。
	もし友人に同級生がいれば、図書館などで待ち合わせをすることも有効です（ただし、あまりに目標が低い友人の場合は逆効果になります）。
	失敗例２英語が伸びなかった
Score:0.000441652844601
EACH_TAG_SCORE:
	image:7.67437566358e-05
	table:0.0002049881885
	graph:9.83852519724e-05
	flow:6.15356474924e-05
PARA:
Clueword:
	非常だ:[0.0008,0.0008,0.0003,0.0000]
	失敗:[0.0003,0.0002,0.0000,0.0005]
	儀式:[0.0000,0.0002,0.0000,0.0000]
	弱い:[0.0001,0.0010,0.0000,0.0000]
	伸びる:[0.0001,0.0002,0.0001,0.0000]
	本科生:[0.0000,0.0001,0.0000,0.0000]
	午前:[0.0000,0.0001,0.0000,0.0000]
	同級生:[0.0000,0.0001,0.0002,0.0000]
	低い:[0.0019,0.0009,0.0071,0.0005]
	勉強:[0.0002,0.0012,0.0004,0.0000]
	散歩:[0.0000,0.0000,0.0000,0.0002]
	認識:[0.0001,0.0001,0.0001,0.0018]
	必要だ:[0.0019,0.0032,0.0007,0.0029]
	時計:[0.0003,0.0000,0.0003,0.0002]
	目標:[0.0000,0.0001,0.0010,0.0000]
	英語:[0.0001,0.0006,0.0000,0.0000]
	分量:[0.0000,0.0002,0.0000,0.0000]
	学習:[0.0000,0.0006,0.0002,0.0000]
	入る:[0.0014,0.0006,0.0003,0.0012]
	以上:[0.0012,0.0013,0.0020,0.0008]
	効果:[0.0015,0.0021,0.0006,0.0000]
	太陽:[0.0002,0.0002,0.0000,0.0000]
	ペース:[0.0001,0.0001,0.0002,0.0000]
	取る:[0.0009,0.0012,0.0003,0.0001]
	的だ:[0.0040,0.0068,0.0016,0.0029]
	場合:[0.0062,0.0488,0.0053,0.0034]
	習慣:[0.0001,0.0001,0.0002,0.0000]
	開ける:[0.0001,0.0000,0.0000,0.0000]
	外す:[0.0000,0.0000,0.0000,0.0001]
	作る:[0.0015,0.0016,0.0002,0.0027]
	浴びる:[0.0001,0.0001,0.0000,0.0000]
	行う:[0.0008,0.0010,0.0002,0.0035]
	有効だ:[0.0001,0.0004,0.0000,0.0002]
	予備:[0.0000,0.0003,0.0000,0.0000]
	可能だ:[0.0008,0.0013,0.0011,0.0011]
	必須だ:[0.0003,0.0002,0.0000,0.0000]
	自宅:[0.0001,0.0001,0.0000,0.0000]
	大切だ:[0.0004,0.0002,0.0002,0.0003]
	程度:[0.0013,0.0019,0.0022,0.0012]
	少ない:[0.0017,0.0009,0.0017,0.0000]
	高い:[0.0010,0.0020,0.0121,0.0007]
	時間:[0.0005,0.0014,0.0011,0.0005]
	図書:[0.0000,0.0002,0.0000,0.0000]
	構う:[0.0000,0.0001,0.0000,0.0000]
	一般に:[0.0005,0.0001,0.0000,0.0000]
	逆だ:[0.0005,0.0008,0.0003,0.0002]
False-Positive

Section:13
	Ｆｌａｇ：：０１００
	化学原子
	？調べれば何とかなる英語、国語、社会に対して、理科、数学を質問できる環境は必須です。
	質問をしないことで、途中式や解き方の一部を分かったことにしたり暗記したりしてしまうことが学力の向上を大きく妨げます。
	最低でも大学院生または旧帝大レベルの学部生、できれば予備校講師に週に３回程度質問できる環境の確保が重要です。
	※大学院生や大学の学部生のなかでは、該当科目がもともと得意だった人よりも、努力して成果を出した人の方が教え方は優れています。
	また大学院生、大学生の場合、国語が得意な国立大受験経験の講師の方が教え方は優れています。
Score:0.000427716842271
EACH_TAG_SCORE:
	image:6.20300250829e-05
	table:0.000243963608241
	graph:7.70905600792e-05
	flow:4.46326488676e-05
PARA:
Clueword:
	何とか:[0.0000,0.0000,0.0002,0.0000]
	英語:[0.0001,0.0006,0.0000,0.0000]
	重要だ:[0.0005,0.0010,0.0005,0.0000]
	途中:[0.0002,0.0001,0.0000,0.0000]
	暗記:[0.0000,0.0002,0.0000,0.0000]
	社会:[0.0005,0.0001,0.0008,0.0000]
	大学生:[0.0000,0.0002,0.0000,0.0000]
	学力:[0.0000,0.0001,0.0001,0.0000]
	数学:[0.0000,0.0001,0.0000,0.0000]
	出す:[0.0010,0.0010,0.0004,0.0009]
	科目:[0.0000,0.0003,0.0000,0.0000]
	理科:[0.0002,0.0001,0.0003,0.0000]
	最低:[0.0001,0.0002,0.0001,0.0002]
	原子:[0.0000,0.0001,0.0000,0.0000]
	学部:[0.0000,0.0002,0.0000,0.0000]
	優れる:[0.0001,0.0004,0.0000,0.0000]
	国語:[0.0000,0.0002,0.0000,0.0000]
	確保:[0.0000,0.0002,0.0005,0.0000]
	質問:[0.0002,0.0002,0.0003,0.0012]
	一部:[0.0003,0.0011,0.0013,0.0000]
	国立:[0.0000,0.0003,0.0001,0.0000]
	レベル:[0.0001,0.0007,0.0001,0.0004]
	調べる:[0.0001,0.0001,0.0003,0.0000]
	該当:[0.0007,0.0009,0.0000,0.0001]
	環境:[0.0002,0.0006,0.0000,0.0000]
	場合:[0.0062,0.0488,0.0053,0.0034]
	対する:[0.0007,0.0012,0.0000,0.0005]
	解く:[0.0000,0.0001,0.0000,0.0000]
	化学:[0.0001,0.0004,0.0000,0.0005]
	予備:[0.0000,0.0003,0.0000,0.0000]
	分かつ:[0.0000,0.0002,0.0000,0.0000]
	成果:[0.0000,0.0001,0.0000,0.0003]
	大きい:[0.0025,0.0015,0.0035,0.0022]
	必須だ:[0.0003,0.0002,0.0000,0.0000]
	講師:[0.0000,0.0003,0.0000,0.0000]
	院生:[0.0000,0.0003,0.0000,0.0000]
	経験:[0.0002,0.0004,0.0002,0.0012]
	教える:[0.0002,0.0002,0.0002,0.0001]
	程度:[0.0013,0.0019,0.0022,0.0012]
	大学:[0.0008,0.0006,0.0008,0.0000]
	受験:[0.0004,0.0009,0.0005,0.0000]
	努力:[0.0000,0.0001,0.0000,0.0000]
	妨げる:[0.0000,0.0001,0.0000,0.0001]
	向上:[0.0000,0.0002,0.0037,0.0000]
	得意だ:[0.0001,0.0009,0.0000,0.0000]
True-Positive

Section:3
	Ｆｌａｇ：：１０００
	？人には体内時計（時計遺伝子）が備わっており、睡眠を含む１日のサイクルを自動的にコントロールしています。
	しかし地球の１日の長さはいつも同じではありません。
	人類の体内時計（時計遺伝子）は１日２５時間程度に設定されています。
	そのため何もしなければ、２３時に寝た人は翌日２４時ごろに自然に眠くなる流れが起こってしまいます。
	これを放置すると明け方にしか眠れなくなり、毎日体調が整わなくなることでほぼ１００％浪人生活に失敗します。
Score:0.000425280959975
EACH_TAG_SCORE:
	image:8.0423566033e-05
	table:8.31268965307e-05
	graph:0.000208279133333
	flow:5.34513640784e-05
PARA:
Clueword:
	浪人:[0.0001,0.0001,0.0001,0.0000]
	毎日:[0.0002,0.0001,0.0000,0.0001]
	同じだ:[0.0014,0.0018,0.0010,0.0008]
	整う:[0.0002,0.0001,0.0000,0.0000]
	％:[0.0000,0.0005,0.0313,0.0000]
	失敗:[0.0003,0.0002,0.0000,0.0005]
	眠い:[0.0001,0.0000,0.0000,0.0000]
	何も:[0.0002,0.0003,0.0000,0.0000]
	コントロール:[0.0002,0.0000,0.0000,0.0000]
	時計:[0.0003,0.0000,0.0003,0.0002]
	含む:[0.0012,0.0006,0.0008,0.0006]
	放置:[0.0001,0.0001,0.0000,0.0000]
	体調:[0.0001,0.0000,0.0000,0.0000]
	流れる:[0.0005,0.0002,0.0001,0.0010]
	自然だ:[0.0005,0.0003,0.0002,0.0004]
	起こる:[0.0005,0.0006,0.0006,0.0000]
	翌日:[0.0001,0.0001,0.0001,0.0000]
	地球:[0.0006,0.0002,0.0004,0.0000]
	生活:[0.0006,0.0005,0.0002,0.0000]
	人類:[0.0002,0.0001,0.0004,0.0000]
	サイクル:[0.0012,0.0000,0.0013,0.0003]
	睡眠:[0.0000,0.0002,0.0001,0.0000]
	程度:[0.0013,0.0019,0.0022,0.0012]
	眠れる:[0.0001,0.0000,0.0000,0.0000]
	遺伝子:[0.0002,0.0006,0.0001,0.0000]
	明け方:[0.0001,0.0000,0.0013,0.0000]
	時間:[0.0005,0.0014,0.0011,0.0005]
	寝る:[0.0001,0.0000,0.0001,0.0000]
	設定:[0.0010,0.0009,0.0000,0.0028]
	長い:[0.0019,0.0007,0.0026,0.0004]
	自動:[0.0001,0.0002,0.0001,0.0000]
	的だ:[0.0040,0.0068,0.0016,0.0029]
True-Positive

Section:7
	Ｆｌａｇ：：０１００
	？浪人し受験に失敗した人の多くが英語を得意科目にできなかった人です。
	英語は配点が高いから重要。
	これが受験生の理解ですが実際にはもう少し深い要素があります。
	それは英語が唯一の「真の積み重ね型の教科」ということです。
	地歴公民は中学校でも習いますが、高校では初めからもう一度習います。
	例えば日本史なら高校で改めて縄文時代から学び直します。
	理科も同様です。
	国語は中学のときに苦手科目であっても、高校から力を入れれば伸びてきます（漢検３級程度の基礎は必要）。
	数学は積み重ねの要素が多少ありますが、英語ほどではなく挽回が可能です。
	？一方英語は中３や高１で苦手教科だった場合には、浪人して人並み勉強をしても苦手が改善されない科目です。
	人の３倍程度勉強時間をとってもなお変化はありません。
	「真の積み重ね型の教科」である英語は、基礎が不十分な場合、スタート時の偏差値が５０ならずっと５０のまま、４５ならずっと４５のまま終わることが多い、逆転が難しい科目です。
Score:0.000420004107883
EACH_TAG_SCORE:
	image:7.99930736965e-05
	table:0.000197691848249
	graph:9.93822685135e-05
	flow:4.29369174245e-05
PARA:
Clueword:
	浪人:[0.0001,0.0001,0.0001,0.0000]
	英語:[0.0001,0.0006,0.0000,0.0000]
	重要だ:[0.0005,0.0010,0.0005,0.0000]
	偏差値:[0.0000,0.0001,0.0000,0.0000]
	教科:[0.0000,0.0003,0.0000,0.0000]
	配点:[0.0000,0.0001,0.0000,0.0000]
	中学:[0.0000,0.0001,0.0000,0.0000]
	失敗:[0.0003,0.0002,0.0000,0.0005]
	積み重ねる:[0.0000,0.0003,0.0000,0.0000]
	直す:[0.0000,0.0001,0.0001,0.0000]
	勉強:[0.0002,0.0012,0.0004,0.0000]
	数学:[0.0000,0.0001,0.0000,0.0000]
	不十分だ:[0.0000,0.0001,0.0001,0.0000]
	挽回:[0.0000,0.0001,0.0000,0.0000]
	理科:[0.0002,0.0001,0.0003,0.0000]
	例えば:[0.0074,0.0011,0.0004,0.0004]
	必要だ:[0.0019,0.0032,0.0007,0.0029]
	公民:[0.0000,0.0001,0.0000,0.0000]
	変化:[0.0007,0.0004,0.0000,0.0004]
	要素:[0.0006,0.0004,0.0000,0.0000]
	基礎:[0.0000,0.0003,0.0005,0.0000]
	一方:[0.0003,0.0046,0.0032,0.0001]
	多い:[0.0032,0.0042,0.0037,0.0009]
	逆転:[0.0000,0.0001,0.0000,0.0000]
	理解:[0.0006,0.0004,0.0001,0.0000]
	中学校:[0.0000,0.0002,0.0000,0.0000]
	多く:[0.0009,0.0007,0.0064,0.0001]
	実際:[0.0004,0.0002,0.0008,0.0006]
	日本:[0.0009,0.0013,0.0021,0.0012]
	縄文:[0.0000,0.0001,0.0000,0.0000]
	国語:[0.0000,0.0002,0.0000,0.0000]
	初め:[0.0001,0.0001,0.0000,0.0000]
	場合:[0.0062,0.0488,0.0053,0.0034]
	同様だ:[0.0004,0.0004,0.0000,0.0004]
	入れる:[0.0005,0.0006,0.0000,0.0003]
	少し:[0.0014,0.0007,0.0002,0.0008]
	高校:[0.0000,0.0005,0.0000,0.0000]
	習う:[0.0000,0.0002,0.0000,0.0000]
	可能だ:[0.0008,0.0013,0.0011,0.0011]
	改める:[0.0000,0.0001,0.0000,0.0000]
	程度:[0.0013,0.0019,0.0022,0.0012]
	学ぶ:[0.0002,0.0003,0.0000,0.0000]
	苦手だ:[0.0002,0.0003,0.0000,0.0008]
	スタート:[0.0001,0.0001,0.0000,0.0009]
	高い:[0.0010,0.0020,0.0121,0.0007]
	唯一:[0.0001,0.0007,0.0000,0.0000]
	漢検:[0.0000,0.0001,0.0000,0.0000]
	受験:[0.0004,0.0009,0.0005,0.0000]
	深い:[0.0002,0.0004,0.0000,0.0000]
	時間:[0.0005,0.0014,0.0011,0.0005]
	終わる:[0.0003,0.0003,0.0002,0.0007]
	伸びる:[0.0001,0.0002,0.0001,0.0000]
	多少:[0.0013,0.0001,0.0001,0.0001]
	科目:[0.0000,0.0003,0.0000,0.0000]
	時代:[0.0002,0.0003,0.0004,0.0002]
	改善:[0.0002,0.0004,0.0000,0.0001]
	難しい:[0.0007,0.0004,0.0002,0.0002]
	得意だ:[0.0001,0.0009,0.0000,0.0000]
True-Positive

Section:12
	Ｆｌａｇ：：００００
	失敗例４大学に進んだ同級生と遊んでしまった
	若者
	？大学に進んだ同級生と遊んでしまった。
	これも浪人生によくある失敗例です。
	大学生からの誘いをすべて断ることもひとつの方法です。
	？さすがに、すべて断るのは今後のことも考えるとやりづらいという場合には、食事（ラーメン、焼肉等）やカフェ限定にすることがおすすめです。
	食事やカフェは長くて１時間、ラーメンなら３０分程度で終わります。
	そもそも１人であっても食事時間は取りますのであまり無駄がありません。
	食事の後のカラオケ、オンラインダーツ、ゲームセンターなどの誘いは全て断ります。
	これを春休みから一度の例外もなく徹底すれば、友人も食事にだけ誘うようになります。
	また大学に居場所ができると誘う回数も自然に減っていきます。
	失敗例５理科、数学の質問環境がなかった
Score:0.00041166502824
EACH_TAG_SCORE:
	image:5.75362157275e-05
	table:0.000187780125445
	graph:5.28980275798e-05
	flow:0.000113450659488
PARA:
Clueword:
	失敗:[0.0003,0.0002,0.0000,0.0005]
	休む:[0.0001,0.0001,0.0003,0.0000]
	浪人:[0.0001,0.0001,0.0001,0.0000]
	終わる:[0.0003,0.0003,0.0002,0.0007]
	無駄だ:[0.0000,0.0000,0.0002,0.0000]
	大学生:[0.0000,0.0002,0.0000,0.0000]
	同級生:[0.0000,0.0001,0.0002,0.0000]
	オンライン:[0.0001,0.0001,0.0000,0.0000]
	遊ぶ:[0.0001,0.0001,0.0000,0.0000]
	数学:[0.0000,0.0001,0.0000,0.0000]
	方法:[0.0026,0.0052,0.0002,0.0194]
	焼肉:[0.0003,0.0003,0.0000,0.0000]
	理科:[0.0002,0.0001,0.0003,0.0000]
	回数:[0.0000,0.0003,0.0001,0.0002]
	今後:[0.0001,0.0002,0.0019,0.0117]
	食事:[0.0001,0.0000,0.0002,0.0000]
	全て:[0.0002,0.0001,0.0000,0.0000]
	ゲーム:[0.0001,0.0000,0.0001,0.0000]
	質問:[0.0002,0.0002,0.0003,0.0012]
	環境:[0.0002,0.0006,0.0000,0.0000]
	若者:[0.0001,0.0001,0.0001,0.0001]
	限定:[0.0005,0.0008,0.0001,0.0000]
	センター:[0.0002,0.0003,0.0000,0.0000]
	自然だ:[0.0005,0.0003,0.0002,0.0004]
	徹底:[0.0000,0.0002,0.0000,0.0000]
	取る:[0.0009,0.0012,0.0003,0.0001]
	誘う:[0.0000,0.0000,0.0000,0.0000]
	減る:[0.0001,0.0001,0.0004,0.0000]
	進む:[0.0001,0.0003,0.0004,0.0004]
	場合:[0.0062,0.0488,0.0053,0.0034]
	居場所:[0.0000,0.0001,0.0000,0.0000]
	例外:[0.0001,0.0002,0.0000,0.0000]
	程度:[0.0013,0.0019,0.0022,0.0012]
	考える:[0.0017,0.0018,0.0009,0.0005]
	大学:[0.0008,0.0006,0.0008,0.0000]
	時間:[0.0005,0.0014,0.0011,0.0005]
	長い:[0.0019,0.0007,0.0026,0.0004]
	ラーメン:[0.0008,0.0007,0.0007,0.0001]
False-Positive

Section:11
	Ｆｌａｇ：：０１００
	※中高一貫校受験の方．．．自分の意志で行う受験経験がなく、勉強法や学習量に不安を持つ人が多いですが、逆に講師に相談して勉強を進める傾向があり、経験がないことが有利に働くケースがよくあります。
	欠点は英語の基礎を作る中３から高１の間で受験の壁を乗り越えていないこと。
	英語が伸び悩む傾向があります。
	※塾通いをせず高校受験をされた方．．．勉強法を確立している人が多く、塾や教材任せにする傾向がないため、大学受験で伸びるケースが良くあります。
	ただし予備校や塾の講師に勉強法を相談することは必要です。
Score:0.000344405807013
EACH_TAG_SCORE:
	image:5.8966102866e-05
	table:0.000115683339808
	graph:9.88872033558e-05
	flow:7.08691609829e-05
PARA:
Clueword:
	進める:[0.0000,0.0001,0.0002,0.0000]
	予備:[0.0000,0.0003,0.0000,0.0000]
	伸びる:[0.0001,0.0002,0.0001,0.0000]
	相談:[0.0002,0.0008,0.0004,0.0002]
	勉強:[0.0002,0.0012,0.0004,0.0000]
	有利だ:[0.0000,0.0001,0.0001,0.0000]
	任せる:[0.0001,0.0001,0.0000,0.0000]
	自分:[0.0012,0.0017,0.0009,0.0020]
	必要だ:[0.0019,0.0032,0.0007,0.0029]
	講師:[0.0000,0.0003,0.0000,0.0000]
	英語:[0.0001,0.0006,0.0000,0.0000]
	学習:[0.0000,0.0006,0.0002,0.0000]
	確立:[0.0000,0.0001,0.0000,0.0000]
	不安だ:[0.0002,0.0001,0.0009,0.0002]
	働く:[0.0005,0.0005,0.0002,0.0008]
	伸び悩む:[0.0000,0.0001,0.0001,0.0000]
	多い:[0.0032,0.0042,0.0037,0.0009]
	通う:[0.0002,0.0001,0.0001,0.0000]
	教材:[0.0000,0.0001,0.0000,0.0000]
	中高:[0.0000,0.0001,0.0000,0.0000]
	持つ:[0.0010,0.0011,0.0001,0.0022]
	一貫:[0.0000,0.0001,0.0000,0.0000]
	高校:[0.0000,0.0005,0.0000,0.0000]
	作る:[0.0015,0.0016,0.0002,0.0027]
	意志:[0.0001,0.0001,0.0000,0.0000]
	乗り越える:[0.0000,0.0002,0.0000,0.0000]
	行う:[0.0008,0.0010,0.0002,0.0035]
	良い:[0.0015,0.0018,0.0008,0.0014]
	ケース:[0.0002,0.0050,0.0000,0.0000]
	大学:[0.0008,0.0006,0.0008,0.0000]
	受験:[0.0004,0.0009,0.0005,0.0000]
	欠点:[0.0000,0.0001,0.0000,0.0000]
	基礎:[0.0000,0.0003,0.0005,0.0000]
	逆だ:[0.0005,0.0008,0.0003,0.0002]
	経験:[0.0002,0.0004,0.0002,0.0012]
	傾向:[0.0003,0.0006,0.0137,0.0000]
True-Positive

Section:14
	Ｆｌａｇ：：００００
	？大手予備校の場合講師の移動が活発で生徒数が多いため丁寧な指導までは難しい場合があります。
	大学院生のチューター（アドバイザー）を置きフォローする予備校を選ぶのが最低限ですが、予備校講師に比べ指導力は落ちます。
	理科、数学に関しては、中小予備校や個別塾を併用するのもひとつの案です。
	※東京、千葉、埼玉エリアの予備校情報を筆者はつかんでいますので、ご相談されたい場合お問い合わせをご利用ください（高校名、志望大学、高３時の偏差値、特に対策したい教科を明記）。
	英語または数学・理科に強いプロ講師が比較的長時間質問対応できる予備校校舎を教えることが可能です。
	失敗例６文系数学と理系国語で失敗
	？国立文系志望者にとって「数学」の勉強時間は自然と短くなりがちです。
	もともと数学が苦手、面白みを感じないので勉強時間が減る、週に１、２回しか触れないため伸びていかないというプロセスを歩みがちです。
	国語や社会でライバルの文系生に差をつけるのは難しいですが、数学なら不可能ではありません。
	毎日触れることが必要です。
	？国立理系志望者にとって「国語」および「地歴公民」の勉強時間は自然と短くなりがちです。
	もともと国社は苦手、面白みを感じないので勉強時間が減る、週に１、２回しか触れないため伸びていかないというプロセスを歩みがちです。
	国語はセンター試験であっても本格的な学力が必要です。
	古文、漢文、現代文の順に対策していきます（センター現代文は７割程度得点できるならそこからは伸ばしづらいため時間を割かないのもひとつの方法です。しかし地頭が育つため問題量は少なくても徹底的に深めることがおすすめです）。
	？現代社会は暗記科目なので秋以降に回すという国立理系志望の生徒が目立ちます。
	しかしセンター試験は付け焼刃の暗記では誤答する性質が高いため、１学期から手をつけ多少の深みと広がりのある理解に持っていくことが本番で失敗を防ぐコツです。
	失敗例７早慶や旧帝大の壁を破れなかった
	慶応義塾大
	？勉強を重ねていけば日東駒専の学力がＭＡＲＣＨに、ＭＡＲＣＨの学力が早慶にランクアップしていくと考えている人がいます。
Score:0.000302243820299
EACH_TAG_SCORE:
	image:5.30779306311e-05
	table:0.000123907872755
	graph:6.03377215866e-05
	flow:6.49202953269e-05
PARA:
Clueword:
	ライバル:[0.0000,0.0002,0.0000,0.0000]
	最低だ:[0.0000,0.0001,0.0002,0.0000]
	丁寧だ:[0.0001,0.0000,0.0000,0.0000]
	利用:[0.0004,0.0014,0.0002,0.0000]
	面白い:[0.0001,0.0001,0.0000,0.0000]
	減る:[0.0001,0.0001,0.0004,0.0000]
	暗記:[0.0000,0.0002,0.0000,0.0000]
	失敗:[0.0003,0.0002,0.0000,0.0005]
	学力:[0.0000,0.0001,0.0001,0.0000]
	文系:[0.0000,0.0001,0.0000,0.0000]
	相談:[0.0002,0.0008,0.0004,0.0002]
	偏差値:[0.0000,0.0001,0.0000,0.0000]
	プロセス:[0.0002,0.0005,0.0003,0.0066]
	方法:[0.0026,0.0052,0.0002,0.0194]
	特に:[0.0004,0.0005,0.0003,0.0003]
	防ぐ:[0.0003,0.0001,0.0001,0.0004]
	個別:[0.0001,0.0001,0.0000,0.0003]
	広がる:[0.0001,0.0002,0.0004,0.0000]
	中小:[0.0001,0.0003,0.0000,0.0000]
	少ない:[0.0017,0.0009,0.0017,0.0000]
	毎日:[0.0002,0.0001,0.0000,0.0001]
	勉強:[0.0002,0.0012,0.0004,0.0000]
	指導:[0.0002,0.0000,0.0003,0.0000]
	英語:[0.0001,0.0006,0.0000,0.0000]
	コツ:[0.0002,0.0001,0.0000,0.0000]
	早慶:[0.0000,0.0002,0.0000,0.0000]
	理系:[0.0000,0.0001,0.0000,0.0000]
	自然だ:[0.0005,0.0003,0.0002,0.0004]
	徹底:[0.0000,0.0002,0.0000,0.0000]
	ＭＡＲＣＨ:[0.0000,0.0002,0.0000,0.0000]
	置く:[0.0009,0.0003,0.0004,0.0007]
	多い:[0.0032,0.0042,0.0037,0.0009]
	現代:[0.0000,0.0002,0.0001,0.0000]
	目立つ:[0.0003,0.0004,0.0000,0.0000]
	可能だ:[0.0008,0.0013,0.0011,0.0011]
	比較的:[0.0007,0.0061,0.0034,0.0000]
	教える:[0.0002,0.0002,0.0002,0.0001]
	程度:[0.0013,0.0019,0.0022,0.0012]
	苦手だ:[0.0002,0.0003,0.0000,0.0008]
	考える:[0.0017,0.0018,0.0009,0.0005]
	高い:[0.0010,0.0020,0.0121,0.0007]
	伸びる:[0.0001,0.0002,0.0001,0.0000]
	多少:[0.0013,0.0001,0.0001,0.0001]
	順だ:[0.0002,0.0002,0.0000,0.0005]
	関する:[0.0001,0.0002,0.0002,0.0001]
	埼玉:[0.0000,0.0002,0.0003,0.0000]
	大手:[0.0005,0.0006,0.0000,0.0000]
	難しい:[0.0007,0.0004,0.0002,0.0002]
	予備:[0.0000,0.0003,0.0000,0.0000]
	感じる:[0.0014,0.0012,0.0004,0.0005]
	生徒:[0.0002,0.0001,0.0006,0.0000]
	エリア:[0.0001,0.0000,0.0000,0.0000]
	教科:[0.0000,0.0003,0.0000,0.0000]
	選ぶ:[0.0010,0.0017,0.0000,0.0000]
	以降:[0.0001,0.0001,0.0024,0.0027]
	社会:[0.0005,0.0001,0.0008,0.0000]
	国語:[0.0000,0.0002,0.0000,0.0000]
	対策:[0.0006,0.0007,0.0004,0.0018]
	校舎:[0.0002,0.0000,0.0003,0.0000]
	触れる:[0.0002,0.0000,0.0000,0.0002]
	数学:[0.0000,0.0001,0.0000,0.0000]
	フォロー:[0.0000,0.0000,0.0000,0.0000]
	科目:[0.0000,0.0003,0.0000,0.0000]
	情報:[0.0001,0.0010,0.0000,0.0004]
	深める:[0.0000,0.0001,0.0000,0.0000]
	併用:[0.0000,0.0001,0.0000,0.0001]
	理科:[0.0002,0.0001,0.0003,0.0000]
	落ちる:[0.0002,0.0001,0.0000,0.0002]
	公民:[0.0000,0.0001,0.0000,0.0000]
	性質:[0.0002,0.0016,0.0001,0.0000]
	問題:[0.0011,0.0008,0.0004,0.0005]
	質問:[0.0002,0.0002,0.0003,0.0012]
	国立:[0.0000,0.0003,0.0001,0.0000]
	回す:[0.0004,0.0001,0.0001,0.0014]
	不可能だ:[0.0000,0.0002,0.0002,0.0000]
	的だ:[0.0040,0.0068,0.0016,0.0029]
	場合:[0.0062,0.0488,0.0053,0.0034]
	試験:[0.0000,0.0002,0.0000,0.0000]
	対応:[0.0000,0.0003,0.0000,0.0000]
	持つ:[0.0010,0.0011,0.0001,0.0022]
	必要だ:[0.0019,0.0032,0.0007,0.0029]
	講師:[0.0000,0.0003,0.0000,0.0000]
	短い:[0.0001,0.0002,0.0015,0.0003]
	院生:[0.0000,0.0003,0.0000,0.0000]
	東京:[0.0010,0.0001,0.0013,0.0003]
	センター:[0.0002,0.0003,0.0000,0.0000]
	付ける:[0.0006,0.0002,0.0002,0.0011]
	比べる:[0.0004,0.0017,0.0020,0.0000]
	大学:[0.0008,0.0006,0.0008,0.0000]
	伸ばす:[0.0003,0.0001,0.0001,0.0005]
	強い:[0.0006,0.0008,0.0001,0.0000]
	深い:[0.0002,0.0004,0.0000,0.0000]
	重ねる:[0.0002,0.0001,0.0000,0.0000]
	時間:[0.0005,0.0014,0.0011,0.0005]
	アップ:[0.0009,0.0003,0.0029,0.0003]
	理解:[0.0006,0.0004,0.0001,0.0000]
	本番:[0.0002,0.0000,0.0003,0.0000]
	育つ:[0.0001,0.0001,0.0000,0.0000]
False-Positive

Section:8
	Ｆｌａｇ：：００００
	？大学受験において英語の配点が高いのは、今後のグローバル社会に合わせてという理由ではありません。
	英語の点数が高いことが、中１から高３にかけて一度もサボらなかったことの証明になるからという要素があります。
	逆に言えば、中３高１までさかのぼって英語の勉強を計画的に行えば、伸ばすことは不可能ではありません。
	英語の苦手な浪人生が失敗するのは、初めから大学受験レベルの問題集に取り組むからです。
	失敗例３授業を受けるだけで、伸びなかった
	小学生
	？中高一貫校出身の生徒は関係ありませんが、高校受験を経験した生徒は「もう一度同じことをすれば良いんでしょ？」と１年を過ごし失敗することがあります。
	特に中３のときに塾に通っていた生徒ほど失敗しやすくなります。
	？その理由は高校受験塾がやや過保護すぎることにあります。
	高校には中学生のほぼ全員が進むため、勉強下手な生徒も多くいます。
	そのため塾側が授業、宿題、問題集、自習室の管理を通じて、塾に来るだけである程度得点できるシステムを作り上げています。
	高校受験塾経験者（特に成功組やあまり深く考えずに受験した生徒）は、「もう一度同じことをすれば良いんでしょ？」と予備校や塾の授業を受けることで満足してしまい成績が伸びないことが良くあります。
Score:0.000293148851904
EACH_TAG_SCORE:
	image:6.19124398075e-05
	table:8.15326937316e-05
	graph:6.72649448306e-05
	flow:8.24387735341e-05
PARA:
Clueword:
	失敗:[0.0003,0.0002,0.0000,0.0005]
	成績:[0.0000,0.0000,0.0004,0.0000]
	英語:[0.0001,0.0006,0.0000,0.0000]
	取り組む:[0.0001,0.0002,0.0000,0.0000]
	配点:[0.0000,0.0001,0.0000,0.0000]
	計画:[0.0002,0.0003,0.0005,0.0079]
	社会:[0.0005,0.0001,0.0008,0.0000]
	予備:[0.0000,0.0003,0.0000,0.0000]
	浪人:[0.0001,0.0001,0.0001,0.0000]
	満足:[0.0000,0.0000,0.0000,0.0024]
	勉強:[0.0002,0.0012,0.0004,0.0000]
	多い:[0.0032,0.0042,0.0037,0.0009]
	宿題:[0.0000,0.0001,0.0000,0.0000]
	受ける:[0.0002,0.0006,0.0003,0.0003]
	通ずる:[0.0001,0.0002,0.0000,0.0000]
	生徒:[0.0002,0.0001,0.0006,0.0000]
	今後:[0.0001,0.0002,0.0019,0.0117]
	過ごす:[0.0001,0.0001,0.0000,0.0000]
	要素:[0.0006,0.0004,0.0000,0.0000]
	問題:[0.0011,0.0008,0.0004,0.0005]
	来る:[0.0003,0.0003,0.0000,0.0003]
	言う:[0.0018,0.0015,0.0004,0.0007]
	理由:[0.0004,0.0007,0.0007,0.0002]
	進む:[0.0001,0.0003,0.0004,0.0004]
	レベル:[0.0001,0.0007,0.0001,0.0004]
	特に:[0.0004,0.0005,0.0003,0.0003]
	通う:[0.0002,0.0001,0.0001,0.0000]
	不可能だ:[0.0000,0.0002,0.0002,0.0000]
	自習:[0.0000,0.0001,0.0000,0.0000]
	初め:[0.0001,0.0001,0.0000,0.0000]
	システム:[0.0005,0.0008,0.0000,0.0002]
	点数:[0.0000,0.0001,0.0017,0.0000]
	中高:[0.0000,0.0001,0.0000,0.0000]
	行う:[0.0008,0.0010,0.0002,0.0035]
	関係:[0.0054,0.0042,0.0013,0.0004]
	同じだ:[0.0014,0.0018,0.0010,0.0008]
	一貫:[0.0000,0.0001,0.0000,0.0000]
	高校:[0.0000,0.0005,0.0000,0.0000]
	成功:[0.0002,0.0002,0.0003,0.0002]
	証明:[0.0007,0.0007,0.0002,0.0004]
	出身:[0.0003,0.0001,0.0004,0.0000]
	中学生:[0.0001,0.0001,0.0000,0.0000]
	考える:[0.0017,0.0018,0.0009,0.0005]
	程度:[0.0013,0.0019,0.0022,0.0012]
	苦手だ:[0.0002,0.0003,0.0000,0.0008]
	良い:[0.0015,0.0018,0.0008,0.0014]
	高い:[0.0010,0.0020,0.0121,0.0007]
	大学:[0.0008,0.0006,0.0008,0.0000]
	伸ばす:[0.0003,0.0001,0.0001,0.0005]
	受験:[0.0004,0.0009,0.0005,0.0000]
	深い:[0.0002,0.0004,0.0000,0.0000]
	伸びる:[0.0001,0.0002,0.0001,0.0000]
	全員:[0.0000,0.0002,0.0001,0.0000]
	作る:[0.0015,0.0016,0.0002,0.0027]
	管理:[0.0001,0.0003,0.0000,0.0002]
	上げる:[0.0004,0.0002,0.0005,0.0007]
	的だ:[0.0040,0.0068,0.0016,0.0029]
	逆だ:[0.0005,0.0008,0.0003,0.0002]
	経験:[0.0002,0.0004,0.0002,0.0012]
	授業:[0.0000,0.0003,0.0000,0.0000]
False-Positive

Section:15
	Ｆｌａｇ：：０１００
	関西の場合．．．京産桃山→関関立→同志社
	国立の場合．．．地方国立→都市近郊の国立→旧帝大
	しかし、２番手（ＭＡＲＣＨ等）と最上位（早慶等）の間には勉強量で乗り越えられない壁があることも事実です。
	？早慶、旧帝大、同志社大などの最上位に合格する生徒には以下のような特徴があります。
	・小中学校では、理解できない授業がほとんどなく自然体で上位にいた。
	・苦手科目はあるが、総じて勉強が好き。
	または特に苦にならない。
	・受験勉強を通じて新たな発見があり興味がわくことがよくある。
	・参考書の暗記事項を隠して覚える、チェックペンで覚えるといった受け身の勉強法をほとんど用いず、自分なりの勉強法を見つけつつある。
	・計算（理系）または活字を読むこと（文系）に苦手意識はほとんどない。
	・何も考えずに過ごすことが苦手で、常に考えごとをしてしまう。
	・適度にざわざわした環境よりも、まったくの無音空間のほうが勉強がはかどる。
	？全ての受験生に最上位に合格する可能性があることは否定しませんが、高校や予備校の少なくとも５年以上指導経験がある先生に相談してみることも大切です。
	ただし最上位（早慶等）を狙う生徒が２番手（ＭＡＲＣＨ等）で止まるケースが大半ですので、ひとつ上を本気で目指すことは重要です。
	この項でお話したのは、無謀な受験計画を立てないようにという意味です。
Score:0.000285102917969
EACH_TAG_SCORE:
	image:5.18378707283e-05
	table:0.000162559843586
	graph:3.18893809194e-05
	flow:3.88158227356e-05
PARA:
Clueword:
	チェックペン:[0.0000,0.0001,0.0000,0.0000]
	自然:[0.0001,0.0001,0.0000,0.0003]
	重要だ:[0.0005,0.0010,0.0005,0.0000]
	本気だ:[0.0000,0.0002,0.0000,0.0000]
	意味:[0.0007,0.0006,0.0001,0.0001]
	暗記:[0.0000,0.0002,0.0000,0.0000]
	合格:[0.0003,0.0001,0.0009,0.0000]
	地方:[0.0000,0.0002,0.0001,0.0000]
	文系:[0.0000,0.0001,0.0000,0.0000]
	相談:[0.0002,0.0008,0.0004,0.0002]
	用いる:[0.0003,0.0004,0.0000,0.0000]
	特に:[0.0004,0.0005,0.0003,0.0003]
	読む:[0.0007,0.0004,0.0000,0.0000]
	無謀だ:[0.0000,0.0001,0.0000,0.0000]
	指導:[0.0002,0.0000,0.0003,0.0000]
	早慶:[0.0000,0.0002,0.0000,0.0000]
	全て:[0.0002,0.0001,0.0000,0.0000]
	発見:[0.0002,0.0001,0.0000,0.0000]
	適度だ:[0.0002,0.0002,0.0000,0.0001]
	興味:[0.0001,0.0003,0.0000,0.0000]
	目指す:[0.0000,0.0001,0.0001,0.0000]
	理系:[0.0000,0.0001,0.0000,0.0000]
	ＭＡＲＣＨ:[0.0000,0.0002,0.0000,0.0000]
	環境:[0.0002,0.0006,0.0000,0.0000]
	同志社:[0.0000,0.0001,0.0000,0.0000]
	ケース:[0.0002,0.0050,0.0000,0.0000]
	高校:[0.0000,0.0005,0.0000,0.0000]
	苦手だ:[0.0002,0.0003,0.0000,0.0008]
	可能だ:[0.0008,0.0013,0.0011,0.0011]
	乗り越える:[0.0000,0.0002,0.0000,0.0000]
	常に:[0.0002,0.0002,0.0001,0.0000]
	先生:[0.0000,0.0000,0.0000,0.0001]
	参考:[0.0002,0.0005,0.0000,0.0000]
	考える:[0.0017,0.0018,0.0009,0.0005]
	上位:[0.0020,0.0005,0.0000,0.0000]
	好く:[0.0002,0.0001,0.0000,0.0000]
	事項:[0.0005,0.0005,0.0002,0.0000]
	大切だ:[0.0004,0.0002,0.0002,0.0003]
	見つける:[0.0001,0.0002,0.0000,0.0002]
	止まる:[0.0002,0.0001,0.0002,0.0000]
	生徒:[0.0002,0.0001,0.0006,0.0000]
	覚える:[0.0002,0.0003,0.0000,0.0002]
	関西:[0.0002,0.0001,0.0003,0.0000]
	計画:[0.0002,0.0003,0.0005,0.0079]
	勉強:[0.0002,0.0012,0.0004,0.0000]
	通ずる:[0.0001,0.0002,0.0000,0.0000]
	意識:[0.0001,0.0004,0.0001,0.0008]
	自分:[0.0012,0.0017,0.0009,0.0020]
	何も:[0.0002,0.0003,0.0000,0.0000]
	過ごす:[0.0001,0.0001,0.0000,0.0000]
	受け身だ:[0.0000,0.0001,0.0000,0.0000]
	以下:[0.0034,0.0013,0.0003,0.0018]
	以上:[0.0012,0.0013,0.0020,0.0008]
	少なくとも:[0.0000,0.0001,0.0000,0.0000]
	理解:[0.0006,0.0004,0.0001,0.0000]
	総じて:[0.0000,0.0002,0.0000,0.0000]
	事実:[0.0014,0.0015,0.0000,0.0000]
	国立:[0.0000,0.0003,0.0001,0.0000]
	空間:[0.0001,0.0004,0.0002,0.0000]
	中学校:[0.0000,0.0002,0.0000,0.0000]
	場合:[0.0062,0.0488,0.0053,0.0034]
	計算:[0.0001,0.0003,0.0008,0.0002]
	特徴:[0.0027,0.0136,0.0002,0.0000]
	予備:[0.0000,0.0003,0.0000,0.0000]
	立てる:[0.0002,0.0001,0.0006,0.0004]
	都市:[0.0000,0.0008,0.0002,0.0002]
	狙う:[0.0001,0.0001,0.0000,0.0000]
	隠す:[0.0000,0.0001,0.0000,0.0000]
	経験:[0.0002,0.0004,0.0002,0.0012]
	授業:[0.0000,0.0003,0.0000,0.0000]
	新ただ:[0.0000,0.0002,0.0000,0.0000]
	受験:[0.0004,0.0009,0.0005,0.0000]
	活字:[0.0000,0.0001,0.0000,0.0000]
	科目:[0.0000,0.0003,0.0000,0.0000]
	番手:[0.0000,0.0002,0.0000,0.0000]
	近郊:[0.0000,0.0002,0.0000,0.0000]
	大半:[0.0001,0.0001,0.0000,0.0000]
True-Positive

Section:5
	Ｆｌａｇ：：００１０
	？【１】夜２２時ごろで勉強を打ち切ること
	後がない浪人生は不安からつい深夜まで勉強をしてしまいます。
	しかし２２時以降は人体の体内時計（時計遺伝子）が作動してリラックスモード（＝副交感神経優位）に自動的に入ります。
	この時間に机に向かっていると、脳は覚醒物質を出して作業を継続させようとします。
	わかりやすくいえばカフェイン入りのドリンク剤を飲みながら勉強をしているのに近い状況です。
	これは「偽の集中力」ということができ、実際の学力は伸びてこないことが多くなります。
	どんなに絶好調だと感じても必ず２２時には勉強を打ち切って、２３時の就寝を目指すことがカギになります。
	２３時に就寝すると６時頃に目が覚めやすくなります。
	なお休日の「寝だめ」は効果がないばかりか大きく調子を崩すことにつながります。
	少しゆっくりしたくても、＋２時間の睡眠（６時に起きる習慣がある人は、８時）が限度となります。
Score:0.000234335611956
EACH_TAG_SCORE:
	image:5.82663087308e-05
	table:6.91349835955e-05
	graph:5.76128036426e-05
	flow:4.93215159873e-05
PARA:
Clueword:
	学力:[0.0000,0.0001,0.0001,0.0000]
	浪人:[0.0001,0.0001,0.0001,0.0000]
	感じる:[0.0014,0.0012,0.0004,0.0005]
	ドリンク:[0.0000,0.0000,0.0001,0.0000]
	物質:[0.0001,0.0003,0.0001,0.0002]
	休日:[0.0001,0.0000,0.0001,0.0000]
	以降:[0.0001,0.0001,0.0024,0.0027]
	勉強:[0.0002,0.0012,0.0004,0.0000]
	調子:[0.0000,0.0000,0.0001,0.0000]
	起きる:[0.0004,0.0002,0.0003,0.0018]
	出す:[0.0010,0.0010,0.0004,0.0009]
	状況:[0.0004,0.0024,0.0005,0.0003]
	就寝:[0.0000,0.0000,0.0003,0.0000]
	時計:[0.0003,0.0000,0.0003,0.0002]
	限度:[0.0000,0.0000,0.0001,0.0000]
	必ず:[0.0004,0.0003,0.0003,0.0005]
	交感神経:[0.0000,0.0000,0.0001,0.0000]
	崩す:[0.0000,0.0000,0.0001,0.0000]
	打ち切る:[0.0000,0.0000,0.0001,0.0000]
	入る:[0.0014,0.0006,0.0003,0.0012]
	入り:[0.0001,0.0001,0.0003,0.0000]
	向かう:[0.0001,0.0001,0.0001,0.0002]
	睡眠:[0.0000,0.0002,0.0001,0.0000]
	継続:[0.0000,0.0001,0.0001,0.0004]
	近い:[0.0016,0.0006,0.0003,0.0000]
	作業:[0.0003,0.0002,0.0001,0.0017]
	目指す:[0.0000,0.0001,0.0001,0.0000]
	絶好調だ:[0.0000,0.0000,0.0001,0.0000]
	実際:[0.0004,0.0002,0.0008,0.0006]
	深夜:[0.0000,0.0000,0.0001,0.0000]
	多い:[0.0032,0.0042,0.0037,0.0009]
	的だ:[0.0040,0.0068,0.0016,0.0029]
	習慣:[0.0001,0.0001,0.0002,0.0000]
	寝る:[0.0001,0.0000,0.0001,0.0000]
	覚める:[0.0000,0.0000,0.0001,0.0000]
	カフェイン:[0.0000,0.0000,0.0001,0.0000]
	大きい:[0.0025,0.0015,0.0035,0.0022]
	優位だ:[0.0000,0.0000,0.0001,0.0000]
	効果:[0.0015,0.0021,0.0006,0.0000]
	作動:[0.0000,0.0000,0.0001,0.0000]
	モード:[0.0003,0.0001,0.0001,0.0001]
	遺伝子:[0.0002,0.0006,0.0001,0.0000]
	リラックス:[0.0001,0.0001,0.0001,0.0000]
	飲む:[0.0004,0.0003,0.0001,0.0008]
	時間:[0.0005,0.0014,0.0011,0.0005]
	伸びる:[0.0001,0.0002,0.0001,0.0000]
	覚醒:[0.0000,0.0000,0.0001,0.0000]
	少し:[0.0014,0.0007,0.0002,0.0008]
	自動:[0.0001,0.0002,0.0001,0.0000]
	カギ:[0.0002,0.0000,0.0001,0.0000]
	不安だ:[0.0002,0.0001,0.0009,0.0002]
	集中:[0.0002,0.0002,0.0001,0.0000]
	人体:[0.0000,0.0001,0.0001,0.0002]
True-Positive

Section:16
	Ｆｌａｇ：：００００
	失敗例８３００時間勉強する前にギブアップする
	マラソン
	？勉強、資格、ビジネスなどあらゆるものごとは最初の１０００時間を越えることで見える世界が変わると言われています。
	例えば運動神経ゼロの高校生が、夏休みに１日８時間本気で練習に取り組めば、９月には苦手意識がなくなり次の段階が見えるようになっています。
	？受験の教科に関しては、予備校講師と大学受験総括責任者を経験した筆者の感覚から言えば「３００時間」が苦手脱出のめどになります。
	例えば数学が苦手で浪人をしてしまったなら、３月に１日１０時間数学の勉強に取り組んでみてください。
	４月には数学の問題が「楽しい」または「それほど苦でない」というレベルに必ず上がります。
	失敗例９４月からまたは夏から本格始動する
	子どもベンチ森
	？予備校の授業が４月からであるため、４月から勉強を始動しようという人がいます。
	失敗例８で説明したように、３月の１ヶ月だけで苦手科目をひとつ克服できるだけの勉強時間が取れます。
	３月に休む人の言い分はたいてい「猛勉強したから充電をしたい」となりますが、１８歳前後の人間の脳は１年半程度の猛勉強の連続には簡単に耐えます（２浪目の場合は１ヶ月休ませても良い）。
	浪人が決まったその日からスタートするのが当然です。
	？浪人しても１学期をマイペースで流し、夏以降（ひどいと９月以降）に本格的なモードに切り替える人がいます。
	多くの受験生は遅くとも４月に完全なスタートを切っていますので、夏以降の本格スタートは論外となります。
	【まとめ】「浪人生」９つの失敗例を予備校講師が指摘
	失敗例１夜型生活になり伸びなかった
	失敗例２英語が伸びなかった
	失敗例３授業を受けるだけで、伸びなかった
	失敗例４大学に進んだ同級生と遊んでしまった
	失敗例５理科、数学の質問環境がなかった
	失敗例６文系数学と理系国語で失敗
	失敗例７早慶や旧帝大の壁を破れなかった
	失敗例８３００時間勉強する前にギブアップする
	失敗例９４月からまたは夏から本格始動する
Score:0.000231164720804
EACH_TAG_SCORE:
	image:4.68486594122e-05
	table:0.000101065973194
	graph:4.26720384436e-05
	flow:4.05780497548e-05
PARA:
Clueword:
	資格:[0.0001,0.0004,0.0000,0.0000]
	早慶:[0.0000,0.0002,0.0000,0.0000]
	指摘:[0.0000,0.0000,0.0000,0.0016]
	予備:[0.0000,0.0003,0.0000,0.0000]
	本気だ:[0.0000,0.0002,0.0000,0.0000]
	浪人:[0.0001,0.0001,0.0001,0.0000]
	遊ぶ:[0.0001,0.0001,0.0000,0.0000]
	文系:[0.0000,0.0001,0.0000,0.0000]
	人間:[0.0002,0.0001,0.0000,0.0001]
	言う:[0.0018,0.0015,0.0004,0.0007]
	次の:[0.0002,0.0008,0.0000,0.0022]
	簡単だ:[0.0004,0.0006,0.0002,0.0009]
	勉強:[0.0002,0.0012,0.0004,0.0000]
	必ず:[0.0004,0.0003,0.0003,0.0005]
	英語:[0.0001,0.0006,0.0000,0.0000]
	ヶ月:[0.0001,0.0001,0.0000,0.0002]
	変わる:[0.0004,0.0007,0.0007,0.0005]
	理系:[0.0000,0.0001,0.0000,0.0000]
	レベル:[0.0001,0.0007,0.0001,0.0004]
	多く:[0.0009,0.0007,0.0064,0.0001]
	当然だ:[0.0001,0.0001,0.0000,0.0000]
	環境:[0.0002,0.0006,0.0000,0.0000]
	進む:[0.0001,0.0003,0.0004,0.0004]
	ビジネス:[0.0008,0.0005,0.0000,0.0001]
	高校:[0.0000,0.0005,0.0000,0.0000]
	質問:[0.0002,0.0002,0.0003,0.0012]
	程度:[0.0013,0.0019,0.0022,0.0012]
	苦手だ:[0.0002,0.0003,0.0000,0.0008]
	遅い:[0.0001,0.0001,0.0000,0.0000]
	良い:[0.0015,0.0018,0.0008,0.0014]
	スタート:[0.0001,0.0001,0.0000,0.0009]
	流す:[0.0005,0.0001,0.0000,0.0006]
	伸びる:[0.0001,0.0002,0.0001,0.0000]
	ベンチ:[0.0000,0.0000,0.0000,0.0000]
	最初だ:[0.0004,0.0001,0.0000,0.0004]
	関する:[0.0001,0.0002,0.0002,0.0001]
	受験:[0.0004,0.0009,0.0005,0.0000]
	感覚:[0.0001,0.0000,0.0000,0.0000]
	失敗:[0.0003,0.0002,0.0000,0.0005]
	完全だ:[0.0001,0.0000,0.0001,0.0000]
	説明:[0.0004,0.0007,0.0001,0.0001]
	練習:[0.0004,0.0003,0.0000,0.0000]
	取り組む:[0.0001,0.0002,0.0000,0.0000]
	教科:[0.0000,0.0003,0.0000,0.0000]
	以降:[0.0001,0.0001,0.0024,0.0027]
	同級生:[0.0000,0.0001,0.0002,0.0000]
	前後:[0.0016,0.0009,0.0056,0.0037]
	国語:[0.0000,0.0002,0.0000,0.0000]
	克服:[0.0000,0.0001,0.0000,0.0000]
	連続:[0.0000,0.0002,0.0000,0.0000]
	数学:[0.0000,0.0001,0.0000,0.0000]
	意識:[0.0001,0.0004,0.0001,0.0008]
	決まる:[0.0000,0.0002,0.0002,0.0000]
	理科:[0.0002,0.0001,0.0003,0.0000]
	例えば:[0.0074,0.0011,0.0004,0.0004]
	世界:[0.0007,0.0010,0.0010,0.0010]
	問題:[0.0011,0.0008,0.0004,0.0005]
	楽しい:[0.0000,0.0001,0.0001,0.0000]
	休む:[0.0001,0.0001,0.0003,0.0000]
	上がる:[0.0003,0.0003,0.0007,0.0008]
	子ども:[0.0000,0.0001,0.0006,0.0000]
	的だ:[0.0040,0.0068,0.0016,0.0029]
	場合:[0.0062,0.0488,0.0053,0.0034]
	取れる:[0.0003,0.0001,0.0000,0.0000]
	生活:[0.0006,0.0005,0.0002,0.0000]
	見える:[0.0010,0.0007,0.0002,0.0012]
	受ける:[0.0002,0.0006,0.0003,0.0003]
	講師:[0.0000,0.0003,0.0000,0.0000]
	マイ:[0.0001,0.0000,0.0000,0.0000]
	経験:[0.0002,0.0004,0.0002,0.0012]
	モード:[0.0003,0.0001,0.0001,0.0001]
	大学:[0.0008,0.0006,0.0008,0.0000]
	神経:[0.0002,0.0001,0.0002,0.0000]
	時間:[0.0005,0.0014,0.0011,0.0005]
	ゼロ:[0.0001,0.0001,0.0003,0.0000]
	切る:[0.0004,0.0003,0.0002,0.0001]
	科目:[0.0000,0.0003,0.0000,0.0000]
	耐える:[0.0000,0.0000,0.0001,0.0000]
	ペース:[0.0001,0.0001,0.0002,0.0000]
	段階:[0.0002,0.0002,0.0001,0.0000]
	運動:[0.0000,0.0001,0.0000,0.0000]
	授業:[0.0000,0.0003,0.0000,0.0000]
	責任:[0.0004,0.0004,0.0000,0.0000]
False-Positive

Section:9
	Ｆｌａｇ：：０１００
	高校受験塾の授業．．．最低限ノートをしっかり取り、宿題をこなせば、定着まで塾が保証する（自分で内容を考え抜き、勉強法に工夫を凝らす時間はない）
	大学受験予備校・塾の授業．．．授業の役割はペースメーカー、きっかけ作り、入試情報提供。
	どの教科も深くなってゆくため本当の理解の場は自習室となる。
Score:0.000229177692456
EACH_TAG_SCORE:
	image:5.40149631464e-05
	table:0.000101541706962
	graph:3.83803190206e-05
	flow:3.52407033269e-05
PARA:
Clueword:
	予備:[0.0000,0.0003,0.0000,0.0000]
	ノート:[0.0000,0.0001,0.0000,0.0000]
	取る:[0.0009,0.0012,0.0003,0.0001]
	定着:[0.0000,0.0001,0.0000,0.0000]
	自習:[0.0000,0.0001,0.0000,0.0000]
	教科:[0.0000,0.0003,0.0000,0.0000]
	抜く:[0.0001,0.0001,0.0000,0.0003]
	作り:[0.0001,0.0001,0.0001,0.0000]
	提供:[0.0000,0.0003,0.0000,0.0005]
	本当だ:[0.0000,0.0002,0.0000,0.0000]
	高校:[0.0000,0.0005,0.0000,0.0000]
	勉強:[0.0002,0.0012,0.0004,0.0000]
	ペースメーカー:[0.0000,0.0001,0.0000,0.0000]
	宿題:[0.0000,0.0001,0.0000,0.0000]
	自分:[0.0012,0.0017,0.0009,0.0020]
	情報:[0.0001,0.0010,0.0000,0.0004]
	凝らす:[0.0000,0.0001,0.0000,0.0000]
	入試:[0.0002,0.0001,0.0003,0.0000]
	工夫:[0.0001,0.0002,0.0002,0.0000]
	考える:[0.0017,0.0018,0.0009,0.0005]
	最低:[0.0001,0.0002,0.0001,0.0002]
	受験:[0.0004,0.0009,0.0005,0.0000]
	深い:[0.0002,0.0004,0.0000,0.0000]
	時間:[0.0005,0.0014,0.0011,0.0005]
	役割:[0.0000,0.0001,0.0000,0.0000]
	大学:[0.0008,0.0006,0.0008,0.0000]
	保証:[0.0000,0.0001,0.0001,0.0000]
	理解:[0.0006,0.0004,0.0001,0.0000]
	内容:[0.0010,0.0018,0.0002,0.0009]
	授業:[0.0000,0.0003,0.0000,0.0000]
True-Positive

Section:1
	Ｆｌａｇ：：００００
	失敗例１夜型生活になり伸びなかった
	夜の月
Score:8.25191105087e-05
EACH_TAG_SCORE:
	image:3.01395217641e-05
	table:2.68552110869e-05
	graph:9.52597002706e-06
	flow:1.59984076306e-05
PARA:
Clueword:
	失敗:[0.0003,0.0002,0.0000,0.0005]
	生活:[0.0006,0.0005,0.0002,0.0000]
	伸びる:[0.0001,0.0002,0.0001,0.0000]
False-Positive

True-Negative:0
False-Positive:8
True-Positive:8
False-Negative:0
precision = 0.500000
recall = 1.000000
fvalue = 0.666667