Section:5
	Ｆｌａｇ：：００００
	このギャンブルの契約書を「証券化」し、世界中の政府・銀行に売り付けたリーマン・ブラザース。
	そして、ゴールドマン・サックス、リーマン・ブラザースは、ニューヨーク・ダウの先物を、徹底的に「共同し、売り」、ダウは１１０００ドルを「超えない」。
Score:0.000295234360194
EACH_TAG_SCORE:
	image:5.92972951601e-05
	table:9.04795481797e-05
	graph:3.83526509321e-05
	flow:0.000107104865923
PARA:
Clueword:
	証券:[0.0003,0.0004,0.0005,0.0000]
	的だ:[0.0040,0.0068,0.0016,0.0029]
	ドル:[0.0001,0.0005,0.0000,0.0000]
	サックス:[0.0000,0.0001,0.0000,0.0000]
	契約:[0.0013,0.0012,0.0000,0.0042]
	ブラザース:[0.0000,0.0001,0.0000,0.0010]
	リーマン:[0.0000,0.0001,0.0000,0.0010]
	付ける:[0.0006,0.0002,0.0002,0.0011]
	世界:[0.0007,0.0010,0.0010,0.0010]
	銀行:[0.0000,0.0004,0.0006,0.0003]
	超える:[0.0001,0.0002,0.0000,0.0004]
	売る:[0.0005,0.0001,0.0008,0.0014]
	政府:[0.0000,0.0000,0.0004,0.0003]
	ダウ:[0.0000,0.0001,0.0000,0.0000]
	マン:[0.0000,0.0001,0.0000,0.0000]
	ゴールド:[0.0000,0.0003,0.0000,0.0000]
	徹底:[0.0000,0.0002,0.0000,0.0000]
	ニューヨーク:[0.0000,0.0001,0.0000,0.0000]
False-Positive

Section:2
	Ｆｌａｇ：：１０００
	リンカーンは、戦争にかかる費用と、戦争に勝利し、南部の財産を略奪した際の利益を、比較し、戦争を起こすことで利益が得られるか、どうかの「損益対照表」を事前に作る、スパイが本業であった。
	リンカーンは、「南北戦争を起こし、南部の財産を略奪し、金儲けしよう」とは、公言できなかったため、南部の黒人奴隷制度を廃止するという大義名分を掲げた。
	この「戦争ビジネス・マン」リンカーンの軍事物資の調達会社＝軍事産業であった、
Score:0.000267233671014
EACH_TAG_SCORE:
	image:3.93023455716e-05
	table:8.2504995246e-05
	graph:9.69411565022e-05
	flow:4.84851736942e-05
PARA:
Clueword:
	財産:[0.0002,0.0000,0.0000,0.0000]
	制度:[0.0000,0.0003,0.0000,0.0000]
	略奪:[0.0001,0.0000,0.0000,0.0000]
	スパイ:[0.0000,0.0000,0.0000,0.0002]
	得る:[0.0003,0.0004,0.0002,0.0003]
	金儲け:[0.0000,0.0000,0.0000,0.0002]
	軍事:[0.0001,0.0000,0.0000,0.0003]
	ビジネス:[0.0008,0.0005,0.0000,0.0001]
	作る:[0.0015,0.0016,0.0002,0.0027]
	大義:[0.0000,0.0000,0.0000,0.0000]
	対照:[0.0000,0.0000,0.0000,0.0000]
	産業:[0.0000,0.0001,0.0000,0.0000]
	調達:[0.0000,0.0000,0.0000,0.0007]
	会社:[0.0012,0.0018,0.0010,0.0019]
	事前:[0.0001,0.0000,0.0002,0.0000]
	損益:[0.0000,0.0001,0.0000,0.0000]
	起こす:[0.0006,0.0006,0.0002,0.0002]
	物資:[0.0000,0.0000,0.0000,0.0003]
	奴隷:[0.0000,0.0000,0.0000,0.0000]
	掲げる:[0.0002,0.0000,0.0001,0.0000]
	公言:[0.0000,0.0000,0.0000,0.0000]
	廃止:[0.0000,0.0000,0.0000,0.0000]
	黒人:[0.0000,0.0000,0.0000,0.0000]
	南北:[0.0000,0.0000,0.0000,0.0005]
	南部:[0.0001,0.0000,0.0000,0.0010]
	費用:[0.0003,0.0005,0.0011,0.0004]
	名分:[0.0000,0.0000,0.0000,0.0000]
	本業:[0.0000,0.0000,0.0000,0.0000]
	利益:[0.0003,0.0001,0.0054,0.0002]
	表:[0.0000,0.0005,0.0000,0.0000]
	戦争:[0.0002,0.0000,0.0000,0.0010]
	勝利:[0.0000,0.0000,0.0000,0.0000]
	比較:[0.0015,0.0114,0.0125,0.0005]
	リンカーン:[0.0001,0.0000,0.0000,0.0000]
	マン:[0.0000,0.0001,0.0000,0.0000]
True-Positive

Section:1
	Ｆｌａｇ：：００００
	ヨーロッパ金融危機はゴールドマン・サックスと、リーマン・ブラザースが仕組んだ筋書き。
	以下は、ｗａｎｔｏｎのブログ
	リンクからの引用です。
	２１世紀、世界大不況の、本当の、原因
	２０１１年現在の、世界不況・金融恐慌を引き起こし、倒産した銀行リーマン・ブラザーズ。
	現在、ヨーロッパ各国政府が倒産の危機に立たされている、
	ヨーロッパ金融危機の「正体」は、この世界金融恐慌である。
	デリバティヴ・ヘッジファンドといったギャンブ？ル投機によって、世界中の銀行・政府に、多額の借金を背負わせ、自身も倒産し、人類全体を大不況と、第３次世界大戦の危機に直面させ、姿を消した、リーマン・ブラザース。
	このリーマン・ブラザースは、元々、アメリカ南北戦争の際、北軍＝エイブラハム・リンカーンの勢力の「軍需物資」の調達会社であった。
	このリンカーン本人が、アメリカ政府の諜報・スパイ組織に育成された「スパイ」であり、南部に潜入活動を繰り返していた「スパイ」であった事は、良く知られている。
	リンカーンの目的は、アメリカ南部に潜入し、南部の地下資源、農場等の資産を「査定」し、南北戦争を起こし、南部の資産を北部が「略奪」すれば、その利益が、どれくらいになるか「事前に調査する事であった」。
Score:0.00014014392996
EACH_TAG_SCORE:
	image:2.99205809623e-05
	table:2.82466434966e-05
	graph:2.85447465579e-05
	flow:5.34319589428e-05
PARA:
Clueword:
	資源:[0.0000,0.0000,0.0002,0.0000]
	リンク:[0.0001,0.0000,0.0000,0.0000]
	サックス:[0.0000,0.0001,0.0000,0.0000]
	元々:[0.0000,0.0000,0.0000,0.0036]
	調査:[0.0001,0.0002,0.0004,0.0000]
	ヘッジ:[0.0000,0.0000,0.0000,0.0002]
	不況:[0.0000,0.0000,0.0000,0.0002]
	本当だ:[0.0000,0.0002,0.0000,0.0000]
	調達:[0.0000,0.0000,0.0000,0.0007]
	借金:[0.0001,0.0000,0.0001,0.0001]
	正体:[0.0001,0.0000,0.0000,0.0008]
	資産:[0.0001,0.0003,0.0003,0.0004]
	本人:[0.0001,0.0001,0.0000,0.0002]
	世界:[0.0007,0.0010,0.0010,0.0010]
	引き起こす:[0.0002,0.0000,0.0000,0.0003]
	危機:[0.0000,0.0000,0.0001,0.0000]
	現在:[0.0004,0.0006,0.0004,0.0018]
	起こす:[0.0006,0.0006,0.0002,0.0002]
	アメリカ:[0.0003,0.0000,0.0004,0.0002]
	政府:[0.0000,0.0000,0.0004,0.0003]
	以下:[0.0034,0.0013,0.0003,0.0018]
	ゴールド:[0.0000,0.0003,0.0000,0.0000]
	潜入:[0.0000,0.0000,0.0000,0.0003]
	全体:[0.0012,0.0004,0.0005,0.0018]
	戦争:[0.0002,0.0000,0.0000,0.0010]
	略奪:[0.0001,0.0000,0.0000,0.0000]
	スパイ:[0.0000,0.0000,0.0000,0.0002]
	自身:[0.0001,0.0002,0.0000,0.0000]
	デリバティヴ:[0.0000,0.0000,0.0000,0.0002]
	地下:[0.0000,0.0000,0.0000,0.0000]
	組織:[0.0001,0.0003,0.0000,0.0000]
	繰り返す:[0.0003,0.0003,0.0000,0.0000]
	諜報:[0.0000,0.0000,0.0000,0.0002]
	査定:[0.0001,0.0001,0.0000,0.0002]
	人類:[0.0002,0.0001,0.0004,0.0000]
	事前:[0.0001,0.0000,0.0002,0.0000]
	南部:[0.0001,0.0000,0.0000,0.0010]
	仕組む:[0.0002,0.0001,0.0000,0.0008]
	利益:[0.0003,0.0001,0.0054,0.0002]
	ブラザース:[0.0000,0.0001,0.0000,0.0010]
	金融:[0.0000,0.0001,0.0002,0.0003]
	リーマン:[0.0000,0.0001,0.0000,0.0010]
	世紀:[0.0000,0.0002,0.0000,0.0000]
	会社:[0.0012,0.0018,0.0010,0.0019]
	消す:[0.0006,0.0000,0.0000,0.0009]
	立つ:[0.0005,0.0005,0.0005,0.0012]
	良い:[0.0015,0.0018,0.0008,0.0014]
	目的:[0.0005,0.0012,0.0000,0.0002]
	物資:[0.0000,0.0000,0.0000,0.0003]
	銀行:[0.0000,0.0004,0.0006,0.0003]
	直面:[0.0001,0.0000,0.0001,0.0000]
	南北:[0.0000,0.0000,0.0000,0.0005]
	活動:[0.0001,0.0001,0.0002,0.0002]
	知る:[0.0009,0.0009,0.0008,0.0004]
	マン:[0.0000,0.0001,0.0000,0.0000]
	ヨーロッパ:[0.0000,0.0001,0.0000,0.0009]
	リンカーン:[0.0001,0.0000,0.0000,0.0000]
	ファンド:[0.0000,0.0000,0.0000,0.0002]
	原因:[0.0012,0.0019,0.0009,0.0007]
False-Positive

Section:6
	Ｆｌａｇ：：００００
	リーマン・ブラザースは、１０００兆円損をし、倒産する。
	１０００兆円分の「証券」を買っていた世界中の政府・銀行が、累計１０００兆円の損失を出し、倒産の危機に追い込まれる。
	このギャンブル投機に勝利した、ゴールドマン・サックスは、１０００兆円の利益を得る。
	この「利益」が、世界大不況の原因である。
	大量の失業者、第３次世界大戦の危機の原因である。
	そして誰も、ゴールドマン・サックスと、リーマン・ブラザースが、「事実上、同一の会社」であった事を指摘しない。
	ゴールドマン・サックスが、ニューヨーク・ダウの先物を大量に売り浴びせ、ダウが１１０００ドルを「超えない」＝ゴールドマン・サックスの勝利を生み出したその先物の売買の資金を、ゴールドマン・サックスに与えていたのは、リーマン・ブラザース本人である。
	リーマン・ブラザースは倒産して姿を消す。
	姿を消したものは、誰も非難出来ない。
	「自己責任で、倒産し、ギャンブル投機の責任を取った」、と評される。
	南軍と戦争を行う北軍の「味方」をしつつ、敵軍に兵器と資金を提供していた、リーマン・ブラザース。
	南軍と、北軍は、資金源と兵器の供給源が「同一」であった。
	ゴールドマン・サックスと、ギャンブル投機で戦争を行う「敵」であったはずのリーマン・ブラザースが、ゴールドマン・サックスに資金を提供していた。
	ゴールドマン・サックス＝リーマン・ブラザースは、資金供給源が、「同一」であった。
	ゴールドマン・サックスは、１０００兆円を、「持ち逃げした」。
	その１０００兆円の赤字で、世界中の政府・銀行が、倒産しつつある。
	現在、倒産したリーマン・ブラザースの、旧経営陣は、「別の名前の、新しい会社を作り」ギャンブル投機を再開している。
	この旧経営陣の「新しい」ギャンブル投機会社は、
	当然、ゴールドマン・サックスのビジネスパートナー・企業である。
Score:0.000120402453941
EACH_TAG_SCORE:
	image:2.44079979937e-05
	table:2.79455288112e-05
	graph:2.758537838e-05
	flow:4.04635487565e-05
PARA:
Clueword:
	企業:[0.0002,0.0006,0.0003,0.0016]
	サックス:[0.0000,0.0001,0.0000,0.0000]
	同一だ:[0.0000,0.0000,0.0000,0.0000]
	別だ:[0.0002,0.0005,0.0000,0.0000]
	ニューヨーク:[0.0000,0.0001,0.0000,0.0000]
	生む:[0.0001,0.0002,0.0002,0.0002]
	買う:[0.0002,0.0002,0.0005,0.0009]
	不況:[0.0000,0.0000,0.0000,0.0002]
	ビジネス:[0.0008,0.0005,0.0000,0.0001]
	出す:[0.0010,0.0010,0.0004,0.0009]
	供給:[0.0000,0.0000,0.0004,0.0000]
	資金:[0.0002,0.0001,0.0003,0.0002]
	得る:[0.0003,0.0004,0.0002,0.0003]
	危機:[0.0000,0.0000,0.0001,0.0000]
	当然:[0.0001,0.0001,0.0000,0.0000]
	経営:[0.0000,0.0002,0.0000,0.0000]
	指摘:[0.0000,0.0000,0.0000,0.0016]
	超える:[0.0001,0.0002,0.0000,0.0004]
	政府:[0.0000,0.0000,0.0004,0.0003]
	ゴールド:[0.0000,0.0003,0.0000,0.0000]
	兵器:[0.0000,0.0000,0.0000,0.0007]
	出来る:[0.0005,0.0006,0.0002,0.0003]
	戦争:[0.0002,0.0000,0.0000,0.0010]
	事実:[0.0014,0.0015,0.0000,0.0000]
	損だ:[0.0001,0.0001,0.0002,0.0000]
	取る:[0.0009,0.0012,0.0003,0.0001]
	世界:[0.0007,0.0010,0.0010,0.0010]
	大量だ:[0.0000,0.0001,0.0000,0.0000]
	証券:[0.0003,0.0004,0.0005,0.0000]
	再開:[0.0000,0.0000,0.0000,0.0001]
	提供:[0.0000,0.0003,0.0000,0.0005]
	作る:[0.0015,0.0016,0.0002,0.0027]
	名前:[0.0007,0.0005,0.0000,0.0013]
	与える:[0.0003,0.0002,0.0001,0.0005]
	１０００兆:[0.0000,0.0001,0.0000,0.0000]
	追う:[0.0001,0.0002,0.0000,0.0000]
	込む:[0.0014,0.0008,0.0005,0.0009]
	ブラザース:[0.0000,0.0001,0.0000,0.0010]
	リーマン:[0.0000,0.0001,0.0000,0.0010]
	行う:[0.0008,0.0010,0.0002,0.0035]
	消す:[0.0006,0.0000,0.0000,0.0009]
	ドル:[0.0001,0.0005,0.0000,0.0000]
	自己:[0.0002,0.0003,0.0003,0.0000]
	銀行:[0.0000,0.0004,0.0006,0.0003]
	新しい:[0.0002,0.0002,0.0001,0.0006]
	損失:[0.0002,0.0010,0.0051,0.0000]
	赤字:[0.0001,0.0000,0.0009,0.0001]
	売る:[0.0005,0.0001,0.0008,0.0014]
	現在:[0.0004,0.0006,0.0004,0.0018]
	売買:[0.0014,0.0008,0.0005,0.0027]
	ダウ:[0.0000,0.0001,0.0000,0.0000]
	勝利:[0.0000,0.0000,0.0000,0.0000]
	マン:[0.0000,0.0001,0.0000,0.0000]
	本人:[0.0001,0.0001,0.0000,0.0002]
	会社:[0.0012,0.0018,0.0010,0.0019]
	利益:[0.0003,0.0001,0.0054,0.0002]
	責任:[0.0004,0.0004,0.0000,0.0000]
	原因:[0.0012,0.0019,0.0009,0.0007]
False-Positive

Section:3
	Ｆｌａｇ：：０００１
	リーマン・ブラザースは、南北戦争の最中、北軍の兵士が着用する軍服を製造するための綿花の調達に東奔西走した。
	南部が綿花の大産地であったため、南部を敵にした戦争では綿花の調達が困難になった。
	リーマン・ブラザースは、南部に潜入し、南部の軍人・農民を「金で買収し」、綿花を買い付け、さらに不足する物資を、ヨーロッパに出向き、買い付け、ヨーロッパの商社からインド産の綿花、また、火薬・銃器を買い付け、北軍に提供した。
	南軍＝敵軍に潜入し、敵軍を買収し、物資を調達する、スパイ活動・諜報工作を専門とする、軍事商社が、リーマン・ブラザースであった。
	そして、アメリカの内乱＝南北の対立・戦争に乗じ、「金儲け」しようとするヨーロッパの武器商人＝戦争商人の先兵が、軍事商社リーマン・ブラザースであった。
	同時に、南部の軍人を買収し資金を提供し、南軍の兵器調達の費用をリーマン・ブラザースが提供し、南軍にヨーロッパ製の兵器を売りつけ、その利益で南部の綿花を買い付け、その綿花を北軍に売り、さらに同時に、北軍「にも」ヨーロッパ製の兵器を売りつける。
	南北軍の戦争を、アオリ、両者に兵器を売りつける、戦争商人が、リーマン・ブラザースであった。
	２０１１年、世界中を大不況に陥らせた、デリバティヴ・ヘッジファンド取引には、必ず、買い手と売り手が存在する。
Score:8.76115780878e-05
EACH_TAG_SCORE:
	image:1.1467950931e-05
	table:9.74880682068e-06
	graph:2.24328369849e-05
	flow:4.39619833512e-05
PARA:
Clueword:
	専門:[0.0005,0.0004,0.0005,0.0002]
	金儲け:[0.0000,0.0000,0.0000,0.0002]
	取引:[0.0004,0.0002,0.0006,0.0004]
	ヘッジ:[0.0000,0.0000,0.0000,0.0002]
	買う:[0.0002,0.0002,0.0005,0.0009]
	存在:[0.0009,0.0006,0.0005,0.0007]
	両者:[0.0000,0.0000,0.0000,0.0002]
	活動:[0.0001,0.0001,0.0002,0.0002]
	軍服:[0.0000,0.0000,0.0000,0.0002]
	調達:[0.0000,0.0000,0.0000,0.0007]
	最中:[0.0000,0.0000,0.0000,0.0002]
	工作:[0.0000,0.0000,0.0000,0.0002]
	困難だ:[0.0000,0.0001,0.0001,0.0002]
	内乱:[0.0000,0.0000,0.0000,0.0002]
	物資:[0.0000,0.0000,0.0000,0.0003]
	付ける:[0.0006,0.0002,0.0002,0.0011]
	資金:[0.0002,0.0001,0.0003,0.0002]
	世界:[0.0007,0.0010,0.0010,0.0010]
	アメリカ:[0.0003,0.0000,0.0004,0.0002]
	不足:[0.0001,0.0001,0.0002,0.0002]
	必ず:[0.0004,0.0003,0.0003,0.0005]
	商人:[0.0000,0.0000,0.0000,0.0005]
	費用:[0.0003,0.0005,0.0011,0.0004]
	陥る:[0.0000,0.0000,0.0000,0.0002]
	商社:[0.0000,0.0000,0.0000,0.0005]
	出向く:[0.0000,0.0000,0.0000,0.0002]
	潜入:[0.0000,0.0000,0.0000,0.0003]
	兵器:[0.0000,0.0000,0.0000,0.0007]
	戦争:[0.0002,0.0000,0.0000,0.0010]
	乗ずる:[0.0000,0.0000,0.0000,0.0002]
	農民:[0.0000,0.0000,0.0000,0.0002]
	買い手:[0.0002,0.0003,0.0002,0.0005]
	スパイ:[0.0000,0.0000,0.0000,0.0002]
	アオリ:[0.0000,0.0000,0.0000,0.0002]
	デリバティヴ:[0.0000,0.0000,0.0000,0.0002]
	製造:[0.0000,0.0002,0.0005,0.0002]
	産地:[0.0000,0.0000,0.0000,0.0002]
	軍人:[0.0000,0.0000,0.0000,0.0003]
	銃器:[0.0000,0.0001,0.0000,0.0002]
	買収:[0.0000,0.0000,0.0000,0.0005]
	軍事:[0.0001,0.0000,0.0000,0.0003]
	南部:[0.0001,0.0000,0.0000,0.0010]
	対立:[0.0000,0.0000,0.0000,0.0002]
	ブラザース:[0.0000,0.0001,0.0000,0.0010]
	火薬:[0.0000,0.0000,0.0000,0.0002]
	リーマン:[0.0000,0.0001,0.0000,0.0010]
	ファンド:[0.0000,0.0000,0.0000,0.0002]
	先兵:[0.0000,0.0000,0.0000,0.0002]
	綿花:[0.0000,0.0000,0.0000,0.0012]
	インド:[0.0000,0.0000,0.0000,0.0002]
	武器:[0.0000,0.0001,0.0000,0.0002]
	不況:[0.0000,0.0000,0.0000,0.0002]
	同時に:[0.0001,0.0001,0.0000,0.0007]
	売り手:[0.0001,0.0001,0.0000,0.0002]
	売る:[0.0005,0.0001,0.0008,0.0014]
	南北:[0.0000,0.0000,0.0000,0.0005]
	提供:[0.0000,0.0003,0.0000,0.0005]
	着用:[0.0002,0.0001,0.0000,0.0003]
	諜報:[0.0000,0.0000,0.0000,0.0002]
	利益:[0.0003,0.0001,0.0054,0.0002]
	ヨーロッパ:[0.0000,0.0001,0.0000,0.0009]
	兵士:[0.0000,0.0000,0.0000,0.0002]
True-Positive

Section:4
	Ｆｌａｇ：：０１００
	ニューヨークのダウが、１１０００ドルを「超える」に、１０００兆円賭けるリーマン・ブラザースと、「超えない」に、１０００兆円賭ける銀行ゴールドマン・サックス。
Score:6.22097795664e-05
EACH_TAG_SCORE:
	image:3.36476302337e-06
	table:2.11614155949e-05
	graph:6.43586924569e-06
	flow:3.12477317025e-05
PARA:
Clueword:
	サックス:[0.0000,0.0001,0.0000,0.0000]
	賭ける:[0.0000,0.0001,0.0000,0.0000]
	銀行:[0.0000,0.0004,0.0006,0.0003]
	ニューヨーク:[0.0000,0.0001,0.0000,0.0000]
	ドル:[0.0001,0.0005,0.0000,0.0000]
	超える:[0.0001,0.0002,0.0000,0.0004]
	ダウ:[0.0000,0.0001,0.0000,0.0000]
	マン:[0.0000,0.0001,0.0000,0.0000]
	ゴールド:[0.0000,0.0003,0.0000,0.0000]
	１０００兆:[0.0000,0.0001,0.0000,0.0000]
	ブラザース:[0.0000,0.0001,0.0000,0.0010]
	リーマン:[0.0000,0.0001,0.0000,0.0010]
True-Positive

True-Negative:0
False-Positive:3
True-Positive:3
False-Negative:0
precision = 0.500000
recall = 1.000000
fvalue = 0.666667