Section:3
	Ｆｌａｇ：：００００
	さて本当に？
	昔私も後輪駆動が前輪駆動よりも優れていると思っていた時期もありましたけど、今となってはドリフト以外で優れた点を見つけるのは難しいです。
	というか、比較することには余り意味がないんですね。
	よく出来た車かそうでないか、それだけが問題でしょう。
Score:0.00356496538203
EACH_TAG_SCORE:
	image:0.000981120203416
	table:0.00104624673515
	graph:0.000685734801531
	flow:0.000851863641931
PARA:
Clueword:
	駆動:[0.0004,0.0002,0.0000,0.0002]
	いう:[0.0059,0.0048,0.0034,0.0042]
	後輪:[0.0004,0.0002,0.0000,0.0001]
	前輪:[0.0001,0.0000,0.0000,0.0001]
	より:[0.0022,0.0013,0.0003,0.0013]
	意味:[0.0005,0.0005,0.0001,0.0001]
	ます:[0.0231,0.0273,0.0228,0.0151]
	時期:[0.0001,0.0003,0.0000,0.0088]
	んだ:[0.0003,0.0006,0.0002,0.0003]
	本当だ:[0.0001,0.0000,0.0000,0.0000]
	です:[0.0012,0.0010,0.0005,0.0006]
	だけ:[0.0014,0.0013,0.0014,0.0007]
	なる:[0.0108,0.0091,0.0074,0.0069]
	する:[0.0382,0.0384,0.0461,0.0182]
	いる:[0.0126,0.0131,0.0081,0.0100]
	ある:[0.0114,0.0105,0.0052,0.0037]
	比較:[0.0083,0.0011,0.0003,0.0104]
	ない:[0.0106,0.0085,0.0077,0.0062]
	思う:[0.0011,0.0021,0.0027,0.0005]
	見つける:[0.0001,0.0000,0.0001,0.0000]
	けど:[0.0003,0.0002,0.0000,0.0000]
	さて:[0.0000,0.0001,0.0000,0.0001]
	優れる:[0.0003,0.0001,0.0000,0.0000]
	問題:[0.0005,0.0008,0.0003,0.0003]
	こと:[0.0098,0.0094,0.0087,0.0051]
	出来る:[0.0004,0.0004,0.0002,0.0001]
	以外:[0.0017,0.0016,0.0001,0.0001]
	難しい:[0.0003,0.0005,0.0001,0.0002]
	よく:[0.0000,0.0001,0.0000,0.0000]
False-Positive

Section:12
	Ｆｌａｇ：：００００
	最近は、電子制御で高度化した４ＷＤ（４輪駆動）もたくさんあり、自動車の世界もますます奥深くなっています。
	ボクは今まで、ＦＲ車と４ＷＤ車を持っていましたが、もちろん仕事や友人の車などでＦＦ車にもたくさん乗りました。
	またいずれ、そういう話もしてみたいと思います。
Score:0.00278920717919
EACH_TAG_SCORE:
	image:0.00080763565265
	table:0.00078666915024
	graph:0.000453121800719
	flow:0.000741780575576
PARA:
Clueword:
	制御:[0.0001,0.0001,0.0000,0.0000]
	駆動:[0.0004,0.0002,0.0000,0.0002]
	たくさんだ:[0.0001,0.0002,0.0003,0.0000]
	世界:[0.0007,0.0005,0.0008,0.0008]
	ます:[0.0231,0.0273,0.0228,0.0151]
	たい:[0.0013,0.0013,0.0014,0.0010]
	持つ:[0.0008,0.0008,0.0014,0.0001]
	いずれ:[0.0000,0.0001,0.0001,0.0001]
	みる:[0.0012,0.0014,0.0005,0.0011]
	仕事:[0.0003,0.0003,0.0005,0.0003]
	なる:[0.0108,0.0091,0.0074,0.0069]
	まで:[0.0020,0.0015,0.0016,0.0015]
	する:[0.0382,0.0384,0.0461,0.0182]
	いる:[0.0126,0.0131,0.0081,0.0100]
	自動車:[0.0001,0.0000,0.0001,0.0000]
	乗る:[0.0000,0.0001,0.0000,0.0000]
	ある:[0.0114,0.0105,0.0052,0.0037]
	最近:[0.0003,0.0002,0.0019,0.0018]
	など:[0.0054,0.0053,0.0021,0.0019]
	思う:[0.0011,0.0021,0.0027,0.0005]
	電子:[0.0001,0.0000,0.0000,0.0000]
	高度だ:[0.0000,0.0000,0.0000,0.0001]
	また:[0.0013,0.0021,0.0018,0.0011]
	たくさん:[0.0001,0.0000,0.0000,0.0000]
	もちろん:[0.0003,0.0001,0.0005,0.0000]
False-Positive

Section:6
	Ｆｌａｇ：：００００
	後輪駆動の特徴
	前回の、その１、では、ＦＦのお話をしました。
	前輪駆動が現在の多くの乗用車で採用されるメリットとは
	知っている人にとってはわかりきった話を、超初心者向けに書いてみましたがいかがでしょうか。
	今回は、ＦＲ編です。
	その１を読んでいない人は先に読んでおいてくださいね〜。
	では、先にイラストを貼ります。
	（略）
Score:0.00228779549352
EACH_TAG_SCORE:
	image:0.000630611670968
	table:0.000692502584613
	graph:0.000385517153433
	flow:0.000579164084502
PARA:
Clueword:
	今回:[0.0001,0.0001,0.0002,0.0004]
	メリット:[0.0046,0.0002,0.0000,0.0000]
	駆動:[0.0004,0.0002,0.0000,0.0002]
	採用:[0.0001,0.0002,0.0000,0.0002]
	後輪:[0.0004,0.0002,0.0000,0.0001]
	前輪:[0.0001,0.0000,0.0000,0.0001]
	イラスト:[0.0000,0.0001,0.0000,0.0000]
	では:[0.0002,0.0002,0.0001,0.0000]
	特徴:[0.0101,0.0020,0.0000,0.0002]
	読む:[0.0003,0.0005,0.0000,0.0000]
	向け:[0.0003,0.0000,0.0000,0.0001]
	ます:[0.0231,0.0273,0.0228,0.0151]
	書く:[0.0018,0.0008,0.0006,0.0001]
	多く:[0.0005,0.0006,0.0001,0.0054]
	初心:[0.0003,0.0002,0.0002,0.0001]
	れる:[0.0089,0.0087,0.0070,0.0045]
	きる:[0.0006,0.0002,0.0001,0.0001]
	とる:[0.0004,0.0007,0.0005,0.0001]
	みる:[0.0012,0.0014,0.0005,0.0011]
	する:[0.0382,0.0384,0.0461,0.0182]
	いる:[0.0126,0.0131,0.0081,0.0100]
	現在:[0.0004,0.0003,0.0014,0.0003]
	くださる:[0.0005,0.0014,0.0021,0.0009]
	知る:[0.0007,0.0006,0.0002,0.0007]
	おく:[0.0014,0.0010,0.0010,0.0012]
	ない:[0.0106,0.0085,0.0077,0.0062]
	わかる:[0.0006,0.0009,0.0004,0.0002]
	前回:[0.0001,0.0000,0.0000,0.0003]
False-Positive

Section:2
	Ｆｌａｇ：：１０００
	ＢＭＷのクルマは全て、車体前部に縦に置かれたエンジンから生み出されるパワーをリア・ホイールへと伝達させます。
	ＢＭＷ１シリーズも例外ではありません。
	後輪駆動方式は伝統的なＢＭＷの特徴であり、魅力的な走り、優れたトラクション、安心できるハンドリングを実現する大事な要素なのです。
	後輪駆動の有効性は、荷物を積むほど高まります。
	前輪を駆動するクルマでは、満載状態になると前車軸への荷重が減少して、トラクションに悪影響を及ぼします。
	ＢＭＷ１シリーズならば、このようなことは起こりません。
Score:0.00191651369172
EACH_TAG_SCORE:
	image:0.000541639048149
	table:0.000585709259539
	graph:0.000311880385696
	flow:0.00047728499834
PARA:
Clueword:
	駆動:[0.0004,0.0002,0.0000,0.0002]
	ホイール:[0.0000,0.0000,0.0000,0.0000]
	起こる:[0.0004,0.0004,0.0000,0.0005]
	魅力:[0.0003,0.0000,0.0000,0.0000]
	生む:[0.0001,0.0001,0.0001,0.0002]
	できる:[0.0045,0.0045,0.0023,0.0015]
	積む:[0.0000,0.0000,0.0000,0.0004]
	れる:[0.0089,0.0087,0.0070,0.0045]
	出す:[0.0007,0.0008,0.0006,0.0003]
	なる:[0.0108,0.0091,0.0074,0.0069]
	及ぼす:[0.0000,0.0000,0.0000,0.0000]
	伝達:[0.0000,0.0001,0.0000,0.0000]
	する:[0.0382,0.0384,0.0461,0.0182]
	要素:[0.0003,0.0004,0.0000,0.0000]
	シリーズ:[0.0000,0.0001,0.0000,0.0001]
	こと:[0.0098,0.0094,0.0087,0.0051]
	大事だ:[0.0001,0.0001,0.0000,0.0000]
	前輪:[0.0001,0.0000,0.0000,0.0001]
	全て:[0.0001,0.0001,0.0000,0.0000]
	優れる:[0.0003,0.0001,0.0000,0.0000]
	伝統:[0.0000,0.0000,0.0000,0.0000]
	荷重:[0.0000,0.0000,0.0000,0.0000]
	パワー:[0.0000,0.0000,0.0000,0.0000]
	減少:[0.0000,0.0000,0.0000,0.0090]
	置く:[0.0002,0.0007,0.0005,0.0003]
	後輪:[0.0004,0.0002,0.0000,0.0001]
	車体:[0.0000,0.0005,0.0000,0.0001]
	影響:[0.0004,0.0006,0.0005,0.0007]
	的だ:[0.0050,0.0029,0.0019,0.0013]
	安心:[0.0001,0.0002,0.0000,0.0001]
	特徴:[0.0101,0.0020,0.0000,0.0002]
	リア:[0.0000,0.0000,0.0000,0.0000]
	ます:[0.0231,0.0273,0.0228,0.0151]
	のだ:[0.0071,0.0069,0.0054,0.0039]
	から:[0.0058,0.0059,0.0058,0.0033]
	クルマ:[0.0001,0.0002,0.0000,0.0001]
	エンジン:[0.0002,0.0005,0.0000,0.0002]
	有効だ:[0.0003,0.0000,0.0001,0.0000]
	荷物:[0.0004,0.0000,0.0000,0.0000]
	前部:[0.0000,0.0000,0.0000,0.0000]
	せる:[0.0005,0.0017,0.0030,0.0006]
	走る:[0.0001,0.0002,0.0000,0.0002]
	ほど:[0.0009,0.0005,0.0000,0.0003]
	ある:[0.0114,0.0105,0.0052,0.0037]
	実現:[0.0002,0.0001,0.0001,0.0001]
	方式:[0.0012,0.0000,0.0000,0.0000]
	状態:[0.0028,0.0009,0.0013,0.0006]
	例外:[0.0002,0.0001,0.0000,0.0000]
True-Positive

Section:1
	Ｆｌａｇ：：００００
	後輪駆動式は前輪駆動式よりも優れている
	ＢＭＷＪａｐａｎ
	ＢＭＷでは常識ですが．．．コンパクト・セグメントでは初めてのＦＲ（フロントエンジン＋後輪駆動）
	ＢＭＷのクルマは全て、車体前部に縦に置かれたエンジンから生み出されるパワーをリア・ホイールへと伝達させます。
	ＢＭＷ１シリーズも例外ではありません。
	後輪駆動方式は伝統的なＢＭＷの特徴であり、魅力的な走り、優れたトラクション、安心できるハンドリングを実現する大事な要素なのです。
	後輪駆動の有効性は、荷物を積むほど高まります。
	前輪を駆動するクルマでは、満載状態になると前車軸への荷重が減少して、トラクションに悪影響を及ぼします。
	ＢＭＷ１シリーズならば、このようなことは起こりません。
Score:0.00161515583287
EACH_TAG_SCORE:
	image:0.000458976827511
	table:0.00049308698593
	graph:0.00027292784144
	flow:0.000390164177994
PARA:
Clueword:
	駆動:[0.0004,0.0002,0.0000,0.0002]
	ホイール:[0.0000,0.0000,0.0000,0.0000]
	より:[0.0022,0.0013,0.0003,0.0013]
	起こる:[0.0004,0.0004,0.0000,0.0005]
	フロント:[0.0000,0.0000,0.0000,0.0001]
	生む:[0.0001,0.0001,0.0001,0.0002]
	できる:[0.0045,0.0045,0.0023,0.0015]
	積む:[0.0000,0.0000,0.0000,0.0004]
	初めて:[0.0000,0.0002,0.0000,0.0000]
	れる:[0.0089,0.0087,0.0070,0.0045]
	出す:[0.0007,0.0008,0.0006,0.0003]
	なる:[0.0108,0.0091,0.0074,0.0069]
	及ぼす:[0.0000,0.0000,0.0000,0.0000]
	伝達:[0.0000,0.0001,0.0000,0.0000]
	する:[0.0382,0.0384,0.0461,0.0182]
	いる:[0.0126,0.0131,0.0081,0.0100]
	シリーズ:[0.0000,0.0001,0.0000,0.0001]
	こと:[0.0098,0.0094,0.0087,0.0051]
	大事だ:[0.0001,0.0001,0.0000,0.0000]
	車体:[0.0000,0.0005,0.0000,0.0001]
	全て:[0.0001,0.0001,0.0000,0.0000]
	優れる:[0.0003,0.0001,0.0000,0.0000]
	要素:[0.0003,0.0004,0.0000,0.0000]
	伝統:[0.0000,0.0000,0.0000,0.0000]
	荷重:[0.0000,0.0000,0.0000,0.0000]
	パワー:[0.0000,0.0000,0.0000,0.0000]
	減少:[0.0000,0.0000,0.0000,0.0090]
	魅力:[0.0003,0.0000,0.0000,0.0000]
	置く:[0.0002,0.0007,0.0005,0.0003]
	後輪:[0.0004,0.0002,0.0000,0.0001]
	前輪:[0.0001,0.0000,0.0000,0.0001]
	影響:[0.0004,0.0006,0.0005,0.0007]
	安心:[0.0001,0.0002,0.0000,0.0001]
	特徴:[0.0101,0.0020,0.0000,0.0002]
	リア:[0.0000,0.0000,0.0000,0.0000]
	ます:[0.0231,0.0273,0.0228,0.0151]
	のだ:[0.0071,0.0069,0.0054,0.0039]
	から:[0.0058,0.0059,0.0058,0.0033]
	セグメント:[0.0000,0.0001,0.0000,0.0000]
	クルマ:[0.0001,0.0002,0.0000,0.0001]
	エンジン:[0.0002,0.0005,0.0000,0.0002]
	状態:[0.0028,0.0009,0.0013,0.0006]
	有効だ:[0.0003,0.0000,0.0001,0.0000]
	荷物:[0.0004,0.0000,0.0000,0.0000]
	ある:[0.0114,0.0105,0.0052,0.0037]
	コンパクト:[0.0000,0.0000,0.0000,0.0000]
	せる:[0.0005,0.0017,0.0030,0.0006]
	走る:[0.0001,0.0002,0.0000,0.0002]
	ほど:[0.0009,0.0005,0.0000,0.0003]
	実現:[0.0002,0.0001,0.0001,0.0001]
	方式:[0.0012,0.0000,0.0000,0.0000]
	的だ:[0.0050,0.0029,0.0019,0.0013]
	常識:[0.0000,0.0000,0.0000,0.0000]
	例外:[0.0002,0.0001,0.0000,0.0000]
	前部:[0.0000,0.0000,0.0000,0.0000]
False-Positive

Section:11
	Ｆｌａｇ：：０１００
	なお、高級車＝ＦＲという話になりましたが、スポーツカーの世界でも後輪駆動が主流です。
	Ｆ１などのレーシングカーはＭＲですし、前回も書いたようにポルシェの代表車種はＲＲです。
	フェラーリもランボルギーニもＭＲです。
	エンジンの置き場所こそ違えど、駆動輪はみんな後輪です。
	レーシングにおいては自動車のバランスは非常に重要です。
	ＦＦ車はどうしてもクルマの前部が重くなりますが、後輪駆動車は前後のバランスが均等に近くなります。
	また後輪駆動のほうがアンダーステアが発生しにくい（オーバーステアが発生しやすい）ので、コーナーを曲がることが重視されるレースの世界では重宝されます。
Score:0.00159267011122
EACH_TAG_SCORE:
	image:0.000455112849185
	table:0.000454567116822
	graph:0.000277405202013
	flow:0.000405584943203
PARA:
Clueword:
	駆動:[0.0004,0.0002,0.0000,0.0002]
	にくい:[0.0010,0.0008,0.0004,0.0001]
	重要だ:[0.0007,0.0004,0.0000,0.0004]
	レース:[0.0000,0.0000,0.0000,0.0000]
	代表:[0.0003,0.0002,0.0000,0.0000]
	どうしても:[0.0001,0.0001,0.0000,0.0001]
	コーナー:[0.0000,0.0001,0.0000,0.0000]
	非常だ:[0.0006,0.0005,0.0000,0.0002]
	均等だ:[0.0000,0.0000,0.0000,0.0000]
	前後:[0.0007,0.0012,0.0026,0.0047]
	れる:[0.0089,0.0087,0.0070,0.0045]
	オーバーステア:[0.0000,0.0000,0.0000,0.0000]
	フェラーリ:[0.0000,0.0000,0.0000,0.0000]
	なる:[0.0108,0.0091,0.0074,0.0069]
	する:[0.0382,0.0384,0.0461,0.0182]
	曲がる:[0.0000,0.0001,0.0000,0.0000]
	自動車:[0.0001,0.0000,0.0001,0.0000]
	世界:[0.0007,0.0005,0.0008,0.0008]
	ランボルギーニ:[0.0000,0.0000,0.0000,0.0000]
	前部:[0.0000,0.0000,0.0000,0.0000]
	こと:[0.0098,0.0094,0.0087,0.0051]
	高級だ:[0.0002,0.0001,0.0000,0.0000]
	バランス:[0.0003,0.0020,0.0002,0.0055]
	重い:[0.0004,0.0000,0.0000,0.0000]
	置き場:[0.0000,0.0000,0.0000,0.0000]
	みんな:[0.0002,0.0001,0.0000,0.0000]
	こそ:[0.0000,0.0000,0.0000,0.0000]
	おく:[0.0014,0.0010,0.0010,0.0012]
	レーシングカー:[0.0000,0.0000,0.0000,0.0000]
	近い:[0.0004,0.0012,0.0000,0.0003]
	ようだ:[0.0040,0.0046,0.0063,0.0016]
	前回:[0.0001,0.0000,0.0000,0.0003]
	ポルシェ:[0.0001,0.0000,0.0000,0.0000]
	いう:[0.0059,0.0048,0.0034,0.0042]
	後輪:[0.0004,0.0002,0.0000,0.0001]
	ます:[0.0231,0.0273,0.0228,0.0151]
	書く:[0.0018,0.0008,0.0006,0.0001]
	また:[0.0013,0.0021,0.0018,0.0011]
	のだ:[0.0071,0.0069,0.0054,0.0039]
	スポーツカー:[0.0001,0.0000,0.0000,0.0000]
	クルマ:[0.0001,0.0002,0.0000,0.0001]
	主流:[0.0001,0.0008,0.0000,0.0008]
	重視:[0.0003,0.0001,0.0000,0.0000]
	重宝:[0.0001,0.0000,0.0000,0.0000]
	エンジン:[0.0002,0.0005,0.0000,0.0002]
	ほう:[0.0006,0.0001,0.0000,0.0001]
	など:[0.0054,0.0053,0.0021,0.0019]
	アンダーステア:[0.0000,0.0000,0.0000,0.0000]
	車種:[0.0000,0.0000,0.0000,0.0000]
	発生:[0.0006,0.0007,0.0008,0.0007]
	でも:[0.0029,0.0018,0.0004,0.0017]
	なお:[0.0003,0.0003,0.0002,0.0001]
	やすい:[0.0029,0.0024,0.0011,0.0006]
	違う:[0.0011,0.0009,0.0003,0.0008]
	レーシング:[0.0000,0.0000,0.0000,0.0000]
True-Positive

Section:10
	Ｆｌａｇ：：００００
	そう考えると、ＦＲというのはメリットとデメリットの両面から考えても、高級車に採用されやすい、ということになるわけです。
	トヨタのクラウンや日産のＦＵＧＡ、メルセデス・ベンツの大部分やＢＭＷやジャガーなど、高級車では軒並みＦＲが採用されています。
	そんな中、前回も冒頭で書きましたが、ホンダというのは、ほとんどＦＦ専業メーカーと言ってもよく、最高級セダンであるレジェンドにもＦＦが採用されています。
	ホンダはおそらくＦＦの高級車でも売れると思って出したんだと思いますが、やはりマーケットにはほとんど受け入れられませんでした。
	トヨタのクラウンが毎月数千台規模で売れるのに対し、ホンダのレジェンドは数百台かそれ以下です。
	今後、ＦＲの製造ラインを持たないホンダがレジェンドをどうして行くのか、ちょっと注目したいところです。
Score:0.00155158143577
EACH_TAG_SCORE:
	image:0.000436256418519
	table:0.000466066409174
	graph:0.000254506379249
	flow:0.000394752228824
PARA:
Clueword:
	冒頭:[0.0000,0.0000,0.0000,0.0001]
	持つ:[0.0008,0.0008,0.0014,0.0001]
	れる:[0.0089,0.0087,0.0070,0.0045]
	受け入れる:[0.0001,0.0000,0.0000,0.0000]
	出す:[0.0007,0.0008,0.0006,0.0003]
	なる:[0.0108,0.0091,0.0074,0.0069]
	たい:[0.0013,0.0013,0.0014,0.0010]
	毎月:[0.0001,0.0000,0.0000,0.0000]
	する:[0.0382,0.0384,0.0461,0.0182]
	両面:[0.0004,0.0000,0.0000,0.0000]
	いる:[0.0126,0.0131,0.0081,0.0100]
	今後:[0.0002,0.0001,0.0076,0.0016]
	こと:[0.0098,0.0094,0.0087,0.0051]
	注目:[0.0002,0.0000,0.0000,0.0002]
	高級だ:[0.0002,0.0001,0.0000,0.0000]
	わけだ:[0.0004,0.0003,0.0000,0.0001]
	ほとんど:[0.0006,0.0007,0.0001,0.0018]
	以下:[0.0010,0.0025,0.0011,0.0002]
	前回:[0.0001,0.0000,0.0000,0.0003]
	メリット:[0.0046,0.0002,0.0000,0.0000]
	売れる:[0.0001,0.0000,0.0001,0.0001]
	いう:[0.0059,0.0048,0.0034,0.0042]
	採用:[0.0001,0.0002,0.0000,0.0002]
	ところ:[0.0010,0.0004,0.0004,0.0007]
	製造:[0.0002,0.0000,0.0001,0.0004]
	言う:[0.0010,0.0013,0.0005,0.0004]
	んだ:[0.0003,0.0006,0.0002,0.0003]
	ます:[0.0231,0.0273,0.0228,0.0151]
	書く:[0.0018,0.0008,0.0006,0.0001]
	のだ:[0.0071,0.0069,0.0054,0.0039]
	クラウン:[0.0000,0.0000,0.0000,0.0000]
	から:[0.0058,0.0059,0.0058,0.0033]
	トヨタ:[0.0000,0.0000,0.0000,0.0005]
	ライン:[0.0001,0.0003,0.0001,0.0001]
	デメリット:[0.0044,0.0006,0.0000,0.0001]
	ちょっと:[0.0002,0.0001,0.0000,0.0003]
	対する:[0.0009,0.0005,0.0003,0.0000]
	考える:[0.0013,0.0013,0.0004,0.0007]
	られる:[0.0027,0.0025,0.0013,0.0015]
	規模:[0.0002,0.0002,0.0000,0.0003]
	ない:[0.0106,0.0085,0.0077,0.0062]
	など:[0.0054,0.0053,0.0021,0.0019]
	メーカー:[0.0001,0.0001,0.0005,0.0000]
	よい:[0.0014,0.0014,0.0004,0.0004]
	やはり:[0.0002,0.0001,0.0000,0.0000]
	最高だ:[0.0000,0.0001,0.0000,0.0001]
	ベンツ:[0.0000,0.0000,0.0000,0.0000]
	思う:[0.0011,0.0021,0.0027,0.0005]
	でも:[0.0029,0.0018,0.0004,0.0017]
	行く:[0.0006,0.0004,0.0002,0.0002]
	やすい:[0.0029,0.0024,0.0011,0.0006]
False-Positive

Section:9
	Ｆｌａｇ：：１０００
	ＦＦと違ってＦＲではエンジンの動力をシャフトを使って後輪に伝える必要があります。
	ＦＦよりも大がかりなので、比較的故障する確率は高いと言えます。
	ＦＦではエンジンが横置きなので、クルマの室内が広く取れるというメリットがありました。
	逆にＦＲではエンジンが縦置きなので、室内を広くするためには、結局、クルマ自体を大きくするしかありません。
	するとエンジンの回転方向をタイヤに対して９０度の向きで置く必要が出てきます。
	これをシャフトでクルマの後部に伝え、そこでギアを使って再び向きを９０度変えて後輪を回すわけです。
Score:0.001522536206
EACH_TAG_SCORE:
	image:0.000415716008956
	table:0.000437634260696
	graph:0.000311780959071
	flow:0.000357404977281
PARA:
Clueword:
	置く:[0.0002,0.0007,0.0005,0.0003]
	いう:[0.0059,0.0048,0.0034,0.0042]
	後輪:[0.0004,0.0002,0.0000,0.0001]
	する:[0.0382,0.0384,0.0461,0.0182]
	広い:[0.0002,0.0004,0.0001,0.0002]
	より:[0.0022,0.0013,0.0003,0.0013]
	故障:[0.0000,0.0000,0.0000,0.0000]
	しか:[0.0006,0.0007,0.0000,0.0011]
	再び:[0.0000,0.0001,0.0002,0.0000]
	メリット:[0.0046,0.0002,0.0000,0.0000]
	ます:[0.0231,0.0273,0.0228,0.0151]
	取れる:[0.0001,0.0002,0.0000,0.0000]
	大がかりだ:[0.0000,0.0000,0.0000,0.0000]
	くる:[0.0012,0.0017,0.0007,0.0011]
	動力:[0.0000,0.0001,0.0000,0.0000]
	のだ:[0.0071,0.0069,0.0054,0.0039]
	ギア:[0.0000,0.0000,0.0000,0.0000]
	確率:[0.0004,0.0001,0.0000,0.0110]
	タイヤ:[0.0000,0.0005,0.0000,0.0000]
	クルマ:[0.0001,0.0002,0.0000,0.0001]
	結局:[0.0000,0.0000,0.0000,0.0001]
	回す:[0.0001,0.0003,0.0009,0.0001]
	比較的:[0.0045,0.0005,0.0000,0.0028]
	エンジン:[0.0002,0.0005,0.0000,0.0002]
	大きい:[0.0011,0.0018,0.0014,0.0029]
	向く:[0.0001,0.0003,0.0002,0.0001]
	自体:[0.0004,0.0004,0.0000,0.0000]
	後部:[0.0000,0.0002,0.0001,0.0000]
	対する:[0.0009,0.0005,0.0003,0.0000]
	必要だ:[0.0024,0.0014,0.0019,0.0006]
	高い:[0.0015,0.0007,0.0005,0.0101]
	ある:[0.0114,0.0105,0.0052,0.0037]
	言える:[0.0002,0.0002,0.0000,0.0003]
	伝える:[0.0003,0.0005,0.0001,0.0002]
	わけだ:[0.0004,0.0003,0.0000,0.0001]
	シャフト:[0.0000,0.0001,0.0000,0.0001]
	ため:[0.0030,0.0033,0.0027,0.0025]
	出る:[0.0010,0.0008,0.0004,0.0006]
	すると:[0.0000,0.0001,0.0001,0.0000]
	逆だ:[0.0006,0.0003,0.0001,0.0003]
	変える:[0.0002,0.0002,0.0000,0.0001]
	方向:[0.0000,0.0003,0.0001,0.0000]
	使う:[0.0029,0.0025,0.0010,0.0006]
	回転:[0.0000,0.0001,0.0003,0.0000]
	違う:[0.0011,0.0009,0.0003,0.0008]
True-Positive

Section:4
	Ｆｌａｇ：：０１００
	後輪駆動の問題点はスペース効率が悪い、重量配分がせいぜい５０：５０にしかならないところです。
	後輪駆動なのですから、本来はもっと後輪に対して重量配分したいところなのですがそれが出来ない。
	それは重いエンジンとトランスミッションが前にあるからです。
	トランスアクスルでリアヘビーにするなどの努力もありますが、スペース効率が犠牲になります。
	これが成立するのはスポーツカーだけでしょう。
	ミッドシップにすれば後輪に荷重をかけられますが、さらにスペースを圧迫してしまいますのでやはりスポーツカーでしか成立しません。
	人や荷物を効率よく載せたいのなら前輪駆動が良いです。
	世界初の前輪駆動を採用したＭＩＮＩはあのサイズで４人乗れ、しかもラリーで後輪駆動のポルシェをぶっちぎって３年連続優勝した経歴もあります。
Score:0.00129420975002
EACH_TAG_SCORE:
	image:0.000370401084782
	table:0.000381432563359
	graph:0.000211965941415
	flow:0.000330410160461
PARA:
Clueword:
	もっと:[0.0001,0.0001,0.0000,0.0000]
	駆動:[0.0004,0.0002,0.0000,0.0002]
	載せる:[0.0000,0.0000,0.0000,0.0000]
	しか:[0.0006,0.0007,0.0000,0.0011]
	ぶっ:[0.0000,0.0000,0.0000,0.0000]
	ヘビー:[0.0000,0.0000,0.0000,0.0000]
	優勝:[0.0000,0.0000,0.0000,0.0000]
	しかも:[0.0000,0.0000,0.0000,0.0000]
	です:[0.0012,0.0010,0.0005,0.0006]
	連続:[0.0001,0.0000,0.0000,0.0000]
	しまう:[0.0018,0.0023,0.0025,0.0012]
	なら:[0.0020,0.0012,0.0003,0.0013]
	なる:[0.0108,0.0091,0.0074,0.0069]
	たい:[0.0013,0.0013,0.0014,0.0010]
	する:[0.0382,0.0384,0.0461,0.0182]
	ラリー:[0.0000,0.0000,0.0000,0.0000]
	さらに:[0.0005,0.0007,0.0031,0.0008]
	悪い:[0.0006,0.0002,0.0001,0.0005]
	ちぎる:[0.0000,0.0000,0.0000,0.0000]
	前輪:[0.0001,0.0000,0.0000,0.0001]
	圧迫:[0.0000,0.0000,0.0000,0.0000]
	トランス:[0.0002,0.0002,0.0000,0.0000]
	乗れる:[0.0000,0.0000,0.0000,0.0000]
	重い:[0.0004,0.0000,0.0000,0.0000]
	問題:[0.0005,0.0008,0.0003,0.0003]
	せいぜい:[0.0000,0.0000,0.0000,0.0000]
	荷重:[0.0000,0.0000,0.0000,0.0000]
	効率:[0.0002,0.0001,0.0001,0.0008]
	だけ:[0.0014,0.0013,0.0014,0.0007]
	出来る:[0.0004,0.0004,0.0002,0.0001]
	重量:[0.0003,0.0000,0.0000,0.0001]
	サイズ:[0.0001,0.0007,0.0001,0.0000]
	採用:[0.0001,0.0002,0.0000,0.0002]
	後輪:[0.0004,0.0002,0.0000,0.0001]
	ところ:[0.0010,0.0004,0.0004,0.0007]
	犠牲:[0.0001,0.0000,0.0000,0.0001]
	リア:[0.0000,0.0000,0.0000,0.0000]
	ます:[0.0231,0.0273,0.0228,0.0151]
	配分:[0.0001,0.0001,0.0000,0.0028]
	のだ:[0.0071,0.0069,0.0054,0.0039]
	スポーツカー:[0.0001,0.0000,0.0000,0.0000]
	から:[0.0058,0.0059,0.0058,0.0033]
	エンジン:[0.0002,0.0005,0.0000,0.0002]
	経歴:[0.0000,0.0000,0.0000,0.0000]
	対する:[0.0009,0.0005,0.0003,0.0000]
	世界:[0.0007,0.0005,0.0008,0.0008]
	良い:[0.0013,0.0011,0.0010,0.0006]
	られる:[0.0027,0.0025,0.0013,0.0015]
	荷物:[0.0004,0.0000,0.0000,0.0000]
	など:[0.0054,0.0053,0.0021,0.0019]
	ミッション:[0.0000,0.0000,0.0000,0.0000]
	かける:[0.0005,0.0008,0.0007,0.0003]
	ある:[0.0114,0.0105,0.0052,0.0037]
	よい:[0.0014,0.0014,0.0004,0.0004]
	やはり:[0.0002,0.0001,0.0000,0.0000]
	本来:[0.0001,0.0001,0.0000,0.0000]
	努力:[0.0001,0.0000,0.0000,0.0000]
	ポルシェ:[0.0001,0.0000,0.0000,0.0000]
	ミッドシップ:[0.0000,0.0000,0.0000,0.0000]
	トランスアクスル:[0.0000,0.0000,0.0000,0.0000]
	スペース:[0.0001,0.0001,0.0001,0.0000]
	ない:[0.0106,0.0085,0.0077,0.0062]
	成立:[0.0001,0.0001,0.0001,0.0000]
True-Positive

Section:7
	Ｆｌａｇ：：１０００
	まず、おさらいですが、ＦＲというのは前（Ｆｒｏｎｔ）にエンジンがあって、後ろ（Ｒｅａｒ）のタイヤが回るということでしたよね。
	上のイラストの左半分を見てもらえばわかるように、ＦＦと違って、ＦＲではエンジンは縦置きです。
	そのエンジンから、長いパイプ（これをドライブシャフトと言います）が伸びていて、後ろのタイヤに動力を伝えて、後ろのタイヤが回るようになっています。
	クラウンやベンツのような高級車やタクシーに乗ったときに、後部座席の足元の真ん中が盛り上がっていますよね。
	あれがシャフトの通り道です。
	当然ながら、ＦＦ車では後部座席の足元は平らです。
	ＦＲでは、ＦＦのデメリットが逆にメリットであることが多いです。
	まず、ＦＦでは駆動輪＝操舵輪ですので、ハンドルにエンジンの振動が伝わりやすいと書きました。
	ＦＲではエンジンは後輪につながっていて、前輪は操舵だけしかしません。
	なので、当然エンジンの不快な振動はハンドルには伝わりにくいです。
	また、駆動輪を操舵しませんので、ハンドルの操作感覚も自然です。
	また、エンジンが縦置きなので、エンジンとタイヤの隙間が大きく、サスペンションもしっかりした物が取り付けられます。
	よって、地面からの震動もしっかり吸収できます。
	あと、イラストの右側部分を見てください。
	ＦＦと違ってＦＲでは後輪に遠心力がかかります。
	つまり、クルマの後部が外側（右へのカーブの時は左）に向かおうとするので、クルマは曲がりやすくなります。
	これをオーバーステアといいます。
	ＦＦの曲がりにくい性質をアンダーステアと言いましたよね。
	振動が少なくてハンドルも自然で曲がりやすい。
Score:0.000839291188186
EACH_TAG_SCORE:
	image:0.000242888297059
	table:0.000234403019047
	graph:0.000133685876628
	flow:0.000228313995452
PARA:
Clueword:
	あう:[0.0007,0.0005,0.0002,0.0001]
	駆動:[0.0004,0.0002,0.0000,0.0002]
	つながる:[0.0001,0.0001,0.0002,0.0003]
	あと:[0.0006,0.0001,0.0000,0.0001]
	しか:[0.0006,0.0007,0.0000,0.0011]
	当然:[0.0000,0.0001,0.0000,0.0000]
	なので:[0.0002,0.0001,0.0000,0.0000]
	デメリット:[0.0044,0.0006,0.0000,0.0001]
	向かう:[0.0000,0.0001,0.0001,0.0001]
	伸びる:[0.0002,0.0001,0.0000,0.0001]
	足元:[0.0000,0.0001,0.0000,0.0002]
	真ん中:[0.0001,0.0009,0.0001,0.0000]
	座席:[0.0000,0.0001,0.0000,0.0000]
	地面:[0.0000,0.0001,0.0000,0.0000]
	感覚:[0.0000,0.0001,0.0000,0.0000]
	できる:[0.0045,0.0045,0.0023,0.0015]
	部分:[0.0021,0.0038,0.0011,0.0001]
	もらう:[0.0003,0.0001,0.0000,0.0000]
	つまり:[0.0002,0.0004,0.0000,0.0002]
	オーバーステア:[0.0000,0.0000,0.0000,0.0000]
	後ろ:[0.0000,0.0019,0.0017,0.0000]
	タイヤ:[0.0000,0.0005,0.0000,0.0000]
	です:[0.0012,0.0010,0.0005,0.0006]
	いう:[0.0059,0.0048,0.0034,0.0042]
	かかる:[0.0011,0.0002,0.0002,0.0002]
	なる:[0.0108,0.0091,0.0074,0.0069]
	外側:[0.0003,0.0022,0.0010,0.0000]
	伝わる:[0.0000,0.0001,0.0000,0.0000]
	する:[0.0382,0.0384,0.0461,0.0182]
	言う:[0.0010,0.0013,0.0005,0.0004]
	いる:[0.0126,0.0131,0.0081,0.0100]
	曲がる:[0.0000,0.0001,0.0000,0.0000]
	不快だ:[0.0000,0.0000,0.0000,0.0000]
	後部:[0.0000,0.0002,0.0001,0.0000]
	パイプ:[0.0000,0.0000,0.0000,0.0000]
	こと:[0.0098,0.0094,0.0087,0.0051]
	伝える:[0.0003,0.0005,0.0001,0.0002]
	ハンドル:[0.0000,0.0001,0.0000,0.0000]
	くださる:[0.0005,0.0014,0.0021,0.0009]
	半分:[0.0001,0.0001,0.0000,0.0001]
	性質:[0.0011,0.0001,0.0000,0.0001]
	吸収:[0.0000,0.0000,0.0000,0.0000]
	クルマ:[0.0001,0.0002,0.0000,0.0001]
	違う:[0.0011,0.0009,0.0003,0.0008]
	見る:[0.0008,0.0020,0.0005,0.0013]
	とき:[0.0006,0.0019,0.0029,0.0005]
	おさらい:[0.0000,0.0000,0.0000,0.0000]
	ようだ:[0.0040,0.0046,0.0063,0.0016]
	自然だ:[0.0002,0.0004,0.0003,0.0001]
	取り付ける:[0.0000,0.0002,0.0001,0.0000]
	震動:[0.0000,0.0000,0.0000,0.0000]
	ドライブ:[0.0000,0.0000,0.0000,0.0001]
	置く:[0.0002,0.0007,0.0005,0.0003]
	後輪:[0.0004,0.0002,0.0000,0.0001]
	前輪:[0.0001,0.0000,0.0000,0.0001]
	回る:[0.0001,0.0001,0.0001,0.0000]
	多い:[0.0031,0.0023,0.0006,0.0031]
	盛り上がる:[0.0000,0.0001,0.0001,0.0000]
	通り道:[0.0000,0.0000,0.0000,0.0000]
	振動:[0.0000,0.0001,0.0000,0.0000]
	ます:[0.0231,0.0273,0.0228,0.0151]
	まず:[0.0007,0.0007,0.0190,0.0001]
	書く:[0.0018,0.0008,0.0006,0.0001]
	動力:[0.0000,0.0001,0.0000,0.0000]
	また:[0.0013,0.0021,0.0018,0.0011]
	クラウン:[0.0000,0.0000,0.0000,0.0000]
	から:[0.0058,0.0059,0.0058,0.0033]
	にくい:[0.0010,0.0008,0.0004,0.0001]
	イラスト:[0.0000,0.0001,0.0000,0.0000]
	大きい:[0.0011,0.0018,0.0014,0.0029]
	だけ:[0.0014,0.0013,0.0014,0.0007]
	エンジン:[0.0002,0.0005,0.0000,0.0002]
	乗る:[0.0000,0.0001,0.0000,0.0000]
	られる:[0.0027,0.0025,0.0013,0.0015]
	少ない:[0.0007,0.0012,0.0000,0.0015]
	隙間:[0.0001,0.0004,0.0001,0.0000]
	操作:[0.0002,0.0003,0.0005,0.0000]
	シャフト:[0.0000,0.0001,0.0000,0.0001]
	サスペンション:[0.0000,0.0000,0.0000,0.0000]
	ながら:[0.0001,0.0005,0.0011,0.0005]
	アンダーステア:[0.0000,0.0000,0.0000,0.0000]
	遠心:[0.0000,0.0000,0.0000,0.0000]
	長い:[0.0005,0.0013,0.0003,0.0022]
	しっかり:[0.0001,0.0003,0.0017,0.0001]
	メリット:[0.0046,0.0002,0.0000,0.0000]
	ベンツ:[0.0000,0.0000,0.0000,0.0000]
	逆だ:[0.0006,0.0003,0.0001,0.0003]
	のだ:[0.0071,0.0069,0.0054,0.0039]
	平らだ:[0.0000,0.0001,0.0000,0.0000]
	カーブ:[0.0000,0.0000,0.0000,0.0000]
	やすい:[0.0029,0.0024,0.0011,0.0006]
	よって:[0.0000,0.0001,0.0000,0.0000]
	わかる:[0.0006,0.0009,0.0004,0.0002]
	タクシー:[0.0000,0.0000,0.0000,0.0005]
	高級だ:[0.0002,0.0001,0.0000,0.0000]
True-Positive

Section:8
	Ｆｌａｇ：：００００
	まさに高級車向けの特徴ですよね。
	では、なぜＦＲはエンジンが縦置きなのか。
	次のイラストを見てください。
	（略）
Score:0.000784165145993
EACH_TAG_SCORE:
	image:0.000215207880812
	table:0.000310846680717
	graph:0.000104791537737
	flow:0.000153319046726
PARA:
Clueword:
	なぜ:[0.0002,0.0001,0.0000,0.0000]
	置く:[0.0002,0.0007,0.0005,0.0003]
	次の:[0.0006,0.0001,0.0015,0.0000]
	高級だ:[0.0002,0.0001,0.0000,0.0000]
	では:[0.0002,0.0002,0.0001,0.0000]
	くださる:[0.0005,0.0014,0.0021,0.0009]
	特徴:[0.0101,0.0020,0.0000,0.0002]
	向け:[0.0003,0.0000,0.0000,0.0001]
	まさに:[0.0001,0.0001,0.0000,0.0000]
	のだ:[0.0071,0.0069,0.0054,0.0039]
	見る:[0.0008,0.0020,0.0005,0.0013]
	イラスト:[0.0000,0.0001,0.0000,0.0000]
	エンジン:[0.0002,0.0005,0.0000,0.0002]
False-Positive

Section:5
	Ｆｌａｇ：：００００
	おっとそんなＭＩＮＩも今はＢＭＷではないですか。
	笑
Score:0.000593129894707
EACH_TAG_SCORE:
	image:0.000154403699793
	table:0.00019328161822
	graph:0.000110899079406
	flow:0.000134545497288
PARA:
Clueword:
	ない:[0.0106,0.0085,0.0077,0.0062]
	です:[0.0012,0.0010,0.0005,0.0006]
False-Positive

True-Negative:0
False-Positive:7
True-Positive:5
False-Negative:0
precision = 0.416667
recall = 1.000000
fvalue = 0.588235