Section:3
	Ｆｌａｇ：：００００
	主なロングパスタの種類をご紹介します！
Score:0.00843739181341
EACH_TAG_SCORE:
	image:0.00233912106021
	table:0.00266937655449
	graph:0.00112417063063
	flow:0.00230472356808
PARA:
Clueword:
	ます:[0.0231,0.0273,0.0228,0.0151]
	パスタ:[0.0009,0.0008,0.0000,0.0000]
	紹介:[0.0003,0.0004,0.0000,0.0000]
	する:[0.0382,0.0384,0.0461,0.0182]
	ロング:[0.0003,0.0005,0.0001,0.0000]
	主だ:[0.0005,0.0004,0.0000,0.0000]
	種類:[0.0168,0.0024,0.0001,0.0004]
False-Positive

Section:1
	Ｆｌａｇ：：０１００
	パスタの種類
	パスタの種類は、現存で５００種類以上と言われています。
	パスタは、地方によって同じ種類でも呼び方が違う場合があり、分類の方法はさまざま。
	パスタ協会では、形状の違いを中心にパスタの種類をお伝えします！
Score:0.00399664340057
EACH_TAG_SCORE:
	image:0.00103253645409
	table:0.00144064662487
	graph:0.000571297319766
	flow:0.00095216300184
PARA:
Clueword:
	呼ぶ:[0.0011,0.0008,0.0003,0.0000]
	中心:[0.0003,0.0018,0.0001,0.0020]
	よる:[0.0025,0.0031,0.0031,0.0025]
	形状:[0.0002,0.0005,0.0000,0.0000]
	場合:[0.0357,0.0045,0.0023,0.0045]
	同じだ:[0.0013,0.0010,0.0005,0.0009]
	現存:[0.0001,0.0000,0.0000,0.0000]
	ます:[0.0231,0.0273,0.0228,0.0151]
	パスタ:[0.0009,0.0008,0.0000,0.0000]
	地方:[0.0001,0.0000,0.0000,0.0001]
	れる:[0.0089,0.0087,0.0070,0.0045]
	方法:[0.0038,0.0019,0.0127,0.0001]
	する:[0.0382,0.0384,0.0461,0.0182]
	言う:[0.0010,0.0013,0.0005,0.0004]
	いる:[0.0126,0.0131,0.0081,0.0100]
	分類:[0.0050,0.0005,0.0010,0.0000]
	伝える:[0.0003,0.0005,0.0001,0.0002]
	種類:[0.0168,0.0024,0.0001,0.0004]
	ある:[0.0114,0.0105,0.0052,0.0037]
	協会:[0.0000,0.0000,0.0000,0.0000]
	さまざまだ:[0.0002,0.0001,0.0001,0.0000]
	以上:[0.0010,0.0009,0.0006,0.0017]
	でも:[0.0029,0.0018,0.0004,0.0017]
	違う:[0.0011,0.0009,0.0003,0.0008]
True-Positive

Section:2
	Ｆｌａｇ：：１０００
	ロングパスタ
	ロングパスタとは、長さが２５センチ前後のロングにカットした棒状のパスタ。
	ショートパスタに比べて、形状が単純でストレートな口当たりとなるため、ゆで方や品質の違いによる食感の変化を感じやすいパスタです。
Score:0.00200308175449
EACH_TAG_SCORE:
	image:0.000551831854272
	table:0.000547746248418
	graph:0.000349108198805
	flow:0.000554395452996
PARA:
Clueword:
	感じる:[0.0009,0.0010,0.0004,0.0003]
	する:[0.0382,0.0384,0.0461,0.0182]
	よる:[0.0025,0.0031,0.0031,0.0025]
	形状:[0.0002,0.0005,0.0000,0.0000]
	ゆでる:[0.0000,0.0000,0.0000,0.0002]
	口当たり:[0.0000,0.0000,0.0000,0.0000]
	パスタ:[0.0009,0.0008,0.0000,0.0000]
	前後:[0.0007,0.0012,0.0026,0.0047]
	なる:[0.0108,0.0091,0.0074,0.0069]
	棒状:[0.0000,0.0001,0.0000,0.0000]
	センチ:[0.0000,0.0000,0.0000,0.0000]
	比べる:[0.0012,0.0003,0.0000,0.0016]
	単純だ:[0.0001,0.0001,0.0000,0.0001]
	カット:[0.0002,0.0004,0.0003,0.0000]
	ストレートだ:[0.0001,0.0001,0.0000,0.0001]
	変化:[0.0003,0.0005,0.0003,0.0000]
	ため:[0.0030,0.0033,0.0027,0.0025]
	長い:[0.0005,0.0013,0.0003,0.0022]
	ショート:[0.0003,0.0005,0.0003,0.0000]
	品質:[0.0000,0.0000,0.0000,0.0001]
	ロング:[0.0003,0.0005,0.0001,0.0000]
	やすい:[0.0029,0.0024,0.0011,0.0006]
	違う:[0.0011,0.0009,0.0003,0.0008]
True-Positive

Section:5
	Ｆｌａｇ：：１１００
	主なショートパスタの種類をご紹介します！
	マカロニ（太・細）
	円筒状（穴あき）の直径２～５ｍｍ、円周部の肉厚１ｍｍ前後のショートパスタ。
	日本ではもっともポピュラーなショートパスタです。
	日本ではサラダやグラタンに調理する場合が多く、濃いめのソースとよく合います。
	ペンネ
	円筒状のショートパスタの両端をペン先のように斜めにカットしたショートパスタ。
	両端が斜めにカットされていることにより、ソースが筒の中に入り安く味がしみこみやすいのが特徴です。
	ツイスト
	縄状によられた形状。
	日本国内ではサラダに調理されることが多いが、海外では、ソースとともに、または野菜、魚介類、オリーブオイルで調理して食べることが多いパスタです。
	カール
	紡錘状で、ひれが螺旋状によじれた形状のショートパスタ。
	ドレッシングやマヨネーズが絡まりやすい形状のため、サラダによく合います。
	シェル
	貝の形をしたショートパスタ。
	表面に筋が入り、幅１０～２０ｍｍのものが一般的です。
	大型のものは詰め物をして調理することもできます。
Score:0.00119589811606
EACH_TAG_SCORE:
	image:0.000320554529106
	table:0.000426142162365
	graph:0.000177729580266
	flow:0.000271471844318
PARA:
Clueword:
	よる:[0.0025,0.0031,0.0031,0.0025]
	形状:[0.0002,0.0005,0.0000,0.0000]
	一般:[0.0009,0.0006,0.0006,0.0000]
	安い:[0.0006,0.0001,0.0000,0.0003]
	合う:[0.0004,0.0004,0.0000,0.0001]
	前後:[0.0007,0.0012,0.0026,0.0047]
	れる:[0.0089,0.0087,0.0070,0.0045]
	シェル:[0.0000,0.0000,0.0000,0.0000]
	多い:[0.0031,0.0023,0.0006,0.0031]
	しみこむ:[0.0000,0.0000,0.0000,0.0000]
	野菜:[0.0002,0.0004,0.0000,0.0004]
	ため:[0.0030,0.0033,0.0027,0.0025]
	あき:[0.0001,0.0001,0.0000,0.0000]
	マヨネーズ:[0.0000,0.0001,0.0000,0.0000]
	紡錘:[0.0000,0.0000,0.0000,0.0000]
	調理:[0.0003,0.0002,0.0000,0.0000]
	日本:[0.0009,0.0006,0.0009,0.0018]
	円筒:[0.0001,0.0001,0.0000,0.0000]
	または:[0.0006,0.0007,0.0008,0.0001]
	いる:[0.0126,0.0131,0.0081,0.0100]
	魚介:[0.0000,0.0000,0.0000,0.0000]
	こと:[0.0098,0.0094,0.0087,0.0051]
	グラタン:[0.0001,0.0001,0.0000,0.0000]
	もっとも:[0.0002,0.0001,0.0000,0.0000]
	種類:[0.0168,0.0024,0.0001,0.0004]
	ひれ:[0.0000,0.0000,0.0000,0.0000]
	大型だ:[0.0000,0.0001,0.0000,0.0000]
	直径:[0.0002,0.0006,0.0000,0.0000]
	ソース:[0.0005,0.0004,0.0000,0.0000]
	斜めだ:[0.0001,0.0001,0.0000,0.0000]
	食べる:[0.0004,0.0006,0.0003,0.0001]
	オイル:[0.0000,0.0001,0.0000,0.0002]
	入る:[0.0005,0.0010,0.0008,0.0003]
	螺旋:[0.0000,0.0000,0.0000,0.0000]
	もの:[0.0027,0.0031,0.0016,0.0008]
	オリーブ:[0.0000,0.0001,0.0000,0.0002]
	詰める:[0.0000,0.0000,0.0000,0.0000]
	パスタ:[0.0009,0.0008,0.0000,0.0000]
	円周:[0.0000,0.0000,0.0000,0.0000]
	ようだ:[0.0040,0.0046,0.0063,0.0016]
	ドレッシング:[0.0001,0.0001,0.0000,0.0000]
	する:[0.0382,0.0384,0.0461,0.0182]
	ツイスト:[0.0000,0.0000,0.0000,0.0000]
	主だ:[0.0005,0.0004,0.0000,0.0000]
	的だ:[0.0050,0.0029,0.0019,0.0013]
	場合:[0.0357,0.0045,0.0023,0.0045]
	特徴:[0.0101,0.0020,0.0000,0.0002]
	カール:[0.0001,0.0001,0.0000,0.0001]
	ます:[0.0231,0.0273,0.0228,0.0151]
	ショート:[0.0003,0.0005,0.0003,0.0000]
	海外:[0.0007,0.0001,0.0000,0.0002]
	絡まる:[0.0001,0.0001,0.0000,0.0000]
	マカロニ:[0.0001,0.0001,0.0000,0.0000]
	できる:[0.0045,0.0045,0.0023,0.0015]
	ともに:[0.0001,0.0001,0.0001,0.0002]
	紹介:[0.0003,0.0004,0.0000,0.0000]
	両端:[0.0001,0.0001,0.0000,0.0000]
	濃い:[0.0006,0.0011,0.0000,0.0008]
	ポピュラーだ:[0.0001,0.0001,0.0001,0.0000]
	表面:[0.0001,0.0005,0.0000,0.0000]
	カット:[0.0002,0.0004,0.0003,0.0000]
	よい:[0.0014,0.0014,0.0004,0.0004]
	サラダ:[0.0006,0.0003,0.0000,0.0004]
	よじれる:[0.0001,0.0001,0.0000,0.0000]
	やすい:[0.0029,0.0024,0.0011,0.0006]
	ペンネ:[0.0000,0.0000,0.0000,0.0000]
	ペン:[0.0001,0.0011,0.0032,0.0000]
True-Positive

Section:4
	Ｆｌａｇ：：１１００
	スパゲッティ
	直径１．４～１．９ｍｍ前後、長さ２５ｃｍ前後の円柱状。
	パスタの中でもっともポピュラーです。
	太いタイプのスパゲッティは濃厚なソースによく合い、細いタイプのスパゲッティは軽いソースで調理して食べるのに適しています。
	フィットチーネ・タリアッテレ
	バーミセリー
	めんの幅が５～１０ｍｍ前後の平めん状のロングパスタ。
	イタリアでは、古くローマ時代から食べられています。
	クリームソースとの相性が非常によいことで知られています。
	直径１．０～１．２ｍｍ前後のごく細いタイプの円柱状。
	バーミセリー
	スパゲッティの細物版です。
	汁気の多い軽いソースとの相性がよいパスタです。
	直径５～８ｍｍ前後、長さ２５ｃｍ前後の管状（穴あき）。
	ロングマカロニ
	マカロニの長いタイプ。
	グラタンに調理される場合が多いが、牛肉・野菜と煮込んだ重いトマト系ソースとの相性が非常によいとされています。
	断面が三角形で、全体がツナ状によじれた棒状。
	スベルチーニ
	機械製造が大変難しいパスタです。
	表面に縄状の溝が生じるためソースやドレッシングの絡まりがよく、和風メニューにもおすすめです。
	ショートパスタ
	ショートパスタは文字通り、ロングパスタに対して短くカットしたパスタで、種類は非常に多く、形状を楽しむパスタでもあります。
	食べ方は、ロングパスタ同様に各種のソースをかけたり、和えて食べたりと幅広い食べ方ができます。
Score:0.000929787096604
EACH_TAG_SCORE:
	image:0.000258500381704
	table:0.000321922414607
	graph:0.000142078390116
	flow:0.000207285910177
PARA:
Clueword:
	非常だ:[0.0006,0.0005,0.0000,0.0002]
	タリアッテレ:[0.0000,0.0000,0.0000,0.0000]
	生じる:[0.0002,0.0002,0.0003,0.0000]
	幅広い:[0.0001,0.0004,0.0000,0.0000]
	和風:[0.0000,0.0000,0.0000,0.0000]
	角形:[0.0002,0.0003,0.0004,0.0000]
	文字通り:[0.0001,0.0000,0.0000,0.0000]
	タイプ:[0.0017,0.0004,0.0006,0.0000]
	バーミセリー:[0.0001,0.0001,0.0000,0.0000]
	前後:[0.0007,0.0012,0.0026,0.0047]
	れる:[0.0089,0.0087,0.0070,0.0045]
	同様だ:[0.0003,0.0003,0.0003,0.0000]
	野菜:[0.0002,0.0004,0.0000,0.0004]
	ため:[0.0030,0.0033,0.0027,0.0025]
	あき:[0.0001,0.0001,0.0000,0.0000]
	する:[0.0382,0.0384,0.0461,0.0182]
	煮る:[0.0002,0.0003,0.0000,0.0000]
	いる:[0.0126,0.0131,0.0081,0.0100]
	円柱:[0.0001,0.0001,0.0000,0.0000]
	グラタン:[0.0001,0.0001,0.0000,0.0000]
	和える:[0.0000,0.0000,0.0000,0.0000]
	ショート:[0.0003,0.0005,0.0003,0.0000]
	もっとも:[0.0002,0.0001,0.0000,0.0000]
	種類:[0.0168,0.0024,0.0001,0.0004]
	表面:[0.0001,0.0005,0.0000,0.0000]
	直径:[0.0002,0.0006,0.0000,0.0000]
	ソース:[0.0005,0.0004,0.0000,0.0000]
	合う:[0.0004,0.0004,0.0000,0.0001]
	カット:[0.0002,0.0004,0.0003,0.0000]
	食べる:[0.0004,0.0006,0.0003,0.0001]
	すすめる:[0.0008,0.0007,0.0003,0.0001]
	形状:[0.0002,0.0005,0.0000,0.0000]
	各種の:[0.0000,0.0000,0.0000,0.0000]
	全体:[0.0003,0.0009,0.0013,0.0004]
	調理:[0.0003,0.0002,0.0000,0.0000]
	古い:[0.0000,0.0001,0.0000,0.0000]
	ドレッシング:[0.0001,0.0001,0.0000,0.0000]
	よじれる:[0.0001,0.0001,0.0000,0.0000]
	ツナ:[0.0000,0.0000,0.0000,0.0000]
	場合:[0.0357,0.0045,0.0023,0.0045]
	重い:[0.0004,0.0000,0.0000,0.0000]
	多い:[0.0031,0.0023,0.0006,0.0031]
	メニュー:[0.0000,0.0001,0.0000,0.0000]
	棒状:[0.0000,0.0001,0.0000,0.0000]
	できる:[0.0045,0.0045,0.0023,0.0015]
	製造:[0.0002,0.0000,0.0001,0.0004]
	スベルチーニ:[0.0000,0.0000,0.0000,0.0000]
	濃厚だ:[0.0001,0.0001,0.0000,0.0000]
	機械:[0.0001,0.0000,0.0009,0.0000]
	絡まる:[0.0001,0.0001,0.0000,0.0000]
	フィットチーネ:[0.0000,0.0000,0.0000,0.0000]
	パスタ:[0.0009,0.0008,0.0000,0.0000]
	楽しむ:[0.0002,0.0003,0.0000,0.0001]
	時代:[0.0002,0.0001,0.0001,0.0003]
	対する:[0.0009,0.0005,0.0003,0.0000]
	から:[0.0058,0.0059,0.0058,0.0033]
	スパゲッティ:[0.0002,0.0001,0.0000,0.0000]
	ごく:[0.0000,0.0001,0.0000,0.0000]
	込む:[0.0006,0.0010,0.0006,0.0004]
	太い:[0.0012,0.0017,0.0001,0.0004]
	短い:[0.0002,0.0001,0.0002,0.0012]
	イタリア:[0.0000,0.0000,0.0000,0.0000]
	大変:[0.0001,0.0001,0.0000,0.0000]
	マカロニ:[0.0001,0.0001,0.0000,0.0000]
	適す:[0.0003,0.0002,0.0000,0.0000]
	めん状:[0.0000,0.0000,0.0000,0.0000]
	ます:[0.0231,0.0273,0.0228,0.0151]
	相性:[0.0001,0.0001,0.0000,0.0000]
	られる:[0.0027,0.0025,0.0013,0.0015]
	めん:[0.0000,0.0000,0.0000,0.0000]
	細い:[0.0007,0.0014,0.0000,0.0001]
	ポピュラーだ:[0.0001,0.0001,0.0001,0.0000]
	かける:[0.0005,0.0008,0.0007,0.0003]
	トマト:[0.0000,0.0002,0.0000,0.0001]
	牛肉:[0.0001,0.0002,0.0000,0.0000]
	ある:[0.0114,0.0105,0.0052,0.0037]
	よい:[0.0014,0.0014,0.0004,0.0004]
	長い:[0.0005,0.0013,0.0003,0.0022]
	知る:[0.0007,0.0006,0.0002,0.0007]
	断面:[0.0000,0.0000,0.0000,0.0000]
	ローマ:[0.0001,0.0000,0.0000,0.0000]
	ロング:[0.0003,0.0005,0.0001,0.0000]
	軽い:[0.0008,0.0010,0.0017,0.0000]
	こと:[0.0098,0.0094,0.0087,0.0051]
	難しい:[0.0003,0.0005,0.0001,0.0002]
	クリーム:[0.0000,0.0001,0.0002,0.0000]
True-Positive

True-Negative:0
False-Positive:1
True-Positive:4
False-Negative:0
precision = 0.800000
recall = 1.000000
fvalue = 0.888889