Section:1
	Ｆｌａｇ：：００００
	高騰が続くのはいつまで？新築物件が建築しやすくなるのは、ズバリ◯年後！
Score:0.0040694973395
EACH_TAG_SCORE:
	image:0.00109370459322
	table:0.00114009206507
	graph:0.000634009455322
	flow:0.00120169122589
PARA:
Clueword:
	する:[0.0382,0.0384,0.0461,0.0182]
	続く:[0.0004,0.0003,0.0004,0.0013]
	物件:[0.0001,0.0001,0.0003,0.0001]
	新築:[0.0000,0.0000,0.0000,0.0001]
	建築:[0.0001,0.0000,0.0001,0.0003]
	なる:[0.0108,0.0091,0.0074,0.0069]
	やすい:[0.0029,0.0024,0.0011,0.0006]
	高騰:[0.0000,0.0000,0.0000,0.0016]
False-Positive

Section:6
	Ｆｌａｇ：：００１０
	「担当するクライアントの社長からは、忙しいのに利益率が下がっているという愚痴も聞きます。現場工事から申請業務まで、外注をフル活用しながら分業体制を作っていくしか道はないのですが、専門領域に特化した会社が多数間に入るため、外注費用も上がる一方だそうです」
Score:0.0032065350249
EACH_TAG_SCORE:
	image:0.000863935699887
	table:0.000875386161802
	graph:0.00061506983821
	flow:0.000852143324999
PARA:
Clueword:
	いく:[0.0011,0.0015,0.0023,0.0005]
	専門:[0.0003,0.0003,0.0001,0.0004]
	いう:[0.0059,0.0048,0.0034,0.0042]
	しか:[0.0006,0.0007,0.0000,0.0011]
	そうだ:[0.0003,0.0008,0.0005,0.0007]
	忙しい:[0.0000,0.0000,0.0001,0.0001]
	領域:[0.0000,0.0000,0.0000,0.0001]
	作る:[0.0012,0.0011,0.0018,0.0001]
	まで:[0.0020,0.0015,0.0016,0.0015]
	ます:[0.0231,0.0273,0.0228,0.0151]
	費用:[0.0004,0.0002,0.0003,0.0009]
	のだ:[0.0071,0.0069,0.0054,0.0039]
	業務:[0.0004,0.0001,0.0000,0.0001]
	から:[0.0058,0.0059,0.0058,0.0033]
	会社:[0.0013,0.0008,0.0013,0.0008]
	社長:[0.0002,0.0000,0.0000,0.0003]
	利益:[0.0001,0.0002,0.0001,0.0045]
	担当:[0.0002,0.0001,0.0000,0.0003]
	愚痴:[0.0000,0.0000,0.0000,0.0001]
	フルだ:[0.0000,0.0000,0.0000,0.0001]
	多数:[0.0000,0.0000,0.0000,0.0001]
	特化:[0.0001,0.0000,0.0000,0.0001]
	する:[0.0382,0.0384,0.0461,0.0182]
	いる:[0.0126,0.0131,0.0081,0.0100]
	現場:[0.0001,0.0000,0.0009,0.0002]
	体制:[0.0000,0.0000,0.0000,0.0001]
	聞く:[0.0003,0.0001,0.0012,0.0006]
	クライアント:[0.0000,0.0000,0.0000,0.0001]
	活用:[0.0003,0.0000,0.0000,0.0002]
	ながら:[0.0001,0.0005,0.0011,0.0005]
	ため:[0.0030,0.0033,0.0027,0.0025]
	申請:[0.0002,0.0002,0.0004,0.0001]
	一方:[0.0034,0.0002,0.0001,0.0026]
	工事:[0.0000,0.0000,0.0014,0.0010]
	入る:[0.0005,0.0010,0.0008,0.0003]
	外注:[0.0000,0.0000,0.0000,0.0003]
	ない:[0.0106,0.0085,0.0077,0.0062]
	下がる:[0.0002,0.0004,0.0000,0.0016]
	分業:[0.0000,0.0000,0.0000,0.0001]
	上がる:[0.0002,0.0002,0.0006,0.0005]
True-Positive

Section:4
	Ｆｌａｇ：：１０００
	「オリンピックに向けた工事は、通常１０年かかるような工程を５年で仕上げようとしています。ほかにも、バブル期に建設されたビルが一斉に大規模修繕の時期を迎えていることもあり、業界では仕事を抱えきれなくなっている現状がありますね」
	それでも人がいなければ動けないのが建設業界の現場。
	賃金引き上げによって待遇改善を図ってきたが、もはや人材は金では動かなくなってきているという。
Score:0.00269374809246
EACH_TAG_SCORE:
	image:0.000744028509816
	table:0.000746667522184
	graph:0.000498705026285
	flow:0.000704347034175
PARA:
Clueword:
	いう:[0.0059,0.0048,0.0034,0.0042]
	待遇:[0.0000,0.0000,0.0000,0.0000]
	図る:[0.0000,0.0000,0.0000,0.0000]
	オリンピック:[0.0000,0.0000,0.0000,0.0001]
	迎える:[0.0003,0.0002,0.0000,0.0005]
	でも:[0.0029,0.0018,0.0004,0.0017]
	抱える:[0.0001,0.0001,0.0000,0.0000]
	バブル:[0.0000,0.0000,0.0000,0.0000]
	引き上げる:[0.0000,0.0000,0.0000,0.0011]
	修繕:[0.0000,0.0000,0.0000,0.0000]
	ます:[0.0231,0.0273,0.0228,0.0151]
	くる:[0.0012,0.0017,0.0007,0.0011]
	動ける:[0.0000,0.0000,0.0000,0.0000]
	れる:[0.0089,0.0087,0.0070,0.0045]
	かかる:[0.0011,0.0002,0.0002,0.0002]
	なる:[0.0108,0.0091,0.0074,0.0069]
	一斉だ:[0.0000,0.0001,0.0000,0.0000]
	工程:[0.0000,0.0000,0.0041,0.0000]
	建設:[0.0003,0.0001,0.0000,0.0007]
	する:[0.0382,0.0384,0.0461,0.0182]
	いる:[0.0126,0.0131,0.0081,0.0100]
	仕事:[0.0003,0.0003,0.0005,0.0003]
	業界:[0.0000,0.0001,0.0000,0.0007]
	現場:[0.0001,0.0000,0.0009,0.0002]
	規模:[0.0002,0.0002,0.0000,0.0003]
	ある:[0.0114,0.0105,0.0052,0.0037]
	ビル:[0.0000,0.0000,0.0000,0.0000]
	ない:[0.0106,0.0085,0.0077,0.0062]
	こと:[0.0098,0.0094,0.0087,0.0051]
	人材:[0.0000,0.0000,0.0000,0.0003]
	現状:[0.0001,0.0001,0.0001,0.0003]
	賃金:[0.0000,0.0000,0.0000,0.0003]
	時期:[0.0001,0.0003,0.0000,0.0088]
	きれる:[0.0000,0.0001,0.0001,0.0000]
	もはや:[0.0000,0.0000,0.0000,0.0000]
	工事:[0.0000,0.0000,0.0014,0.0010]
	よる:[0.0025,0.0031,0.0031,0.0025]
	仕上げる:[0.0000,0.0001,0.0001,0.0000]
	改善:[0.0003,0.0001,0.0001,0.0000]
	向ける:[0.0000,0.0003,0.0017,0.0003]
	通常:[0.0003,0.0003,0.0003,0.0006]
	ほか:[0.0002,0.0002,0.0000,0.0001]
	ようだ:[0.0040,0.0046,0.0063,0.0016]
	動く:[0.0004,0.0008,0.0009,0.0004]
True-Positive

Section:8
	Ｆｌａｇ：：００１０
	香月さんの所属する会社では、建設業界全体の繁忙は２０１８年には一段落するのではないかと予測している。
	２０２０年に向けた工事需要が落ち着く時期として、業界関係者も同じような予測を立てているという。
	だからこそ、時限的に優秀な人材を確保する工夫が欠かせないのだ。
Score:0.00240342804313
EACH_TAG_SCORE:
	image:0.000631885295429
	table:0.000655706430423
	graph:0.000493023102458
	flow:0.000622813214824
PARA:
Clueword:
	香月:[0.0000,0.0000,0.0000,0.0001]
	いう:[0.0059,0.0048,0.0034,0.0042]
	時限:[0.0000,0.0000,0.0000,0.0001]
	需要:[0.0000,0.0000,0.0000,0.0009]
	向ける:[0.0000,0.0003,0.0017,0.0003]
	欠かせる:[0.0000,0.0000,0.0000,0.0001]
	同じだ:[0.0013,0.0010,0.0005,0.0009]
	所属:[0.0001,0.0000,0.0000,0.0001]
	立てる:[0.0001,0.0001,0.0003,0.0005]
	関係:[0.0031,0.0040,0.0003,0.0010]
	のだ:[0.0071,0.0069,0.0054,0.0039]
	さん:[0.0004,0.0007,0.0003,0.0007]
	予測:[0.0001,0.0001,0.0000,0.0040]
	建設:[0.0003,0.0001,0.0000,0.0007]
	する:[0.0382,0.0384,0.0461,0.0182]
	いる:[0.0126,0.0131,0.0081,0.0100]
	工夫:[0.0001,0.0001,0.0000,0.0001]
	業界:[0.0000,0.0001,0.0000,0.0007]
	落ち着く:[0.0002,0.0001,0.0006,0.0001]
	人材:[0.0000,0.0000,0.0000,0.0003]
	だからこそ:[0.0000,0.0000,0.0000,0.0001]
	繁忙:[0.0000,0.0000,0.0000,0.0001]
	優秀だ:[0.0001,0.0000,0.0000,0.0001]
	時期:[0.0001,0.0003,0.0000,0.0088]
	段落:[0.0000,0.0000,0.0001,0.0001]
	工事:[0.0000,0.0000,0.0014,0.0010]
	的だ:[0.0050,0.0029,0.0019,0.0013]
	確保:[0.0001,0.0000,0.0000,0.0004]
	会社:[0.0013,0.0008,0.0013,0.0008]
	全体:[0.0003,0.0009,0.0013,0.0004]
	ない:[0.0106,0.0085,0.0077,0.0062]
	ようだ:[0.0040,0.0046,0.0063,0.0016]
True-Positive

Section:5
	Ｆｌａｇ：：００００
	「何しろ稼働させなければならない現場が山積みですからね。あまりの忙しさからか、私がインタビューする現場の方々は一様に“金よりも休みがほしい”と話しています」
	特に公共工事は申請書類の事務処理にかかる時間も膨大で、現場を統括する施工管理技士が現場に出られず、事務所に縛り付けられるような事態も発生しているそうだ。
	こうした状況から、建設業の申請業務代行を専門に行う業者も登場し、業績を伸ばしているという。
Score:0.00215256073462
EACH_TAG_SCORE:
	image:0.000586982177963
	table:0.000599406587814
	graph:0.000371056261966
	flow:0.000595115706873
PARA:
Clueword:
	業者:[0.0001,0.0000,0.0001,0.0000]
	専門:[0.0003,0.0003,0.0001,0.0004]
	申請:[0.0002,0.0002,0.0004,0.0001]
	忙しい:[0.0000,0.0000,0.0001,0.0001]
	あまり:[0.0006,0.0002,0.0001,0.0000]
	なる:[0.0108,0.0091,0.0074,0.0069]
	業績:[0.0000,0.0000,0.0000,0.0011]
	特に:[0.0004,0.0003,0.0002,0.0003]
	付ける:[0.0002,0.0004,0.0008,0.0001]
	いる:[0.0126,0.0131,0.0081,0.0100]
	話す:[0.0001,0.0002,0.0006,0.0007]
	公共:[0.0000,0.0000,0.0001,0.0001]
	現場:[0.0001,0.0000,0.0009,0.0002]
	より:[0.0022,0.0013,0.0003,0.0013]
	休む:[0.0000,0.0000,0.0000,0.0003]
	ほしい:[0.0002,0.0002,0.0000,0.0000]
	建設:[0.0003,0.0001,0.0000,0.0007]
	ようだ:[0.0040,0.0046,0.0063,0.0016]
	登場:[0.0000,0.0000,0.0005,0.0000]
	いう:[0.0059,0.0048,0.0034,0.0042]
	する:[0.0382,0.0384,0.0461,0.0182]
	そうだ:[0.0003,0.0008,0.0005,0.0007]
	行う:[0.0007,0.0006,0.0022,0.0001]
	ます:[0.0231,0.0273,0.0228,0.0151]
	管理:[0.0002,0.0000,0.0001,0.0000]
	から:[0.0058,0.0059,0.0058,0.0033]
	状況:[0.0018,0.0003,0.0003,0.0004]
	書類:[0.0001,0.0000,0.0001,0.0000]
	られる:[0.0027,0.0025,0.0013,0.0015]
	伸ばす:[0.0001,0.0002,0.0004,0.0001]
	時間:[0.0011,0.0004,0.0004,0.0010]
	せる:[0.0005,0.0017,0.0030,0.0006]
	かかる:[0.0011,0.0002,0.0002,0.0002]
	業務:[0.0004,0.0001,0.0000,0.0001]
	工事:[0.0000,0.0000,0.0014,0.0010]
	出る:[0.0010,0.0008,0.0004,0.0006]
	発生:[0.0006,0.0007,0.0008,0.0007]
	ない:[0.0106,0.0085,0.0077,0.0062]
	処理:[0.0003,0.0001,0.0025,0.0000]
False-Positive

Section:3
	Ｆｌａｇ：：００００
	もはや金では動かない人材．．．．．．建設業界の悲鳴
	「建設業界のクライアントからは、人材不足によってここ２、３年ずっと悲鳴に近い声が聞こえてきています。特に採用難易度の高い施工管理技師などの有資格者は、給料を上げてもなかなか集まりません」
	そう話すのは、大手人材サービス会社で都内の建設業関連企業を中心に担当する営業マンの香月友和さん（仮名）。
	公共工事を直請けする大手・中堅のゼネコンから、下請けで専門工事を行う地場の会社まで４０社程度のクライアントを抱え、求人媒体を利用した採用活動の提案を行っている。
Score:0.00161635942606
EACH_TAG_SCORE:
	image:0.000442732536061
	table:0.00043799858677
	graph:0.000318030748931
	flow:0.000417597554296
PARA:
Clueword:
	よる:[0.0025,0.0031,0.0031,0.0025]
	専門:[0.0003,0.0003,0.0001,0.0004]
	活動:[0.0001,0.0001,0.0001,0.0001]
	給料:[0.0000,0.0000,0.0000,0.0003]
	さん:[0.0004,0.0007,0.0003,0.0007]
	公共:[0.0000,0.0000,0.0001,0.0001]
	提案:[0.0001,0.0001,0.0000,0.0000]
	中堅:[0.0000,0.0001,0.0000,0.0002]
	建設:[0.0003,0.0001,0.0000,0.0007]
	特に:[0.0004,0.0003,0.0002,0.0003]
	関連:[0.0000,0.0000,0.0000,0.0003]
	話す:[0.0001,0.0002,0.0006,0.0007]
	集まる:[0.0006,0.0001,0.0000,0.0000]
	不足:[0.0000,0.0000,0.0001,0.0001]
	クライアント:[0.0000,0.0000,0.0000,0.0001]
	担当:[0.0002,0.0001,0.0000,0.0003]
	工事:[0.0000,0.0000,0.0014,0.0010]
	利用:[0.0010,0.0003,0.0000,0.0002]
	ずっと:[0.0001,0.0000,0.0000,0.0001]
	動く:[0.0004,0.0008,0.0009,0.0004]
	マン:[0.0000,0.0000,0.0000,0.0000]
	香月:[0.0000,0.0000,0.0000,0.0001]
	中心:[0.0003,0.0018,0.0001,0.0020]
	採用:[0.0001,0.0002,0.0000,0.0002]
	する:[0.0382,0.0384,0.0461,0.0182]
	抱える:[0.0001,0.0001,0.0000,0.0000]
	いる:[0.0126,0.0131,0.0081,0.0100]
	行う:[0.0007,0.0006,0.0022,0.0001]
	ます:[0.0231,0.0273,0.0228,0.0151]
	くる:[0.0012,0.0017,0.0007,0.0011]
	から:[0.0058,0.0059,0.0058,0.0033]
	資格:[0.0003,0.0001,0.0000,0.0000]
	企業:[0.0005,0.0001,0.0011,0.0002]
	会社:[0.0013,0.0008,0.0013,0.0008]
	業界:[0.0000,0.0001,0.0000,0.0007]
	まで:[0.0020,0.0015,0.0016,0.0015]
	近い:[0.0004,0.0012,0.0000,0.0003]
	程度:[0.0014,0.0010,0.0008,0.0019]
	上げる:[0.0002,0.0003,0.0005,0.0004]
	営業:[0.0001,0.0000,0.0000,0.0002]
	高い:[0.0015,0.0007,0.0005,0.0101]
	なかなか:[0.0000,0.0000,0.0005,0.0000]
	ない:[0.0106,0.0085,0.0077,0.0062]
	サービス:[0.0016,0.0002,0.0006,0.0000]
	など:[0.0054,0.0053,0.0021,0.0019]
	もはや:[0.0000,0.0000,0.0000,0.0000]
	人材:[0.0000,0.0000,0.0000,0.0003]
	管理:[0.0002,0.0000,0.0001,0.0000]
	行く:[0.0006,0.0004,0.0002,0.0002]
	難易:[0.0001,0.0000,0.0000,0.0000]
	大手:[0.0004,0.0004,0.0000,0.0000]
	求人:[0.0001,0.0000,0.0000,0.0000]
False-Positive

Section:7
	Ｆｌａｇ：：００００
	若年層ではなく中高年層が働き手として求められている
	人材難の大きな要因は、これまで現場の中心であった２０～３０代の若年層が建設業界の仕事に足を踏み入れることをためらっているからだという。
	「現状の忙しさは皆分かっているし、その要因がオリンピックに向けた大きな流れの中であることも分かっているので、“待遇が安定しているのは今だけ”と考える人が多いようです。確かに資格取得や技能経験を積んでも、５年後に仕事がなくなる可能性があるようでは躊躇してしまいますよね」
	そのため、香月さんが担当するクライアントの中では４０代～５０代をターゲットに採用活動の方針転換を進めている企業も多いという。
	「２０２０年以降も安定した受注が見込める理由をアピールして、定年まで働きたいと考える中高年を狙っている求人が増えています。また大手ゼネコンでは定年した従業員を再雇用する動きも進んでいます。自社の業務への理解が深く、年齢的に働ける期間は需要がピークとなる向こう数年間だけ。企業と働く人双方にとってメリットがあるやり方だと思いますね」
	新規着工を検討できる潮目の時期は近い？
Score:0.00134485482801
EACH_TAG_SCORE:
	image:0.000370463645442
	table:0.000381474372933
	graph:0.000260524887364
	flow:0.000332391922275
PARA:
Clueword:
	やる:[0.0004,0.0003,0.0011,0.0001]
	香月:[0.0000,0.0000,0.0000,0.0001]
	待遇:[0.0000,0.0000,0.0000,0.0000]
	狙う:[0.0001,0.0001,0.0000,0.0000]
	忙しい:[0.0000,0.0000,0.0001,0.0001]
	以降:[0.0001,0.0000,0.0019,0.0020]
	なくなる:[0.0001,0.0002,0.0000,0.0000]
	積む:[0.0000,0.0000,0.0000,0.0004]
	活動:[0.0001,0.0001,0.0001,0.0001]
	流れる:[0.0002,0.0004,0.0007,0.0001]
	新規だ:[0.0000,0.0001,0.0000,0.0001]
	年間:[0.0007,0.0004,0.0000,0.0016]
	ピーク:[0.0000,0.0000,0.0000,0.0012]
	さん:[0.0004,0.0007,0.0003,0.0007]
	多い:[0.0031,0.0023,0.0006,0.0031]
	しまう:[0.0018,0.0023,0.0025,0.0012]
	ため:[0.0030,0.0033,0.0027,0.0025]
	近い:[0.0004,0.0012,0.0000,0.0003]
	採用:[0.0001,0.0002,0.0000,0.0002]
	方針:[0.0000,0.0001,0.0000,0.0001]
	年齢:[0.0010,0.0001,0.0000,0.0001]
	ターゲット:[0.0001,0.0002,0.0004,0.0003]
	建設:[0.0003,0.0001,0.0000,0.0007]
	する:[0.0382,0.0384,0.0461,0.0182]
	いる:[0.0126,0.0131,0.0081,0.0100]
	業界:[0.0000,0.0001,0.0000,0.0007]
	なる:[0.0108,0.0091,0.0074,0.0069]
	現場:[0.0001,0.0000,0.0009,0.0002]
	進める:[0.0001,0.0000,0.0000,0.0001]
	着工:[0.0000,0.0000,0.0000,0.0003]
	こと:[0.0098,0.0094,0.0087,0.0051]
	検討:[0.0001,0.0000,0.0000,0.0001]
	クライアント:[0.0000,0.0000,0.0000,0.0001]
	時期:[0.0001,0.0003,0.0000,0.0088]
	担当:[0.0002,0.0001,0.0000,0.0003]
	的だ:[0.0050,0.0029,0.0019,0.0013]
	働く:[0.0003,0.0004,0.0005,0.0002]
	理由:[0.0005,0.0003,0.0001,0.0006]
	動く:[0.0004,0.0008,0.0009,0.0004]
	だけ:[0.0014,0.0013,0.0014,0.0007]
	ようだ:[0.0040,0.0046,0.0063,0.0016]
	技能:[0.0000,0.0000,0.0005,0.0000]
	大きな:[0.0005,0.0016,0.0003,0.0005]
	メリット:[0.0046,0.0002,0.0000,0.0000]
	中心:[0.0003,0.0018,0.0001,0.0020]
	いう:[0.0059,0.0048,0.0034,0.0042]
	確かだ:[0.0001,0.0001,0.0000,0.0001]
	オリンピック:[0.0000,0.0000,0.0000,0.0001]
	向ける:[0.0000,0.0003,0.0017,0.0003]
	従業:[0.0000,0.0000,0.0001,0.0001]
	取得:[0.0001,0.0002,0.0000,0.0000]
	求める:[0.0001,0.0001,0.0001,0.0000]
	期間:[0.0003,0.0002,0.0005,0.0041]
	まで:[0.0020,0.0015,0.0016,0.0015]
	要因:[0.0012,0.0004,0.0001,0.0004]
	たい:[0.0013,0.0013,0.0014,0.0010]
	また:[0.0013,0.0021,0.0018,0.0011]
	のだ:[0.0071,0.0069,0.0054,0.0039]
	から:[0.0058,0.0059,0.0058,0.0033]
	資格:[0.0003,0.0001,0.0000,0.0000]
	分かつ:[0.0001,0.0000,0.0000,0.0000]
	増える:[0.0005,0.0000,0.0004,0.0006]
	とる:[0.0004,0.0007,0.0005,0.0001]
	可能だ:[0.0009,0.0006,0.0008,0.0009]
	進む:[0.0002,0.0001,0.0002,0.0003]
	企業:[0.0005,0.0001,0.0011,0.0002]
	仕事:[0.0003,0.0003,0.0005,0.0003]
	雇用:[0.0000,0.0000,0.0000,0.0000]
	できる:[0.0045,0.0045,0.0023,0.0015]
	安定:[0.0001,0.0003,0.0000,0.0000]
	需要:[0.0000,0.0000,0.0000,0.0009]
	ます:[0.0231,0.0273,0.0228,0.0151]
	考える:[0.0013,0.0013,0.0004,0.0007]
	られる:[0.0027,0.0025,0.0013,0.0015]
	現状:[0.0001,0.0001,0.0001,0.0003]
	ある:[0.0114,0.0105,0.0052,0.0037]
	深い:[0.0003,0.0001,0.0000,0.0000]
	業務:[0.0004,0.0001,0.0000,0.0001]
	アピール:[0.0001,0.0000,0.0000,0.0000]
	大手:[0.0004,0.0004,0.0000,0.0000]
	中高年:[0.0001,0.0001,0.0000,0.0000]
	理解:[0.0003,0.0005,0.0000,0.0001]
	思う:[0.0011,0.0021,0.0027,0.0005]
	経験:[0.0003,0.0001,0.0007,0.0002]
	ない:[0.0106,0.0085,0.0077,0.0062]
	人材:[0.0000,0.0000,0.0000,0.0003]
	求人:[0.0001,0.0000,0.0000,0.0000]
False-Positive

Section:9
	Ｆｌａｇ：：００００
	「多くの企業が中高年の活用を始めており、採用の難易度も改善されてきています。資格はあるのに雇ってくれる会社がない状況だった施工管理技士など、現場に欠かせない人材を順調に採用できるようになった企業も増えてきました」
	こうした流れが循環していけば、「金はいいから休みが欲しい」という現場の声にも応えていけるようになる。
	「飲食店でパート・アルバイトのシフトを回すように、大人数を抱えて適正な業務量で現場を動かしていくことが可能になれば離職防止にもなります」
	ここ数年来、賃金上昇によって人材募集を続けてきた状況は早期に落ち着くのではないか、と香月氏は予測している。
	「円安による資材高騰も影響もあるので一概には言えませんが、建築費高騰の主要因である人件費については高止まりの気配が見えてきていますね」
	かつての高待遇による一様な採用戦略ではなく、時限的に活用できる中高年の採用で光が見えてきた建設業界の人材難。
	建築費高騰が抑制され、新規物件の着工が検討しやすくなるようになる潮目の時期は意外と近いのかもしれない。
	新築を検討している場合、増税前（建築費は高騰）に動く方が賢いのか、増税後（建築費は抑制）の方が賢いのか．．．．．．しっかり検証し、投資戦略を立てる必要がありそうだ。
Score:0.00133679603073
EACH_TAG_SCORE:
	image:0.000349048901455
	table:0.000413806738235
	graph:0.000265540416845
	flow:0.000308399974199
PARA:
Clueword:
	くれる:[0.0004,0.0006,0.0000,0.0000]
	しれる:[0.0002,0.0003,0.0000,0.0001]
	時限:[0.0000,0.0000,0.0000,0.0001]
	できる:[0.0045,0.0045,0.0023,0.0015]
	着工:[0.0000,0.0000,0.0000,0.0003]
	れる:[0.0089,0.0087,0.0070,0.0045]
	なる:[0.0108,0.0091,0.0074,0.0069]
	欠かせる:[0.0000,0.0000,0.0000,0.0001]
	欲しい:[0.0002,0.0001,0.0001,0.0000]
	つく:[0.0013,0.0016,0.0009,0.0004]
	必要だ:[0.0024,0.0014,0.0019,0.0006]
	現場:[0.0001,0.0000,0.0009,0.0002]
	落ち着く:[0.0002,0.0001,0.0006,0.0001]
	離職:[0.0000,0.0000,0.0000,0.0000]
	検討:[0.0001,0.0000,0.0000,0.0001]
	賃金:[0.0000,0.0000,0.0000,0.0003]
	高騰:[0.0000,0.0000,0.0000,0.0016]
	的だ:[0.0050,0.0029,0.0019,0.0013]
	多く:[0.0005,0.0006,0.0001,0.0054]
	飲食:[0.0000,0.0000,0.0000,0.0001]
	続ける:[0.0004,0.0002,0.0000,0.0005]
	円安:[0.0001,0.0000,0.0004,0.0002]
	いける:[0.0002,0.0001,0.0000,0.0004]
	要因:[0.0012,0.0004,0.0001,0.0004]
	くる:[0.0012,0.0017,0.0007,0.0011]
	状況:[0.0018,0.0003,0.0003,0.0004]
	資格:[0.0003,0.0001,0.0000,0.0000]
	企業:[0.0005,0.0001,0.0011,0.0002]
	増える:[0.0005,0.0000,0.0004,0.0006]
	可能だ:[0.0009,0.0006,0.0008,0.0009]
	気配:[0.0000,0.0000,0.0000,0.0001]
	ある:[0.0114,0.0105,0.0052,0.0037]
	雇う:[0.0000,0.0000,0.0000,0.0001]
	など:[0.0054,0.0053,0.0021,0.0019]
	おる:[0.0001,0.0006,0.0000,0.0003]
	業務:[0.0004,0.0001,0.0000,0.0001]
	始める:[0.0004,0.0003,0.0001,0.0004]
	影響:[0.0004,0.0006,0.0005,0.0007]
	ない:[0.0106,0.0085,0.0077,0.0062]
	人材:[0.0000,0.0000,0.0000,0.0003]
	止まる:[0.0001,0.0001,0.0000,0.0001]
	動かす:[0.0001,0.0003,0.0013,0.0000]
	香月:[0.0000,0.0000,0.0000,0.0001]
	待遇:[0.0000,0.0000,0.0000,0.0000]
	物件:[0.0001,0.0001,0.0003,0.0001]
	よる:[0.0025,0.0031,0.0031,0.0025]
	抱える:[0.0001,0.0001,0.0000,0.0000]
	活用:[0.0003,0.0000,0.0000,0.0002]
	新築:[0.0000,0.0000,0.0000,0.0001]
	回す:[0.0001,0.0003,0.0009,0.0001]
	する:[0.0382,0.0384,0.0461,0.0182]
	いる:[0.0126,0.0131,0.0081,0.0100]
	抑制:[0.0000,0.0001,0.0000,0.0001]
	業界:[0.0000,0.0001,0.0000,0.0007]
	意外だ:[0.0001,0.0001,0.0000,0.0001]
	こと:[0.0098,0.0094,0.0087,0.0051]
	人件:[0.0000,0.0000,0.0001,0.0001]
	時期:[0.0001,0.0003,0.0000,0.0088]
	しっかり:[0.0001,0.0003,0.0017,0.0001]
	流れる:[0.0002,0.0004,0.0007,0.0001]
	来る:[0.0002,0.0002,0.0002,0.0000]
	かつて:[0.0000,0.0000,0.0000,0.0001]
	一概に:[0.0000,0.0000,0.0000,0.0000]
	休む:[0.0000,0.0000,0.0000,0.0003]
	動く:[0.0004,0.0008,0.0009,0.0004]
	近い:[0.0004,0.0012,0.0000,0.0003]
	防止:[0.0001,0.0001,0.0001,0.0001]
	ようだ:[0.0040,0.0046,0.0063,0.0016]
	管理:[0.0002,0.0000,0.0001,0.0000]
	いく:[0.0011,0.0015,0.0023,0.0005]
	建設:[0.0003,0.0001,0.0000,0.0007]
	いう:[0.0059,0.0048,0.0034,0.0042]
	採用:[0.0001,0.0002,0.0000,0.0002]
	いい:[0.0008,0.0008,0.0002,0.0005]
	そうだ:[0.0003,0.0008,0.0005,0.0007]
	戦略:[0.0000,0.0000,0.0000,0.0000]
	場合:[0.0357,0.0045,0.0023,0.0045]
	上昇:[0.0004,0.0001,0.0013,0.0115]
	立てる:[0.0001,0.0001,0.0003,0.0005]
	ます:[0.0231,0.0273,0.0228,0.0151]
	建築:[0.0001,0.0000,0.0001,0.0003]
	投資:[0.0003,0.0004,0.0003,0.0012]
	のだ:[0.0071,0.0069,0.0054,0.0039]
	から:[0.0058,0.0059,0.0058,0.0033]
	適正だ:[0.0000,0.0000,0.0000,0.0000]
	見える:[0.0005,0.0008,0.0008,0.0001]
	予測:[0.0001,0.0001,0.0000,0.0040]
	かも:[0.0003,0.0004,0.0000,0.0001]
	難易:[0.0001,0.0000,0.0000,0.0000]
	言える:[0.0002,0.0002,0.0000,0.0003]
	中高年:[0.0001,0.0001,0.0000,0.0000]
	改善:[0.0003,0.0001,0.0001,0.0000]
	会社:[0.0013,0.0008,0.0013,0.0008]
	やすい:[0.0029,0.0024,0.0011,0.0006]
	新規だ:[0.0000,0.0001,0.0000,0.0001]
False-Positive

Section:2
	Ｆｌａｇ：：００１０
	建築費の高騰が続いている。
	２０１１年以降、東日本大震災後の復興関連工事需要、安倍政権の国土強靭化計画による公共工事の増加によって建設業界の人件費が上がり続けてきたことが大きな要因だと言われている。
	さらに２０２０年の東京オリンピックに向け、競技会場の建設や道路改修（東名高速道のリニューアル工事など）、電線地中化工事などのインフラ整備が急ピッチで進められ、建築費の高止まりの気配は見えない。
	国土交通省の統計による新築住宅一戸あたりの工事費予定額を見ると、平成２６年計で全国平均１５３９万円（東京都平均は１５１０万円）だったものが、平成２７年５月には全国平均１６１２万円（東京都平均は１８８０万円）に上昇している。
	（出典：国土交通省「住宅着工統計」）
	一方で厚生労働省の統計による建設業の賃金年額平均は、平成２５年度の３１７万円から２６年度は３１９万７０００円に上昇している。
	（出典：厚生労働省「賃金構造基本統計調査」）
	新規の物件着工に不利な今の状況はどこまで続くのだろうか。
	その大きな要因となっている、建設業界の人材難について考えてみたい。
Score:0.00113127774156
EACH_TAG_SCORE:
	image:0.000283605227085
	table:0.000305432326751
	graph:0.000270721371882
	flow:0.000271518815841
PARA:
Clueword:
	止まる:[0.0001,0.0001,0.0000,0.0001]
	あたり:[0.0003,0.0000,0.0000,0.0006]
	続く:[0.0004,0.0003,0.0004,0.0013]
	調査:[0.0001,0.0000,0.0000,0.0004]
	進める:[0.0001,0.0000,0.0000,0.0001]
	物件:[0.0001,0.0001,0.0003,0.0001]
	よる:[0.0025,0.0031,0.0031,0.0025]
	出典:[0.0000,0.0000,0.0000,0.0003]
	予定:[0.0001,0.0001,0.0001,0.0001]
	統計:[0.0004,0.0000,0.0000,0.0015]
	東名:[0.0000,0.0000,0.0000,0.0001]
	賃金:[0.0000,0.0000,0.0000,0.0003]
	以降:[0.0001,0.0000,0.0019,0.0020]
	計画:[0.0002,0.0001,0.0047,0.0004]
	着工:[0.0000,0.0000,0.0000,0.0003]
	震災:[0.0000,0.0000,0.0000,0.0001]
	改修:[0.0000,0.0000,0.0000,0.0002]
	れる:[0.0089,0.0087,0.0070,0.0045]
	公共:[0.0000,0.0000,0.0001,0.0001]
	年度:[0.0001,0.0000,0.0000,0.0012]
	つく:[0.0013,0.0016,0.0009,0.0004]
	基本:[0.0010,0.0004,0.0001,0.0003]
	日本:[0.0009,0.0006,0.0009,0.0018]
	する:[0.0382,0.0384,0.0461,0.0182]
	言う:[0.0010,0.0013,0.0005,0.0004]
	いる:[0.0126,0.0131,0.0081,0.0100]
	関連:[0.0000,0.0000,0.0000,0.0003]
	業界:[0.0000,0.0001,0.0000,0.0007]
	さらに:[0.0005,0.0007,0.0031,0.0008]
	なる:[0.0108,0.0091,0.0074,0.0069]
	リニューアル:[0.0000,0.0000,0.0000,0.0001]
	こと:[0.0098,0.0094,0.0087,0.0051]
	安倍:[0.0000,0.0000,0.0000,0.0003]
	たい:[0.0013,0.0013,0.0014,0.0010]
	人件:[0.0000,0.0000,0.0001,0.0001]
	急ピッチだ:[0.0000,0.0000,0.0000,0.0001]
	見る:[0.0008,0.0020,0.0005,0.0013]
	もの:[0.0027,0.0031,0.0016,0.0008]
	建設:[0.0003,0.0001,0.0000,0.0007]
	上がる:[0.0002,0.0002,0.0006,0.0005]
	大きな:[0.0005,0.0016,0.0003,0.0005]
	需要:[0.0000,0.0000,0.0000,0.0009]
	構造:[0.0048,0.0028,0.0001,0.0017]
	不利だ:[0.0000,0.0000,0.0000,0.0002]
	平成:[0.0001,0.0000,0.0000,0.0004]
	オリンピック:[0.0000,0.0000,0.0000,0.0001]
	続ける:[0.0004,0.0002,0.0000,0.0005]
	上昇:[0.0004,0.0001,0.0013,0.0115]
	まで:[0.0020,0.0015,0.0016,0.0015]
	要因:[0.0012,0.0004,0.0001,0.0004]
	くる:[0.0012,0.0017,0.0007,0.0011]
	建築:[0.0001,0.0000,0.0001,0.0003]
	増加:[0.0000,0.0000,0.0001,0.0054]
	のだ:[0.0071,0.0069,0.0054,0.0039]
	国土:[0.0000,0.0000,0.0000,0.0006]
	全国:[0.0001,0.0000,0.0000,0.0007]
	状況:[0.0018,0.0003,0.0003,0.0004]
	年額:[0.0000,0.0000,0.0000,0.0001]
	復興:[0.0000,0.0000,0.0000,0.0001]
	人材:[0.0000,0.0000,0.0000,0.0003]
	見える:[0.0005,0.0008,0.0008,0.0001]
	インフラ:[0.0000,0.0000,0.0000,0.0001]
	高騰:[0.0000,0.0000,0.0000,0.0016]
	一方:[0.0034,0.0002,0.0001,0.0026]
	東京:[0.0001,0.0007,0.0002,0.0011]
	地中:[0.0000,0.0000,0.0000,0.0001]
	考える:[0.0013,0.0013,0.0004,0.0007]
	整備:[0.0000,0.0000,0.0000,0.0001]
	向ける:[0.0000,0.0003,0.0017,0.0003]
	気配:[0.0000,0.0000,0.0000,0.0001]
	られる:[0.0027,0.0025,0.0013,0.0015]
	から:[0.0058,0.0059,0.0058,0.0033]
	ない:[0.0106,0.0085,0.0077,0.0062]
	労働:[0.0001,0.0000,0.0000,0.0003]
	道路:[0.0000,0.0000,0.0005,0.0001]
	など:[0.0054,0.0053,0.0021,0.0019]
	政権:[0.0000,0.0000,0.0000,0.0001]
	新築:[0.0000,0.0000,0.0000,0.0001]
	平均:[0.0014,0.0001,0.0000,0.0086]
	競技:[0.0000,0.0000,0.0000,0.0001]
	工事:[0.0000,0.0000,0.0014,0.0010]
	電線:[0.0000,0.0000,0.0000,0.0001]
	みる:[0.0012,0.0014,0.0005,0.0011]
	厚生:[0.0000,0.0000,0.0000,0.0003]
	交通:[0.0001,0.0000,0.0000,0.0003]
	会場:[0.0000,0.0000,0.0000,0.0001]
	強靭だ:[0.0000,0.0000,0.0000,0.0001]
	住宅:[0.0003,0.0001,0.0012,0.0007]
	新規だ:[0.0000,0.0001,0.0000,0.0001]
	高速道:[0.0000,0.0000,0.0000,0.0001]
True-Positive

True-Negative:0
False-Positive:5
True-Positive:4
False-Negative:0
precision = 0.444444
recall = 1.000000
fvalue = 0.615385