Section:4
	Ｆｌａｇ：：００１０
	このキャンペーンは成功を収めました。
	「現在３３９人の生徒がいますが、３分の１以上はピグミー族の子どもたちです」（ムヒヤ校長）
Score:0.0019537957295
EACH_TAG_SCORE:
	image:0.000578350157039
	table:0.000516132588516
	graph:0.000406457983005
	flow:0.00045285500094
PARA:
Clueword:
	収める:[0.0000,0.0000,0.0000,0.0001]
	子ども:[0.0000,0.0000,0.0000,0.0005]
	キャンペーン:[0.0000,0.0000,0.0000,0.0001]
	ます:[0.0231,0.0273,0.0228,0.0151]
	成功:[0.0001,0.0001,0.0001,0.0002]
	ムヒヤ:[0.0000,0.0000,0.0000,0.0001]
	ピグミー:[0.0000,0.0001,0.0000,0.0001]
	たち:[0.0003,0.0002,0.0000,0.0005]
	いる:[0.0126,0.0131,0.0081,0.0100]
	生徒:[0.0001,0.0001,0.0000,0.0005]
	現在:[0.0004,0.0003,0.0014,0.0003]
	校長:[0.0000,0.0000,0.0000,0.0001]
	以上:[0.0010,0.0009,0.0006,0.0017]
True-Positive

Section:1
	Ｆｌａｇ：：００００
	１年前に民族グループ間で暴力的な紛争が起こり、ジャネットさんは村から避難しなくてはいけなくなりました。
	ジャネットさんは現在、学校の平和委員会に参加し、積極的に活動しています。
	学校で劇などによる啓発活動を企画し、コミュニティで不和が生じている民族グループの架け橋となっています。
	民族間紛争
	平和構築に関する劇を演じるジャネットさん（１４歳）。
	ジャネットさんが暮らす地域では民族間で不和が生じており、ユニセフの支援のもと、平和構築プログラムが実施されている。
	平和構築に関する劇を演じるジャネットさん（１４歳）。
	ジャネットさんが暮らす地域では民族間で不和が生じており、ユニセフの支援のもと、平和構築プログラムが実施されている。
Score:0.0013707379593
EACH_TAG_SCORE:
	image:0.000392133167708
	table:0.000393596297547
	graph:0.000230281775154
	flow:0.000354726718893
PARA:
Clueword:
	よる:[0.0025,0.0031,0.0031,0.0025]
	ジャネット:[0.0000,0.0002,0.0000,0.0000]
	紛争:[0.0002,0.0002,0.0000,0.0000]
	平和だ:[0.0000,0.0001,0.0000,0.0003]
	活動:[0.0001,0.0001,0.0001,0.0001]
	れる:[0.0089,0.0087,0.0070,0.0045]
	さん:[0.0004,0.0007,0.0003,0.0007]
	なる:[0.0108,0.0091,0.0074,0.0069]
	支援:[0.0000,0.0000,0.0000,0.0001]
	民族:[0.0001,0.0002,0.0000,0.0003]
	する:[0.0382,0.0384,0.0461,0.0182]
	いる:[0.0126,0.0131,0.0081,0.0100]
	現在:[0.0004,0.0003,0.0014,0.0003]
	避難:[0.0000,0.0000,0.0000,0.0000]
	ユニセフ:[0.0000,0.0000,0.0000,0.0001]
	参加:[0.0001,0.0001,0.0000,0.0000]
	構築:[0.0000,0.0000,0.0000,0.0000]
	もと:[0.0000,0.0000,0.0000,0.0001]
	暮らす:[0.0000,0.0001,0.0000,0.0001]
	コミュニティ:[0.0000,0.0000,0.0001,0.0001]
	暴力:[0.0000,0.0000,0.0000,0.0000]
	学校:[0.0001,0.0001,0.0000,0.0001]
	生ずる:[0.0001,0.0000,0.0000,0.0000]
	委員:[0.0001,0.0002,0.0005,0.0000]
	ます:[0.0231,0.0273,0.0228,0.0151]
	実施:[0.0002,0.0000,0.0000,0.0000]
	から:[0.0058,0.0059,0.0058,0.0033]
	プログラム:[0.0004,0.0000,0.0000,0.0001]
	地域:[0.0008,0.0004,0.0000,0.0007]
	など:[0.0054,0.0053,0.0021,0.0019]
	おる:[0.0001,0.0006,0.0000,0.0003]
	積極:[0.0001,0.0001,0.0000,0.0000]
	起こる:[0.0004,0.0004,0.0000,0.0005]
	的だ:[0.0050,0.0029,0.0019,0.0013]
	グループ:[0.0001,0.0002,0.0000,0.0000]
	関する:[0.0002,0.0000,0.0001,0.0002]
	いけない:[0.0004,0.0002,0.0001,0.0001]
	ない:[0.0106,0.0085,0.0077,0.0062]
False-Positive

Section:2
	Ｆｌａｇ：：１０００
	校庭から数メートル離れたマンゴーの木の下で、ジャネットさん（１４歳）がゴンベ・ワナ村の住民から大きな拍手を浴びています。
	ジャネットさんたちは、窃盗を巡って暴力的に衝突した村の２人の若者が、平和的に和解をする様子を描いた劇を演じました。
	ジャネットさんは数カ月前に学校の平和委員会に参加し、平和構築についての意識を高めるための活動を行っています。
	コンゴ民主共和国の農村部にあるこの地域には、バンツー族とピグミー族が暮らしています。
	ジャネットさんはピグミー族出身ですが、２つの民族が同じ地域で暮らすことで、時として紛争へと発展してしまうのです。
	２０１５年はじめにピグミー族とバンツー族の間で紛争が勃発し、ジャネットさんはマノノ地域にある村からの避難を強いられました。
Score:0.00130506378661
EACH_TAG_SCORE:
	image:0.000385782367665
	table:0.00037284542216
	graph:0.000212282794294
	flow:0.00033415320249
PARA:
Clueword:
	ピグミー:[0.0000,0.0001,0.0000,0.0001]
	同じだ:[0.0013,0.0010,0.0005,0.0009]
	ジャネット:[0.0000,0.0002,0.0000,0.0000]
	紛争:[0.0002,0.0002,0.0000,0.0000]
	平和だ:[0.0000,0.0001,0.0000,0.0003]
	様子:[0.0000,0.0001,0.0000,0.0000]
	バンツー:[0.0000,0.0001,0.0000,0.0000]
	活動:[0.0001,0.0001,0.0001,0.0001]
	さん:[0.0004,0.0007,0.0003,0.0007]
	しまう:[0.0018,0.0023,0.0025,0.0012]
	時として:[0.0000,0.0001,0.0000,0.0000]
	演ずる:[0.0000,0.0000,0.0000,0.0000]
	住民:[0.0000,0.0000,0.0000,0.0000]
	する:[0.0382,0.0384,0.0461,0.0182]
	いる:[0.0126,0.0131,0.0081,0.0100]
	意識:[0.0003,0.0001,0.0005,0.0001]
	こと:[0.0098,0.0094,0.0087,0.0051]
	衝突:[0.0000,0.0001,0.0001,0.0000]
	マンゴー:[0.0000,0.0000,0.0000,0.0000]
	和解:[0.0000,0.0000,0.0000,0.0000]
	ゴンベ:[0.0000,0.0000,0.0000,0.0000]
	避難:[0.0000,0.0000,0.0000,0.0000]
	ワナ:[0.0000,0.0000,0.0000,0.0000]
	つく:[0.0013,0.0016,0.0009,0.0004]
	民族:[0.0001,0.0002,0.0000,0.0003]
	参加:[0.0001,0.0001,0.0000,0.0000]
	若者:[0.0001,0.0001,0.0001,0.0001]
	構築:[0.0000,0.0000,0.0000,0.0000]
	拍手:[0.0000,0.0000,0.0000,0.0000]
	暮らす:[0.0000,0.0001,0.0000,0.0001]
	たち:[0.0003,0.0002,0.0000,0.0005]
	大きな:[0.0005,0.0016,0.0003,0.0005]
	暴力:[0.0000,0.0000,0.0000,0.0000]
	校庭:[0.0000,0.0000,0.0000,0.0000]
	学校:[0.0001,0.0001,0.0000,0.0001]
	的だ:[0.0050,0.0029,0.0019,0.0013]
	委員:[0.0001,0.0002,0.0005,0.0000]
	ます:[0.0231,0.0273,0.0228,0.0151]
	のだ:[0.0071,0.0069,0.0054,0.0039]
	行く:[0.0006,0.0004,0.0002,0.0002]
	から:[0.0058,0.0059,0.0058,0.0033]
	強いる:[0.0000,0.0000,0.0000,0.0000]
	マノノ:[0.0000,0.0000,0.0000,0.0001]
	はじめる:[0.0002,0.0003,0.0000,0.0000]
	発展:[0.0000,0.0001,0.0000,0.0009]
	カ月:[0.0001,0.0001,0.0001,0.0000]
	農村:[0.0001,0.0000,0.0000,0.0000]
	出身:[0.0000,0.0002,0.0000,0.0004]
	コンゴ民主共和国:[0.0000,0.0000,0.0000,0.0000]
	られる:[0.0027,0.0025,0.0013,0.0015]
	地域:[0.0008,0.0004,0.0000,0.0007]
	高める:[0.0001,0.0001,0.0000,0.0001]
	浴びる:[0.0000,0.0001,0.0000,0.0000]
	ある:[0.0114,0.0105,0.0052,0.0037]
	ため:[0.0030,0.0033,0.0027,0.0025]
	描く:[0.0000,0.0001,0.0000,0.0000]
	メートル:[0.0000,0.0000,0.0000,0.0000]
	巡る:[0.0000,0.0000,0.0000,0.0000]
	勃発:[0.0000,0.0000,0.0000,0.0000]
	離れる:[0.0001,0.0002,0.0001,0.0000]
	窃盗:[0.0000,0.0001,0.0000,0.0000]
True-Positive

Section:6
	Ｆｌａｇ：：００１０
	マノノとカレミ、タンガニーカ州のニュンズ１区と２区で、合わせて１６５以上の学校がユニセフの支援を受け、平和の地固めのための活動を行っています。
	２０１２年以降、平和のための学習プログラムは、アフリカ西部と中部の２００万人以上の子どもたちとコミュニティの生活によい影響をもたらしています。
Score:0.00109699078385
EACH_TAG_SCORE:
	image:0.000319536729505
	table:0.000290158037871
	graph:0.000241078228232
	flow:0.000246217788242
PARA:
Clueword:
	コミュニティ:[0.0000,0.0000,0.0001,0.0001]
	子ども:[0.0000,0.0000,0.0000,0.0005]
	学校:[0.0001,0.0001,0.0000,0.0001]
	合わせる:[0.0004,0.0009,0.0001,0.0001]
	平和だ:[0.0000,0.0001,0.0000,0.0003]
	以降:[0.0001,0.0000,0.0019,0.0020]
	ます:[0.0231,0.0273,0.0228,0.0151]
	カレミ:[0.0000,0.0000,0.0000,0.0001]
	生活:[0.0003,0.0004,0.0000,0.0001]
	活動:[0.0001,0.0001,0.0001,0.0001]
	行く:[0.0006,0.0004,0.0002,0.0002]
	中部:[0.0000,0.0000,0.0000,0.0001]
	マノノ:[0.0000,0.0000,0.0000,0.0001]
	受ける:[0.0005,0.0001,0.0002,0.0002]
	よい:[0.0014,0.0014,0.0004,0.0004]
	プログラム:[0.0004,0.0000,0.0000,0.0001]
	地固め:[0.0000,0.0000,0.0000,0.0001]
	たち:[0.0003,0.0002,0.0000,0.0005]
	ニュンズ:[0.0000,0.0000,0.0000,0.0001]
	いる:[0.0126,0.0131,0.0081,0.0100]
	タンガニーカ:[0.0000,0.0000,0.0000,0.0001]
	西部:[0.0000,0.0000,0.0000,0.0001]
	ため:[0.0030,0.0033,0.0027,0.0025]
	ユニセフ:[0.0000,0.0000,0.0000,0.0001]
	学習:[0.0004,0.0000,0.0000,0.0001]
	支援:[0.0000,0.0000,0.0000,0.0001]
	以上:[0.0010,0.0009,0.0006,0.0017]
	影響:[0.0004,0.0006,0.0005,0.0007]
	もたらす:[0.0000,0.0000,0.0001,0.0001]
	アフリカ:[0.0001,0.0001,0.0000,0.0004]
True-Positive

Section:3
	Ｆｌａｇ：：００００
	「村が襲撃され、焼かれてしまいました。家族全員、避難しなくてはいけませんでした」と、ジャネットさんが語ります。
	「数日間歩き続けて、避難民キャンプに身を寄せるようになりました。しかし、そこも襲撃され、放火されてしまいました。それから、ニュンズ市にある古い倉庫に身を隠しました」
	数週間、報復を恐れた１万５０００人以上の人々が倉庫に身を隠していました。
	そのほとんどが、女性や子どもたちです。
	現地当局による仲介により、戦闘は終わりを迎えました。
	緊張の火種
	劇を演じ、２人の少年が平和的に和解できるように見守るジャネットさん。
	ユニセフの支援を受け、ジャネットさんが通う学校でも、平和構築の活動が行われている。
	劇を演じ、２人の少年が平和的に和解できるように見守るジャネットさん。
	ユニセフの支援を受け、ジャネットさんが通う学校でも、平和構築の活動が行われている。
	しかしその後も多くの避難民は自宅に戻ることができませんでした。
	「現地当局は、避難民の人たちが再び畑で仕事をし、日常の生活を送ることができるようにするため、村に再定住させることを決定しました」と、ニュンズ２区教育省行政区長のデルピン・ワンゲ・ビン・プングさんが語ります。
	「ピグミー族とバンツー族は、常に密な相互依存の関係にあります。ほとんどのケースで、ピグミー族がバンツー族に雇われて仕事をしています。しかし、ピグミー族は社会から疎外され、土地や学校などの基本的な社会サービスへのアクセスが限られていることがよくあります」と、プングさんが話します。
	「この差別が地域の緊張の源となっており、わずかな火種がこのような状況にまで悪化してしまうことがあるのです」
	学校に通う子どもたちの姿は、平和の象徴
	ユニセフの支援のもと、政府は村の学校の再開に優先的に力を入れました。
	「いくつかの学校は紛争下で荒され、放火されました。そして、多くの先生が避難していきました」と、ゴンベ・ワナの学校のガストン・ムグンガ・ムヒヤ校長先生が語りました。
	「両親に子どもたちを再び学校に通わせるように伝えるため、戸別訪問の啓発活動キャンペーンも実施しました」
Score:0.000760132247705
EACH_TAG_SCORE:
	image:0.00021074432637
	table:0.000218785993552
	graph:0.000131541831246
	flow:0.000199060096536
PARA:
Clueword:
	ピグミー:[0.0000,0.0001,0.0000,0.0001]
	ゴンベ:[0.0000,0.0000,0.0000,0.0000]
	伝える:[0.0003,0.0005,0.0001,0.0002]
	平和だ:[0.0000,0.0001,0.0000,0.0003]
	バンツー:[0.0000,0.0001,0.0000,0.0000]
	できる:[0.0045,0.0045,0.0023,0.0015]
	れる:[0.0089,0.0087,0.0070,0.0045]
	さん:[0.0004,0.0007,0.0003,0.0007]
	なる:[0.0108,0.0091,0.0074,0.0069]
	演ずる:[0.0000,0.0000,0.0000,0.0000]
	たち:[0.0003,0.0002,0.0000,0.0005]
	基本:[0.0010,0.0004,0.0001,0.0003]
	まで:[0.0020,0.0015,0.0016,0.0015]
	状況:[0.0018,0.0003,0.0003,0.0004]
	話す:[0.0001,0.0002,0.0006,0.0007]
	送る:[0.0001,0.0001,0.0001,0.0000]
	地域:[0.0008,0.0004,0.0000,0.0007]
	日常:[0.0002,0.0002,0.0000,0.0002]
	校長:[0.0000,0.0000,0.0000,0.0001]
	避難:[0.0000,0.0000,0.0000,0.0000]
	ほとんど:[0.0006,0.0007,0.0001,0.0018]
	悪化:[0.0000,0.0001,0.0003,0.0014]
	家族:[0.0005,0.0001,0.0000,0.0000]
	相互:[0.0000,0.0000,0.0001,0.0001]
	多く:[0.0005,0.0006,0.0001,0.0054]
	学校:[0.0001,0.0001,0.0000,0.0001]
	政府:[0.0000,0.0000,0.0003,0.0003]
	続ける:[0.0004,0.0002,0.0000,0.0005]
	いける:[0.0002,0.0001,0.0000,0.0004]
	再開:[0.0000,0.0000,0.0001,0.0000]
	実施:[0.0002,0.0000,0.0000,0.0000]
	限る:[0.0002,0.0001,0.0000,0.0004]
	トン:[0.0000,0.0000,0.0000,0.0001]
	訪問:[0.0001,0.0000,0.0000,0.0000]
	歩く:[0.0000,0.0000,0.0000,0.0000]
	自宅:[0.0000,0.0000,0.0000,0.0000]
	女性:[0.0006,0.0006,0.0002,0.0009]
	常に:[0.0002,0.0001,0.0000,0.0001]
	週間:[0.0002,0.0000,0.0000,0.0002]
	ニュンズ:[0.0000,0.0000,0.0000,0.0001]
	先生:[0.0000,0.0000,0.0001,0.0000]
	依存:[0.0000,0.0000,0.0000,0.0001]
	ある:[0.0114,0.0105,0.0052,0.0037]
	戻る:[0.0001,0.0001,0.0003,0.0001]
	語る:[0.0000,0.0000,0.0000,0.0001]
	など:[0.0054,0.0053,0.0021,0.0019]
	おる:[0.0001,0.0006,0.0000,0.0003]
	行政:[0.0000,0.0000,0.0000,0.0001]
	全員:[0.0001,0.0000,0.0000,0.0001]
	ため:[0.0030,0.0033,0.0027,0.0025]
	教育:[0.0000,0.0000,0.0000,0.0000]
	雇う:[0.0000,0.0000,0.0000,0.0001]
	サービス:[0.0016,0.0002,0.0006,0.0000]
	仲介:[0.0003,0.0003,0.0005,0.0000]
	でも:[0.0029,0.0018,0.0004,0.0017]
	ない:[0.0106,0.0085,0.0077,0.0062]
	焼く:[0.0002,0.0002,0.0003,0.0000]
	恐れる:[0.0000,0.0001,0.0003,0.0001]
	よる:[0.0025,0.0031,0.0031,0.0025]
	終わる:[0.0002,0.0003,0.0004,0.0001]
	再び:[0.0000,0.0001,0.0002,0.0000]
	ジャネット:[0.0000,0.0002,0.0000,0.0000]
	紛争:[0.0002,0.0002,0.0000,0.0000]
	少年:[0.0003,0.0002,0.0000,0.0000]
	社会:[0.0001,0.0004,0.0000,0.0007]
	活動:[0.0001,0.0001,0.0001,0.0001]
	ムヒヤ:[0.0000,0.0000,0.0000,0.0001]
	しまう:[0.0018,0.0023,0.0025,0.0012]
	受ける:[0.0005,0.0001,0.0002,0.0002]
	支援:[0.0000,0.0000,0.0000,0.0001]
	子ども:[0.0000,0.0000,0.0000,0.0005]
	する:[0.0382,0.0384,0.0461,0.0182]
	いる:[0.0126,0.0131,0.0081,0.0100]
	現地:[0.0000,0.0001,0.0000,0.0002]
	迎える:[0.0003,0.0002,0.0000,0.0005]
	こと:[0.0098,0.0094,0.0087,0.0051]
	ユニセフ:[0.0000,0.0000,0.0000,0.0001]
	以上:[0.0010,0.0009,0.0006,0.0017]
	構築:[0.0000,0.0000,0.0000,0.0000]
	もと:[0.0000,0.0000,0.0000,0.0001]
	決定:[0.0002,0.0003,0.0002,0.0000]
	ようだ:[0.0040,0.0046,0.0063,0.0016]
	古い:[0.0000,0.0001,0.0000,0.0000]
	いく:[0.0011,0.0015,0.0023,0.0005]
	入れる:[0.0004,0.0003,0.0002,0.0000]
	通う:[0.0001,0.0001,0.0000,0.0001]
	キャンペーン:[0.0000,0.0000,0.0000,0.0001]
	的だ:[0.0050,0.0029,0.0019,0.0013]
	和解:[0.0000,0.0000,0.0000,0.0000]
	行う:[0.0007,0.0006,0.0022,0.0001]
	ます:[0.0231,0.0273,0.0228,0.0151]
	生活:[0.0003,0.0004,0.0000,0.0001]
	関係:[0.0031,0.0040,0.0003,0.0010]
	のだ:[0.0071,0.0069,0.0054,0.0039]
	人々:[0.0002,0.0001,0.0000,0.0001]
	から:[0.0058,0.0059,0.0058,0.0033]
	火種:[0.0000,0.0000,0.0001,0.0000]
	土地:[0.0002,0.0001,0.0004,0.0000]
	優先:[0.0000,0.0000,0.0000,0.0002]
	仕事:[0.0003,0.0003,0.0005,0.0003]
	隠す:[0.0001,0.0000,0.0000,0.0000]
	ワナ:[0.0000,0.0000,0.0000,0.0000]
	せる:[0.0005,0.0017,0.0030,0.0006]
	アクセス:[0.0006,0.0002,0.0000,0.0000]
	よい:[0.0014,0.0014,0.0004,0.0004]
	その後:[0.0002,0.0002,0.0134,0.0001]
	そして:[0.0004,0.0004,0.0025,0.0001]
	緊張:[0.0001,0.0001,0.0000,0.0000]
	わずかだ:[0.0000,0.0001,0.0001,0.0000]
	見守る:[0.0000,0.0000,0.0001,0.0000]
	しかし:[0.0004,0.0004,0.0007,0.0004]
	ケース:[0.0036,0.0001,0.0000,0.0000]
	象徴:[0.0000,0.0000,0.0000,0.0000]
False-Positive

Section:5
	Ｆｌａｇ：：００００
	「今のように紛争後の状況では、学校が非常に重要な役割を果たします」と、ユニセフのチャンタル・カピンガ・ゼンバ教育専門官が語ります。
	「子どもたちが再び学校に通えるようになったということは、すべてにおいて、平和が戻ってきたという象徴なのです。それ以上に、学校は、共存への道を学ぶ機会を提供しています」
	平和的に共存するために
	ジャネットさんと地域の子どもたち。
	あらゆる人を受け入れ、調和的な生活を営むことができる能力は、まさに「平和のための学習プログラム」でユニセフが力を注いでいることです。
	このプログラムは、ユニセフ、オランダ政府、参加国の政府、そのほかの重要なパートナーの協力のもと実施されています。
	このイニシアチブは、紛争の危険がある地域や紛争後の復興段階にある地域を含め、紛争の影響を受ける地域のレジリエンス（回復力）や社会的統合、人間の安全保障の強化のために開始されました。
	特に、平和のための学習プログラムは、平和構築のための教育に関する政策や実施の強化を目指しています。
	「勉強だけでなく、子どもたちが自らの可能性を高め、平和に共存できるようにする力を身につけてほしいです」と、ゼンバ教育専門官が話します。
	学校でプログラムを行うことで、さまざまなレベルのコミュニティの人々に影響をもたらすことができます。
	まず、研修を受けた教員は、学校内で社会的統合を促進させる活動を率いていくことができます。
	研修を受けた教員の下で学習する子どもたちは、平和委員会に入ったり、コミュニティでの認識を高めるためのスポーツイベントや話し合い、劇を企画することで、平和をもたらす当事者になるのです。
	１０代の若者たちも、若者クラブで自分の意見を発表したり、活動を企画したりする機会を手にすることができます。
	学校は、異なる民族の人たちが一緒に集まる場所としての重要な役割も果たします。
	「子どもたちが一緒に遊んでいる姿を目することで、以前は特にＰＴＡや地域の活動で顔を合わせてもお互いに無視をしたり、交流を避けていた親たちも、相互理解をしていくのです」と、ムヒヤ校長先生が語ります。
Score:0.000730827268408
EACH_TAG_SCORE:
	image:0.000200904247146
	table:0.000208599111669
	graph:0.000121093144443
	flow:0.00020023076515
PARA:
Clueword:
	専門:[0.0003,0.0003,0.0001,0.0004]
	非常だ:[0.0006,0.0005,0.0000,0.0002]
	重要だ:[0.0007,0.0004,0.0000,0.0004]
	おく:[0.0014,0.0010,0.0010,0.0012]
	語る:[0.0000,0.0000,0.0000,0.0001]
	危険だ:[0.0001,0.0000,0.0000,0.0000]
	平和だ:[0.0000,0.0001,0.0000,0.0003]
	できる:[0.0045,0.0045,0.0023,0.0015]
	復興:[0.0000,0.0000,0.0000,0.0001]
	開始:[0.0000,0.0000,0.0002,0.0001]
	校長:[0.0000,0.0000,0.0000,0.0001]
	れる:[0.0089,0.0087,0.0070,0.0045]
	です:[0.0012,0.0010,0.0005,0.0006]
	なる:[0.0108,0.0091,0.0074,0.0069]
	クラブ:[0.0001,0.0000,0.0000,0.0000]
	安全だ:[0.0001,0.0001,0.0003,0.0002]
	たち:[0.0003,0.0002,0.0000,0.0005]
	人間:[0.0001,0.0002,0.0001,0.0000]
	的だ:[0.0050,0.0029,0.0019,0.0013]
	特に:[0.0004,0.0003,0.0002,0.0003]
	合わせる:[0.0004,0.0009,0.0001,0.0001]
	話す:[0.0001,0.0002,0.0006,0.0007]
	あらゆる:[0.0002,0.0004,0.0000,0.0000]
	勉強:[0.0009,0.0001,0.0000,0.0003]
	象徴:[0.0000,0.0000,0.0000,0.0000]
	イベント:[0.0000,0.0000,0.0000,0.0000]
	合う:[0.0004,0.0004,0.0000,0.0001]
	状況:[0.0018,0.0003,0.0003,0.0004]
	政府:[0.0000,0.0000,0.0003,0.0003]
	参加:[0.0001,0.0001,0.0000,0.0000]
	戻る:[0.0001,0.0001,0.0003,0.0001]
	教育:[0.0000,0.0000,0.0000,0.0000]
	目指す:[0.0001,0.0000,0.0000,0.0001]
	そのほか:[0.0000,0.0001,0.0000,0.0001]
	発表:[0.0001,0.0001,0.0000,0.0002]
	学校:[0.0001,0.0001,0.0000,0.0001]
	通える:[0.0000,0.0000,0.0001,0.0000]
	もたらす:[0.0000,0.0000,0.0001,0.0001]
	委員:[0.0001,0.0002,0.0005,0.0000]
	実施:[0.0002,0.0000,0.0000,0.0000]
	受け入れる:[0.0001,0.0000,0.0000,0.0000]
	くる:[0.0012,0.0017,0.0007,0.0011]
	まさに:[0.0001,0.0001,0.0000,0.0000]
	当事:[0.0000,0.0000,0.0000,0.0000]
	回復:[0.0003,0.0001,0.0004,0.0004]
	可能だ:[0.0009,0.0006,0.0008,0.0009]
	プログラム:[0.0004,0.0000,0.0000,0.0001]
	促進:[0.0002,0.0001,0.0000,0.0000]
	以前:[0.0002,0.0000,0.0000,0.0000]
	先生:[0.0000,0.0000,0.0001,0.0000]
	学ぶ:[0.0002,0.0001,0.0000,0.0000]
	保障:[0.0000,0.0001,0.0000,0.0005]
	ある:[0.0114,0.0105,0.0052,0.0037]
	研修:[0.0000,0.0000,0.0000,0.0000]
	相互:[0.0000,0.0000,0.0001,0.0001]
	高める:[0.0001,0.0001,0.0000,0.0001]
	ため:[0.0030,0.0033,0.0027,0.0025]
	提供:[0.0002,0.0000,0.0004,0.0000]
	注ぐ:[0.0000,0.0000,0.0001,0.0000]
	影響:[0.0004,0.0006,0.0005,0.0007]
	関する:[0.0002,0.0000,0.0001,0.0002]
	ない:[0.0106,0.0085,0.0077,0.0062]
	レベル:[0.0005,0.0000,0.0002,0.0001]
	遊ぶ:[0.0001,0.0000,0.0000,0.0000]
	コミュニティ:[0.0000,0.0000,0.0001,0.0001]
	さん:[0.0004,0.0007,0.0003,0.0007]
	再び:[0.0000,0.0001,0.0002,0.0000]
	ジャネット:[0.0000,0.0002,0.0000,0.0000]
	紛争:[0.0002,0.0002,0.0000,0.0000]
	社会:[0.0001,0.0004,0.0000,0.0007]
	活動:[0.0001,0.0001,0.0001,0.0001]
	つける:[0.0004,0.0008,0.0020,0.0000]
	能力:[0.0001,0.0000,0.0000,0.0001]
	ムヒヤ:[0.0000,0.0000,0.0000,0.0001]
	受ける:[0.0005,0.0001,0.0002,0.0002]
	自分:[0.0013,0.0009,0.0013,0.0008]
	果たす:[0.0001,0.0001,0.0000,0.0000]
	認識:[0.0001,0.0001,0.0011,0.0001]
	民族:[0.0001,0.0002,0.0000,0.0003]
	する:[0.0382,0.0384,0.0461,0.0182]
	機会:[0.0000,0.0000,0.0000,0.0002]
	集まる:[0.0006,0.0001,0.0000,0.0000]
	避ける:[0.0001,0.0001,0.0002,0.0003]
	こと:[0.0098,0.0094,0.0087,0.0051]
	役割:[0.0001,0.0000,0.0000,0.0000]
	ユニセフ:[0.0000,0.0000,0.0000,0.0001]
	学習:[0.0004,0.0000,0.0000,0.0001]
	入る:[0.0005,0.0010,0.0008,0.0003]
	以上:[0.0010,0.0009,0.0006,0.0017]
	若者:[0.0001,0.0001,0.0001,0.0001]
	構築:[0.0000,0.0000,0.0000,0.0000]
	もと:[0.0000,0.0000,0.0000,0.0001]
	だけ:[0.0014,0.0013,0.0014,0.0007]
	ほしい:[0.0002,0.0002,0.0000,0.0000]
	ようだ:[0.0040,0.0046,0.0063,0.0016]
	一緒だ:[0.0001,0.0001,0.0000,0.0003]
	いく:[0.0011,0.0015,0.0023,0.0005]
	いう:[0.0059,0.0048,0.0034,0.0042]
	子ども:[0.0000,0.0000,0.0000,0.0005]
	いる:[0.0126,0.0131,0.0081,0.0100]
	行う:[0.0007,0.0006,0.0022,0.0001]
	ます:[0.0231,0.0273,0.0228,0.0151]
	まず:[0.0007,0.0007,0.0190,0.0001]
	生活:[0.0003,0.0004,0.0000,0.0001]
	異なる:[0.0019,0.0007,0.0002,0.0001]
	のだ:[0.0071,0.0069,0.0054,0.0039]
	政策:[0.0001,0.0001,0.0004,0.0004]
	交流:[0.0001,0.0000,0.0000,0.0000]
	含める:[0.0001,0.0000,0.0000,0.0003]
	すべて:[0.0004,0.0009,0.0002,0.0006]
	自ら:[0.0002,0.0000,0.0000,0.0000]
	無視:[0.0000,0.0001,0.0000,0.0000]
	地域:[0.0008,0.0004,0.0000,0.0007]
	せる:[0.0005,0.0017,0.0030,0.0006]
	スポーツ:[0.0005,0.0004,0.0000,0.0001]
	場所:[0.0005,0.0004,0.0000,0.0000]
	意見:[0.0000,0.0000,0.0000,0.0000]
	さまざまだ:[0.0002,0.0001,0.0001,0.0000]
	理解:[0.0003,0.0005,0.0000,0.0001]
	強化:[0.0003,0.0000,0.0000,0.0000]
	段階:[0.0002,0.0002,0.0000,0.0001]
	人々:[0.0002,0.0001,0.0000,0.0001]
False-Positive

True-Negative:0
False-Positive:3
True-Positive:3
False-Negative:0
precision = 0.500000
recall = 1.000000
fvalue = 0.666667