Section:12
	Ｆｌａｇ：：０１００
	※解熱剤については、使用しない方がよいものもあります。
	アスピリンなどのサリチル酸解熱鎮痛薬、ジクロフェナクナトリウム、メフェナム酸がその代表的なものでずが、自己判断はぜず、必ず医師に相談してください。
Score:0.00313804424298
EACH_TAG_SCORE:
	image:0.000925113269427
	table:0.000926936932969
	graph:0.000451073487094
	flow:0.000834920553489
PARA:
Clueword:
	代表:[0.0003,0.0002,0.0000,0.0000]
	的だ:[0.0050,0.0029,0.0019,0.0013]
	使用:[0.0008,0.0008,0.0013,0.0000]
	ます:[0.0231,0.0273,0.0228,0.0151]
	アスピリン:[0.0000,0.0000,0.0000,0.0000]
	メフェナム:[0.0000,0.0000,0.0000,0.0000]
	相談:[0.0006,0.0001,0.0001,0.0003]
	サリチル:[0.0000,0.0000,0.0000,0.0000]
	ずが:[0.0000,0.0000,0.0000,0.0000]
	する:[0.0382,0.0384,0.0461,0.0182]
	判断:[0.0006,0.0007,0.0001,0.0000]
	自己:[0.0002,0.0001,0.0000,0.0002]
	鎮痛:[0.0001,0.0001,0.0000,0.0000]
	など:[0.0054,0.0053,0.0021,0.0019]
	必ず:[0.0002,0.0003,0.0004,0.0002]
	医師:[0.0001,0.0000,0.0000,0.0002]
	くださる:[0.0005,0.0014,0.0021,0.0009]
	解熱:[0.0001,0.0001,0.0000,0.0000]
	ある:[0.0114,0.0105,0.0052,0.0037]
	よい:[0.0014,0.0014,0.0004,0.0004]
	つく:[0.0013,0.0016,0.0009,0.0004]
	ジクロフェナクナトリウム:[0.0000,0.0000,0.0000,0.0000]
	はぜ:[0.0000,0.0000,0.0000,0.0000]
	ない:[0.0106,0.0085,0.0077,0.0062]
	もの:[0.0027,0.0031,0.0016,0.0008]
True-Positive

Section:3
	Ｆｌａｇ：：０００１
	インフルエンザに感染すると、１～５日の潜伏期間の後、３８°Ｃ以上の高熱や筋肉痛などの全身症状が現れます。
	健康な人であれば、その症状が３～７日間続いた後、治癒に向かいます。
	気管支炎や肺炎を併発しやすく、脳炎や心不全になる場合もあります。
Score:0.00303268074234
EACH_TAG_SCORE:
	image:0.000792890785666
	table:0.00106210011665
	graph:0.000466845041431
	flow:0.000710844798594
PARA:
Clueword:
	期間:[0.0003,0.0002,0.0005,0.0041]
	インフルエンザ:[0.0008,0.0002,0.0001,0.0005]
	続く:[0.0004,0.0003,0.0004,0.0013]
	潜伏:[0.0000,0.0000,0.0001,0.0000]
	治癒:[0.0000,0.0000,0.0001,0.0000]
	症状:[0.0045,0.0018,0.0003,0.0008]
	筋肉:[0.0002,0.0000,0.0001,0.0000]
	場合:[0.0357,0.0045,0.0023,0.0045]
	なる:[0.0108,0.0091,0.0074,0.0069]
	高熱:[0.0000,0.0000,0.0001,0.0000]
	する:[0.0382,0.0384,0.0461,0.0182]
	ます:[0.0231,0.0273,0.0228,0.0151]
	肺炎:[0.0003,0.0000,0.0001,0.0000]
	感染:[0.0002,0.0001,0.0001,0.0003]
	不全:[0.0000,0.0000,0.0001,0.0000]
	など:[0.0054,0.0053,0.0021,0.0019]
	気管支炎:[0.0000,0.0000,0.0001,0.0000]
	ある:[0.0114,0.0105,0.0052,0.0037]
	以上:[0.0010,0.0009,0.0006,0.0017]
	全身:[0.0003,0.0000,0.0003,0.0000]
	健康だ:[0.0001,0.0002,0.0001,0.0000]
	向かう:[0.0000,0.0001,0.0001,0.0001]
	やすい:[0.0029,0.0024,0.0011,0.0006]
	併発:[0.0000,0.0000,0.0001,0.0001]
	現れる:[0.0004,0.0002,0.0003,0.0000]
	脳炎:[0.0000,0.0000,0.0001,0.0000]
True-Positive

Section:9
	Ｆｌａｇ：：０１１０
	６５歳未満の健常者では７０～９０％の発病予防効果があり、合併症の併発や高齢者の死亡を減らす効果があることが知られています。
	行政もワクチンの接種を推奨しています。
	６５歳以上の高齢者とともに、６０～６４歳で心臓や呼吸器系、腎臓などの基礎疾患を持つ人をワクチン定期接種の対象と、法令により定めています。
Score:0.00276867117096
EACH_TAG_SCORE:
	image:0.000751357408502
	table:0.000747734793267
	graph:0.000606649197612
	flow:0.000662929771584
PARA:
Clueword:
	％:[0.0004,0.0000,0.0000,0.0261]
	する:[0.0382,0.0384,0.0461,0.0182]
	よる:[0.0025,0.0031,0.0031,0.0025]
	死亡:[0.0000,0.0000,0.0000,0.0001]
	ます:[0.0231,0.0273,0.0228,0.0151]
	接種:[0.0002,0.0000,0.0000,0.0005]
	疾患:[0.0002,0.0002,0.0000,0.0001]
	定める:[0.0002,0.0000,0.0000,0.0002]
	基礎:[0.0002,0.0000,0.0000,0.0004]
	予防:[0.0003,0.0001,0.0000,0.0003]
	発病:[0.0000,0.0001,0.0002,0.0001]
	れる:[0.0089,0.0087,0.0070,0.0045]
	推奨:[0.0002,0.0000,0.0000,0.0001]
	法令:[0.0000,0.0000,0.0000,0.0001]
	腎臓:[0.0001,0.0000,0.0000,0.0001]
	ワクチン:[0.0002,0.0000,0.0000,0.0003]
	いる:[0.0126,0.0131,0.0081,0.0100]
	ともに:[0.0001,0.0001,0.0001,0.0002]
	呼吸:[0.0001,0.0001,0.0000,0.0001]
	ある:[0.0114,0.0105,0.0052,0.0037]
	こと:[0.0098,0.0094,0.0087,0.0051]
	対象:[0.0003,0.0001,0.0000,0.0003]
	健常:[0.0000,0.0000,0.0000,0.0001]
	心臓:[0.0001,0.0000,0.0000,0.0001]
	行政:[0.0000,0.0000,0.0000,0.0001]
	など:[0.0054,0.0053,0.0021,0.0019]
	知る:[0.0007,0.0006,0.0002,0.0007]
	併発:[0.0000,0.0000,0.0001,0.0001]
	高齢:[0.0002,0.0001,0.0000,0.0014]
	以上:[0.0010,0.0009,0.0006,0.0017]
	減らす:[0.0005,0.0001,0.0003,0.0023]
	合併:[0.0000,0.0000,0.0000,0.0001]
	持つ:[0.0008,0.0008,0.0014,0.0001]
	定期:[0.0001,0.0000,0.0000,0.0001]
	効果:[0.0015,0.0010,0.0000,0.0005]
	未満:[0.0003,0.0000,0.0000,0.0002]
True-Positive

Section:4
	Ｆｌａｇ：：００１０
	インフルエンザウイルスには強力な感染力があり、いったん流行すると、年齢や性別を問わず、多くの人に短期間で感染が広がります。
	日本では毎年１１月～４月に流行が見られます。
	２００９年春、いわゆる「新型インフルエンザ」が流行したことは、まだ記憶に新しいでしょう。
Score:0.00241899490893
EACH_TAG_SCORE:
	image:0.000677867641185
	table:0.000675001531537
	graph:0.000433888674452
	flow:0.000632237061761
PARA:
Clueword:
	だろう:[0.0010,0.0005,0.0000,0.0003]
	多く:[0.0005,0.0006,0.0001,0.0054]
	期間:[0.0003,0.0002,0.0005,0.0041]
	インフルエンザ:[0.0008,0.0002,0.0001,0.0005]
	性別:[0.0010,0.0001,0.0000,0.0001]
	新型:[0.0001,0.0000,0.0000,0.0001]
	まだ:[0.0001,0.0001,0.0001,0.0002]
	強力だ:[0.0001,0.0000,0.0000,0.0001]
	毎年:[0.0000,0.0000,0.0000,0.0009]
	ます:[0.0231,0.0273,0.0228,0.0151]
	広がる:[0.0001,0.0001,0.0000,0.0004]
	年齢:[0.0010,0.0001,0.0000,0.0001]
	日本:[0.0009,0.0006,0.0009,0.0018]
	する:[0.0382,0.0384,0.0461,0.0182]
	ウイルス:[0.0004,0.0002,0.0002,0.0001]
	いったん:[0.0000,0.0000,0.0000,0.0001]
	られる:[0.0027,0.0025,0.0013,0.0015]
	感染:[0.0002,0.0001,0.0001,0.0003]
	流行:[0.0003,0.0002,0.0000,0.0004]
	新しい:[0.0002,0.0002,0.0004,0.0001]
	こと:[0.0098,0.0094,0.0087,0.0051]
	ある:[0.0114,0.0105,0.0052,0.0037]
	いわゆる:[0.0001,0.0000,0.0000,0.0001]
	見る:[0.0008,0.0020,0.0005,0.0013]
	問う:[0.0000,0.0000,0.0000,0.0001]
	記憶:[0.0000,0.0000,0.0000,0.0001]
True-Positive

Section:2
	Ｆｌａｇ：：０１００
	風邪とインフルエンザは症状も原因も症状もはっきり異なります。
	「風邪」は、のどの痛み、鼻水、咳（せき）などの症状を伴う呼吸器の急性炎症です。
	発熱、頭痛、食欲不振などが起こることもあります。
	健康な人でも年に数回程度かかるといわれています。
	「インフルエンザ」は、インフルエンザウイルスに感染することによって起こる病気です。
	普通の風邪よりも急激に発症し、症状が重いのが特徴。
Score:0.0023808007515
EACH_TAG_SCORE:
	image:0.000679797209254
	table:0.000755697368242
	graph:0.000380465358143
	flow:0.000564840815859
PARA:
Clueword:
	重い:[0.0004,0.0000,0.0000,0.0000]
	急性:[0.0001,0.0000,0.0000,0.0000]
	より:[0.0022,0.0013,0.0003,0.0013]
	インフルエンザ:[0.0008,0.0002,0.0001,0.0005]
	急激だ:[0.0000,0.0000,0.0000,0.0000]
	病気:[0.0004,0.0001,0.0000,0.0003]
	せく:[0.0001,0.0000,0.0000,0.0000]
	特徴:[0.0101,0.0020,0.0000,0.0002]
	いる:[0.0126,0.0131,0.0081,0.0100]
	症状:[0.0045,0.0018,0.0003,0.0008]
	異なる:[0.0019,0.0007,0.0002,0.0001]
	発症:[0.0000,0.0001,0.0005,0.0000]
	鼻水:[0.0001,0.0000,0.0000,0.0000]
	れる:[0.0089,0.0087,0.0070,0.0045]
	いう:[0.0059,0.0048,0.0034,0.0042]
	頭痛:[0.0001,0.0000,0.0000,0.0001]
	かかる:[0.0011,0.0002,0.0002,0.0002]
	不振だ:[0.0000,0.0000,0.0000,0.0000]
	でも:[0.0029,0.0018,0.0004,0.0017]
	する:[0.0382,0.0384,0.0461,0.0182]
	程度:[0.0014,0.0010,0.0008,0.0019]
	ウイルス:[0.0004,0.0002,0.0002,0.0001]
	ます:[0.0231,0.0273,0.0228,0.0151]
	こと:[0.0098,0.0094,0.0087,0.0051]
	感染:[0.0002,0.0001,0.0001,0.0003]
	呼吸:[0.0001,0.0001,0.0000,0.0001]
	ある:[0.0114,0.0105,0.0052,0.0037]
	風邪:[0.0002,0.0001,0.0000,0.0000]
	痛む:[0.0004,0.0007,0.0003,0.0001]
	など:[0.0054,0.0053,0.0021,0.0019]
	普通だ:[0.0002,0.0002,0.0000,0.0001]
	伴う:[0.0000,0.0000,0.0000,0.0002]
	はっきり:[0.0003,0.0004,0.0002,0.0000]
	発熱:[0.0001,0.0000,0.0000,0.0001]
	よる:[0.0025,0.0031,0.0031,0.0025]
	起こる:[0.0004,0.0004,0.0000,0.0005]
	健康だ:[0.0001,0.0002,0.0001,0.0000]
	食欲:[0.0001,0.0000,0.0000,0.0000]
	炎症:[0.0001,0.0000,0.0000,0.0000]
	原因:[0.0014,0.0009,0.0005,0.0008]
True-Positive

Section:6
	Ｆｌａｇ：：１１００
	インフルエンザの種類
	ヒトに感染するインフルエンザウイルスには、Ａ型・Ｂ型・Ｃ型の３つがあり、現在流行の中心となっているのはＡ型とＢ型です。
	Ａ型は症状が重篤になる傾向があり、死に至ることもあります。
	また感染力が強いため、大流行（パンデミック）を起こしやすく、過去には香港かぜやスペインかぜなどの世界的な流行で多くの死者を出しました。
	２００９年に世界中で流行したいわゆる「新型インフルエンザ」は、Ａ型、Ｈ１Ｎ１亜型というものでした。
	Ｂ型は、Ａ型よりも症状が比較的軽く、限られた地域で流行するケースが見られます。
	Ｃ型は鼻かぜ程度の軽い症状ですむことが多いウイルスです。
Score:0.0020091811949
EACH_TAG_SCORE:
	image:0.000547412475306
	table:0.000637587934748
	graph:0.000381885626954
	flow:0.000442295157888
PARA:
Clueword:
	より:[0.0022,0.0013,0.0003,0.0013]
	症状:[0.0045,0.0018,0.0003,0.0008]
	れる:[0.0089,0.0087,0.0070,0.0045]
	いう:[0.0059,0.0048,0.0034,0.0042]
	出す:[0.0007,0.0008,0.0006,0.0003]
	なる:[0.0108,0.0091,0.0074,0.0069]
	起こす:[0.0004,0.0004,0.0001,0.0001]
	ヒト:[0.0003,0.0001,0.0000,0.0000]
	する:[0.0382,0.0384,0.0461,0.0182]
	いる:[0.0126,0.0131,0.0081,0.0100]
	ウイルス:[0.0004,0.0002,0.0002,0.0001]
	られる:[0.0027,0.0025,0.0013,0.0015]
	感染:[0.0002,0.0001,0.0001,0.0003]
	現在:[0.0004,0.0003,0.0014,0.0003]
	こと:[0.0098,0.0094,0.0087,0.0051]
	種類:[0.0168,0.0024,0.0001,0.0004]
	いわゆる:[0.0001,0.0000,0.0000,0.0001]
	見る:[0.0008,0.0020,0.0005,0.0013]
	もの:[0.0027,0.0031,0.0016,0.0008]
	限る:[0.0002,0.0001,0.0000,0.0004]
	重篤だ:[0.0000,0.0000,0.0000,0.0000]
	パンデミック:[0.0000,0.0000,0.0000,0.0000]
	かぜ:[0.0001,0.0001,0.0000,0.0000]
	多く:[0.0005,0.0006,0.0001,0.0054]
	中心:[0.0003,0.0018,0.0001,0.0020]
	世界:[0.0007,0.0005,0.0008,0.0008]
	至る:[0.0001,0.0001,0.0000,0.0002]
	インフルエンザ:[0.0008,0.0002,0.0001,0.0005]
	多い:[0.0031,0.0023,0.0006,0.0031]
	新型:[0.0001,0.0000,0.0000,0.0001]
	ます:[0.0231,0.0273,0.0228,0.0151]
	強い:[0.0006,0.0005,0.0000,0.0001]
	また:[0.0013,0.0021,0.0018,0.0011]
	傾向:[0.0004,0.0002,0.0000,0.0115]
	死者:[0.0000,0.0000,0.0000,0.0001]
	すむ:[0.0000,0.0001,0.0000,0.0000]
	比較的:[0.0045,0.0005,0.0000,0.0028]
	程度:[0.0014,0.0010,0.0008,0.0019]
	流行:[0.0003,0.0002,0.0000,0.0004]
	ある:[0.0114,0.0105,0.0052,0.0037]
	スペイン:[0.0000,0.0000,0.0000,0.0000]
	過去:[0.0002,0.0001,0.0018,0.0009]
	など:[0.0054,0.0053,0.0021,0.0019]
	ため:[0.0030,0.0033,0.0027,0.0025]
	死ぬ:[0.0000,0.0000,0.0005,0.0000]
	香港:[0.0000,0.0000,0.0000,0.0000]
	的だ:[0.0050,0.0029,0.0019,0.0013]
	軽い:[0.0008,0.0010,0.0017,0.0000]
	ケース:[0.0036,0.0001,0.0000,0.0000]
	やすい:[0.0029,0.0024,0.0011,0.0006]
	地域:[0.0008,0.0004,0.0000,0.0007]
True-Positive

Section:11
	Ｆｌａｇ：：１１００
	インフルエンザの治療
	【一般療法】
	できるだけ安静にし、栄養と十分な睡眠を取ります。
	インフルエンザウイルスの空気中での活動や感染を抑えるために、加湿器などで室内の湿度を５０～６０％に保ちます。
	水分を十分に補います。
	お茶、スープ、ジュースなど何でもいいので飲みたいものを飲みます。
	【対症療法】
	発熱や関節痛などに対しては解熱鎮痛薬、鼻水やくしゃみに抗ヒスタミン薬などが用いられます。
	一方、インフルエンザの症状はインフルエンザウイルスに対して免疫が正常に働いている結果であり、薬で無理に抑えないほうがよいという考え方もあります。
	市販の薬を自己判断で使用することは、かえって逆効果になる場合があるので、医師の指示にしたがってください。
Score:0.00197325723969
EACH_TAG_SCORE:
	image:0.000519623774042
	table:0.000644839424925
	graph:0.000382393252374
	flow:0.00042640078835
PARA:
Clueword:
	栄養:[0.0000,0.0000,0.0000,0.0000]
	十分だ:[0.0002,0.0002,0.0003,0.0001]
	免疫:[0.0001,0.0001,0.0005,0.0001]
	一般:[0.0009,0.0006,0.0006,0.0000]
	湿度:[0.0000,0.0001,0.0001,0.0008]
	できる:[0.0045,0.0045,0.0023,0.0015]
	症状:[0.0045,0.0018,0.0003,0.0008]
	活動:[0.0001,0.0001,0.0001,0.0001]
	治療:[0.0003,0.0001,0.0000,0.0000]
	市販:[0.0001,0.0001,0.0000,0.0000]
	保つ:[0.0001,0.0001,0.0001,0.0000]
	よい:[0.0014,0.0014,0.0004,0.0004]
	何でも:[0.0001,0.0000,0.0000,0.0000]
	用いる:[0.0003,0.0002,0.0000,0.0000]
	する:[0.0382,0.0384,0.0461,0.0182]
	したがう:[0.0000,0.0000,0.0000,0.0000]
	いる:[0.0126,0.0131,0.0081,0.0100]
	ウイルス:[0.0004,0.0002,0.0002,0.0001]
	感染:[0.0002,0.0001,0.0001,0.0003]
	正常だ:[0.0000,0.0000,0.0000,0.0000]
	鎮痛:[0.0001,0.0001,0.0000,0.0000]
	くださる:[0.0005,0.0014,0.0021,0.0009]
	解熱:[0.0001,0.0001,0.0000,0.0000]
	発熱:[0.0001,0.0000,0.0000,0.0001]
	インフルエンザ:[0.0008,0.0002,0.0001,0.0005]
	もの:[0.0027,0.0031,0.0016,0.0008]
	ジュース:[0.0000,0.0000,0.0000,0.0000]
	指示:[0.0001,0.0000,0.0000,0.0000]
	結果:[0.0004,0.0004,0.0007,0.0011]
	だけ:[0.0014,0.0013,0.0014,0.0007]
	効果:[0.0015,0.0010,0.0000,0.0005]
	働く:[0.0003,0.0004,0.0005,0.0002]
	％:[0.0004,0.0000,0.0000,0.0261]
	いう:[0.0059,0.0048,0.0034,0.0042]
	いい:[0.0008,0.0008,0.0002,0.0005]
	取る:[0.0009,0.0006,0.0001,0.0003]
	療法:[0.0001,0.0001,0.0000,0.0000]
	場合:[0.0357,0.0045,0.0023,0.0045]
	使用:[0.0008,0.0008,0.0013,0.0000]
	水分:[0.0001,0.0004,0.0003,0.0000]
	加湿:[0.0000,0.0000,0.0000,0.0000]
	ます:[0.0231,0.0273,0.0228,0.0151]
	たい:[0.0013,0.0013,0.0014,0.0010]
	関節:[0.0002,0.0002,0.0000,0.0000]
	のだ:[0.0071,0.0069,0.0054,0.0039]
	かえる:[0.0000,0.0001,0.0000,0.0001]
	補う:[0.0001,0.0001,0.0000,0.0002]
	一方:[0.0034,0.0002,0.0001,0.0026]
	対症:[0.0000,0.0000,0.0000,0.0000]
	睡眠:[0.0001,0.0000,0.0000,0.0001]
	自己:[0.0002,0.0001,0.0000,0.0002]
	判断:[0.0006,0.0007,0.0001,0.0000]
	鼻水:[0.0001,0.0000,0.0000,0.0000]
	考える:[0.0013,0.0013,0.0004,0.0007]
	無理だ:[0.0000,0.0000,0.0000,0.0000]
	られる:[0.0027,0.0025,0.0013,0.0015]
	ある:[0.0114,0.0105,0.0052,0.0037]
	スープ:[0.0002,0.0001,0.0000,0.0001]
	飲む:[0.0002,0.0003,0.0006,0.0001]
	など:[0.0054,0.0053,0.0021,0.0019]
	医師:[0.0001,0.0000,0.0000,0.0002]
	なる:[0.0108,0.0091,0.0074,0.0069]
	逆だ:[0.0006,0.0003,0.0001,0.0003]
	ため:[0.0030,0.0033,0.0027,0.0025]
	対する:[0.0009,0.0005,0.0003,0.0000]
	安静だ:[0.0000,0.0000,0.0000,0.0000]
	抗ヒスタミン薬:[0.0000,0.0000,0.0000,0.0000]
	こと:[0.0098,0.0094,0.0087,0.0051]
	ほう:[0.0006,0.0001,0.0000,0.0001]
	ない:[0.0106,0.0085,0.0077,0.0062]
	抑える:[0.0003,0.0003,0.0003,0.0000]
	空気:[0.0001,0.0002,0.0001,0.0000]
	くしゃみ:[0.0001,0.0000,0.0000,0.0000]
True-Positive

Section:7
	Ｆｌａｇ：：０１１０
	インフルエンザの予防
	インフルエンザの予防に効果が期待できるのがワクチンの接種です。
	流行シーズンを迎える前の１１月ごろの接種をおすすめします。
	インフルエンザワクチンは、１３歳未満は原則として、２～４週間の間隔をおいて２回接種します。
	１３歳～６４歳は１回または２回かは医師と相談して決めてください。
	６５歳以上の高齢者や過去にインフルエンザにかかったことがある人なら、１回の予防接種でも十分な免疫力が得られるといわれています。
	効果が現われるのはおよそ２週間後からで、その後約５カ月間持続するといわれています。
Score:0.00185796700254
EACH_TAG_SCORE:
	image:0.000513602273523
	table:0.000526751444577
	graph:0.000311068956136
	flow:0.000506544328303
PARA:
Clueword:
	原則として:[0.0000,0.0000,0.0001,0.0001]
	免疫:[0.0001,0.0001,0.0005,0.0001]
	れる:[0.0089,0.0087,0.0070,0.0045]
	おく:[0.0014,0.0010,0.0010,0.0012]
	期待:[0.0001,0.0001,0.0001,0.0002]
	できる:[0.0045,0.0045,0.0023,0.0015]
	相談:[0.0006,0.0001,0.0001,0.0003]
	なら:[0.0020,0.0012,0.0003,0.0013]
	かかる:[0.0011,0.0002,0.0002,0.0002]
	ワクチン:[0.0002,0.0000,0.0000,0.0003]
	または:[0.0006,0.0007,0.0008,0.0001]
	いる:[0.0126,0.0131,0.0081,0.0100]
	こと:[0.0098,0.0094,0.0087,0.0051]
	くださる:[0.0005,0.0014,0.0021,0.0009]
	持続:[0.0000,0.0000,0.0013,0.0009]
	およそ:[0.0000,0.0000,0.0000,0.0001]
	以上:[0.0010,0.0009,0.0006,0.0017]
	すすめる:[0.0008,0.0007,0.0003,0.0001]
	間隔:[0.0001,0.0001,0.0000,0.0001]
	ごろ:[0.0000,0.0001,0.0000,0.0001]
	効果:[0.0015,0.0010,0.0000,0.0005]
	未満:[0.0003,0.0000,0.0000,0.0002]
	接種:[0.0002,0.0000,0.0000,0.0005]
	決める:[0.0004,0.0001,0.0004,0.0001]
	いう:[0.0059,0.0048,0.0034,0.0042]
	得る:[0.0003,0.0002,0.0002,0.0002]
	する:[0.0382,0.0384,0.0461,0.0182]
	インフルエンザ:[0.0008,0.0002,0.0001,0.0005]
	迎える:[0.0003,0.0002,0.0000,0.0005]
	ます:[0.0231,0.0273,0.0228,0.0151]
	シーズン:[0.0001,0.0001,0.0000,0.0001]
	予防:[0.0003,0.0001,0.0000,0.0003]
	から:[0.0058,0.0059,0.0058,0.0033]
	十分だ:[0.0002,0.0002,0.0003,0.0001]
	週間:[0.0002,0.0000,0.0000,0.0002]
	られる:[0.0027,0.0025,0.0013,0.0015]
	流行:[0.0003,0.0002,0.0000,0.0004]
	過去:[0.0002,0.0001,0.0018,0.0009]
	医師:[0.0001,0.0000,0.0000,0.0002]
	ある:[0.0114,0.0105,0.0052,0.0037]
	その後:[0.0002,0.0002,0.0134,0.0001]
	高齢:[0.0002,0.0001,0.0000,0.0014]
	でも:[0.0029,0.0018,0.0004,0.0017]
	現われる:[0.0000,0.0000,0.0000,0.0001]
True-Positive

Section:13
	Ｆｌａｇ：：０１００
	【抗ウイルス療法】
	インフルエンザウイルスに対する治療薬として、塩酸アマンタジンとノイラミニダーゼ阻害薬があります。
	塩酸アマンタジンはＡ型インフルエンザウイルスに有効で耐性が起こりやすいのですが、ノイラミニダーゼ阻害薬はＡ型、Ｂ型どちらのインフルエンザウイルスにも有効です。
	但し、これらの抗ウイルス薬は発病後４８時間以内に服用しないと効果がありません。
	また、現在日本ではノイラミニダーゼ阻害薬のリン酸オセルタミビルと塩酸アマンタジンを予防薬として使用することができますが、１３歳以上に限るという制限など、いくつかの条件があるので医療機関に相談してください。
	インフルエンザの流行情報
	インフルエンザの最新情報が、下記ホームページに掲載されていますので、こちらを参考にして予防対策を迅速に行ってください。
Score:0.0014874232649
EACH_TAG_SCORE:
	image:0.000425853180654
	table:0.000451991482638
	graph:0.000238737431239
	flow:0.000370841170372
PARA:
Clueword:
	オセルタミビル:[0.0000,0.0000,0.0000,0.0000]
	但し:[0.0001,0.0000,0.0000,0.0000]
	れる:[0.0089,0.0087,0.0070,0.0045]
	耐性:[0.0002,0.0000,0.0000,0.0001]
	条件:[0.0064,0.0007,0.0006,0.0001]
	できる:[0.0045,0.0045,0.0023,0.0015]
	発病:[0.0000,0.0001,0.0002,0.0001]
	相談:[0.0006,0.0001,0.0001,0.0003]
	対策:[0.0005,0.0005,0.0011,0.0003]
	治療:[0.0003,0.0001,0.0000,0.0000]
	情報:[0.0007,0.0001,0.0002,0.0000]
	阻害:[0.0003,0.0000,0.0005,0.0001]
	日本:[0.0009,0.0006,0.0009,0.0018]
	する:[0.0382,0.0384,0.0461,0.0182]
	いる:[0.0126,0.0131,0.0081,0.0100]
	ウイルス:[0.0004,0.0002,0.0002,0.0001]
	現在:[0.0004,0.0003,0.0014,0.0003]
	こと:[0.0098,0.0094,0.0087,0.0051]
	くださる:[0.0005,0.0014,0.0021,0.0009]
	療法:[0.0001,0.0001,0.0000,0.0000]
	以上:[0.0010,0.0009,0.0006,0.0017]
	制限:[0.0003,0.0001,0.0000,0.0000]
	最新だ:[0.0000,0.0000,0.0000,0.0000]
	効果:[0.0015,0.0010,0.0000,0.0005]
	限る:[0.0002,0.0001,0.0000,0.0004]
	下記:[0.0000,0.0012,0.0000,0.0002]
	起こる:[0.0004,0.0004,0.0000,0.0005]
	塩酸:[0.0001,0.0000,0.0000,0.0000]
	ホームページ:[0.0000,0.0000,0.0000,0.0000]
	いう:[0.0059,0.0048,0.0034,0.0042]
	インフルエンザ:[0.0008,0.0002,0.0001,0.0005]
	流行:[0.0003,0.0002,0.0000,0.0004]
	使用:[0.0008,0.0008,0.0013,0.0000]
	掲載:[0.0000,0.0000,0.0000,0.0000]
	ます:[0.0231,0.0273,0.0228,0.0151]
	アマンタジン:[0.0001,0.0000,0.0000,0.0000]
	また:[0.0013,0.0021,0.0018,0.0011]
	のだ:[0.0071,0.0069,0.0054,0.0039]
	行く:[0.0006,0.0004,0.0002,0.0002]
	参考:[0.0004,0.0002,0.0000,0.0000]
	医療:[0.0002,0.0001,0.0000,0.0000]
	ノイラミニダーゼ:[0.0001,0.0000,0.0000,0.0000]
	リン:[0.0000,0.0000,0.0000,0.0000]
	有効だ:[0.0003,0.0000,0.0001,0.0000]
	対する:[0.0009,0.0005,0.0003,0.0000]
	やすい:[0.0029,0.0024,0.0011,0.0006]
	など:[0.0054,0.0053,0.0021,0.0019]
	時間:[0.0011,0.0004,0.0004,0.0010]
	ある:[0.0114,0.0105,0.0052,0.0037]
	以内:[0.0001,0.0001,0.0001,0.0000]
	いく:[0.0011,0.0015,0.0023,0.0005]
	予防:[0.0003,0.0001,0.0000,0.0003]
	迅速だ:[0.0000,0.0000,0.0000,0.0000]
	ない:[0.0106,0.0085,0.0077,0.0062]
	機関:[0.0001,0.0001,0.0001,0.0001]
True-Positive

Section:5
	Ｆｌａｇ：：０１００
	インフルエンザの特徴
	潜伏期間．．．１～３日
	感染経路．．．おもに飛沫感染（※）
	発症．．．急激に３８°Ｃ以上の高熱が出る
	症状．．．悪寒、頭痛、関節痛、倦怠感などの全身症状、咳、痰（たん）、呼吸困難、腹痛、下痢などの胃腸症状など
	療養期間．．．一週間程度
	※飛沫とは、くしゃみや咳（せき）などで唾液や鼻水が小さな水滴となって飛び散ること。
Score:0.00069890601332
EACH_TAG_SCORE:
	image:0.000177456505062
	table:0.000261140864951
	graph:0.000136594622677
	flow:0.00012371402063
PARA:
Clueword:
	経路:[0.0000,0.0000,0.0000,0.0000]
	唾液:[0.0000,0.0000,0.0000,0.0000]
	期間:[0.0003,0.0002,0.0005,0.0041]
	インフルエンザ:[0.0008,0.0002,0.0001,0.0005]
	潜伏:[0.0000,0.0000,0.0001,0.0000]
	せく:[0.0001,0.0000,0.0000,0.0000]
	特徴:[0.0101,0.0020,0.0000,0.0002]
	症状:[0.0045,0.0018,0.0003,0.0008]
	関節:[0.0002,0.0002,0.0000,0.0000]
	発症:[0.0000,0.0001,0.0005,0.0000]
	頭痛:[0.0001,0.0000,0.0000,0.0001]
	高熱:[0.0000,0.0000,0.0001,0.0000]
	飛び散る:[0.0000,0.0000,0.0000,0.0000]
	小さな:[0.0002,0.0007,0.0001,0.0000]
	週間:[0.0002,0.0000,0.0000,0.0002]
	程度:[0.0014,0.0010,0.0008,0.0019]
	鼻水:[0.0001,0.0000,0.0000,0.0000]
	こと:[0.0098,0.0094,0.0087,0.0051]
	なる:[0.0108,0.0091,0.0074,0.0069]
	感染:[0.0002,0.0001,0.0001,0.0003]
	呼吸:[0.0001,0.0001,0.0000,0.0001]
	倦怠:[0.0002,0.0001,0.0000,0.0004]
	など:[0.0054,0.0053,0.0021,0.0019]
	困難だ:[0.0001,0.0000,0.0001,0.0001]
	出る:[0.0010,0.0008,0.0004,0.0006]
	全身:[0.0003,0.0000,0.0003,0.0000]
	水滴:[0.0000,0.0000,0.0001,0.0000]
	以上:[0.0010,0.0009,0.0006,0.0017]
	急激だ:[0.0000,0.0000,0.0000,0.0000]
	飛沫:[0.0000,0.0000,0.0000,0.0000]
	くしゃみ:[0.0001,0.0000,0.0000,0.0000]
True-Positive

Section:1
	Ｆｌａｇ：：００００
	インフルエンザの症状
Score:0.00043166293724
EACH_TAG_SCORE:
	image:9.86010208548e-05
	table:0.000251521528169
	graph:6.29149458607e-05
	flow:1.86254423561e-05
PARA:
Clueword:
	インフルエンザ:[0.0008,0.0002,0.0001,0.0005]
	症状:[0.0045,0.0018,0.0003,0.0008]
True-Negative

Section:10
	Ｆｌａｇ：：００００
	詳しくはお近くの保健所または医療機関にお問い合わせください。
Score:0.00021389977697
EACH_TAG_SCORE:
	image:7.00449911552e-05
	table:4.25991467981e-05
	graph:2.61974046715e-05
	flow:7.50582343455e-05
PARA:
Clueword:
	または:[0.0006,0.0007,0.0008,0.0001]
	くださる:[0.0005,0.0014,0.0021,0.0009]
	詳しい:[0.0002,0.0001,0.0000,0.0000]
	医療:[0.0002,0.0001,0.0000,0.0000]
	機関:[0.0001,0.0001,0.0001,0.0001]
	近く:[0.0002,0.0005,0.0001,0.0000]
True-Negative

Section:8
	Ｆｌａｇ：：００００
	費用は、自己負担で、１回／約３０００～５０００円程度です。
Score:0.000183984069176
EACH_TAG_SCORE:
	image:3.33709223012e-05
	table:4.98774111476e-05
	graph:7.53611813495e-05
	flow:2.53745543778e-05
PARA:
Clueword:
	自己:[0.0002,0.0001,0.0000,0.0002]
	程度:[0.0014,0.0010,0.0008,0.0019]
	費用:[0.0004,0.0002,0.0003,0.0009]
	負担:[0.0000,0.0000,0.0000,0.0000]
True-Negative

True-Negative:3
False-Positive:0
True-Positive:10
False-Negative:0
precision = 1.000000
recall = 1.000000
fvalue = 1.000000