Section:3
	スリ・置き引きに注意
	集団行動をしている際はつい気が緩みがちですが、スリはそんなあなたを狙っています！
Score:0.00549579185904
EACH_TAG_SCORE:
	image:0.00159713701664
	table:0.00147272639915
	graph:0.000884000105026
	flow:0.00154192833823
PARA:
Clueword:
	する:[0.0382,0.0384,0.0461,0.0182]
	スリ:[0.0000,0.0000,0.0000,0.0004]
	いる:[0.0126,0.0131,0.0081,0.0100]
	置く:[0.0002,0.0007,0.0005,0.0003]
	狙う:[0.0001,0.0001,0.0000,0.0000]
	あなた:[0.0001,0.0007,0.0001,0.0000]
	行動:[0.0001,0.0000,0.0000,0.0000]
	ます:[0.0231,0.0273,0.0228,0.0151]
	がちだ:[0.0003,0.0002,0.0000,0.0001]
	引く:[0.0000,0.0001,0.0000,0.0003]
	集団:[0.0000,0.0000,0.0004,0.0000]
	注意:[0.0003,0.0008,0.0007,0.0005]
	つい:[0.0000,0.0000,0.0000,0.0002]
worng file


Section:1
	Ｆｌａｇ：：１０００
	バルカン半島に位置する小さな小さな国、モンテネグロ。
	「アドリア海の秘宝」と呼ばれるこの国には、小さくも美しい町がたくさん点在します。
	クロアチアのドブロブニクからの日帰り旅行先としても人気で、近年少しずつではありますが、日本での知名度も上がってきているようです。
Score:0.00287589802313
EACH_TAG_SCORE:
	image:0.000862348245197
	table:0.00078322895561
	graph:0.000476687734132
	flow:0.00075363308819
PARA:
Clueword:
	呼ぶ:[0.0011,0.0008,0.0003,0.0000]
	点在:[0.0000,0.0000,0.0000,0.0000]
	たくさんだ:[0.0001,0.0002,0.0003,0.0000]
	日本:[0.0009,0.0006,0.0009,0.0018]
	ドブロブニク:[0.0000,0.0000,0.0000,0.0000]
	クロアチア:[0.0000,0.0000,0.0000,0.0000]
	少しずつ:[0.0000,0.0000,0.0000,0.0036]
	近年:[0.0000,0.0000,0.0013,0.0000]
	ます:[0.0231,0.0273,0.0228,0.0151]
	くる:[0.0012,0.0017,0.0007,0.0011]
	半島:[0.0000,0.0000,0.0000,0.0000]
	れる:[0.0089,0.0087,0.0070,0.0045]
	旅行:[0.0009,0.0000,0.0000,0.0007]
	小さな:[0.0002,0.0007,0.0001,0.0000]
	する:[0.0382,0.0384,0.0461,0.0182]
	いる:[0.0126,0.0131,0.0081,0.0100]
	位置:[0.0006,0.0062,0.0005,0.0001]
	ある:[0.0114,0.0105,0.0052,0.0037]
	日帰り:[0.0000,0.0000,0.0000,0.0000]
	バルカン:[0.0000,0.0000,0.0000,0.0000]
	人気:[0.0005,0.0004,0.0001,0.0001]
	モンテネグロ:[0.0000,0.0002,0.0000,0.0002]
	小さい:[0.0006,0.0015,0.0001,0.0027]
	美しい:[0.0001,0.0002,0.0000,0.0000]
	アドリア:[0.0000,0.0000,0.0000,0.0000]
	知名度:[0.0001,0.0000,0.0000,0.0000]
	ようだ:[0.0040,0.0046,0.0063,0.0016]
	から:[0.0058,0.0059,0.0058,0.0033]
	上がる:[0.0002,0.0002,0.0006,0.0005]
True-Positive

Section:6
	要チェック！スリのターゲットになりやすい人の６つの特徴
	ぼったくりタクシーにご用心！
	モンテネグロの観光地はどの町も見所がコンパクトにまとまっているため、基本的に観光中にタクシーを利用することはありません。
	また個人旅行をする際も、各都市間の移動はバスの利用が一般的なため、タクシーを利用する機会はあまりないかもしれません。
Score:0.0027226795733
EACH_TAG_SCORE:
	image:0.000776004805102
	table:0.000839497445015
	graph:0.000434436561927
	flow:0.000672740761254
PARA:
Clueword:
	スリ:[0.0000,0.0000,0.0000,0.0004]
	モンテネグロ:[0.0000,0.0002,0.0000,0.0002]
	しれる:[0.0002,0.0003,0.0000,0.0001]
	利用:[0.0010,0.0003,0.0000,0.0002]
	的だ:[0.0050,0.0029,0.0019,0.0013]
	特徴:[0.0101,0.0020,0.0000,0.0002]
	ます:[0.0231,0.0273,0.0228,0.0151]
	くる:[0.0012,0.0017,0.0007,0.0011]
	また:[0.0013,0.0021,0.0018,0.0011]
	一般:[0.0009,0.0006,0.0006,0.0000]
	なる:[0.0108,0.0091,0.0074,0.0069]
	用心:[0.0000,0.0000,0.0000,0.0002]
	ターゲット:[0.0001,0.0002,0.0004,0.0003]
	基本:[0.0010,0.0004,0.0001,0.0003]
	旅行:[0.0009,0.0000,0.0000,0.0007]
	する:[0.0382,0.0384,0.0461,0.0182]
	バス:[0.0002,0.0002,0.0000,0.0000]
	いる:[0.0126,0.0131,0.0081,0.0100]
	都市:[0.0006,0.0000,0.0001,0.0002]
	ある:[0.0114,0.0105,0.0052,0.0037]
	こと:[0.0098,0.0094,0.0087,0.0051]
	まとまる:[0.0001,0.0000,0.0000,0.0000]
	個人:[0.0004,0.0001,0.0004,0.0002]
	ため:[0.0030,0.0033,0.0027,0.0025]
	チェック:[0.0004,0.0004,0.0002,0.0003]
	コンパクト:[0.0000,0.0000,0.0000,0.0000]
	機会:[0.0000,0.0000,0.0000,0.0002]
	やすい:[0.0029,0.0024,0.0011,0.0006]
	タクシー:[0.0000,0.0000,0.0000,0.0005]
	ぼる:[0.0000,0.0000,0.0000,0.0005]
worng file


Section:7
	Ｆｌａｇ：：００１０
	ですが、もしタクシーを使う機会があれば、くれぐれもぼったくりタクシーにご注意ください！残念ながら、旅行者の足元を見て通常料金の３倍、４倍の値段をふっかける悪質なドライバーなどが稀にいるようです。
	でも、事前に対策をしていれば、ぼったくり被害に遭う確率をぐっと減らすことができます。
	下記記事をヒントに、被害に遭わないように用心してくださいね。
	ぼったくりタクシーに遭わないために、知っておきたいポイント
Score:0.00239151760314
EACH_TAG_SCORE:
	image:0.000671988415089
	table:0.000671133993481
	graph:0.000466141609025
	flow:0.000582253585544
PARA:
Clueword:
	ふっかける:[0.0000,0.0000,0.0000,0.0002]
	足元:[0.0000,0.0001,0.0000,0.0002]
	ヒント:[0.0000,0.0000,0.0000,0.0002]
	記事:[0.0002,0.0002,0.0000,0.0002]
	機会:[0.0000,0.0000,0.0000,0.0002]
	できる:[0.0045,0.0045,0.0023,0.0015]
	ます:[0.0231,0.0273,0.0228,0.0151]
	ぐっと:[0.0000,0.0000,0.0000,0.0002]
	たい:[0.0013,0.0013,0.0014,0.0010]
	くる:[0.0012,0.0017,0.0007,0.0011]
	確率:[0.0004,0.0001,0.0000,0.0110]
	ポイント:[0.0025,0.0005,0.0000,0.0014]
	対策:[0.0005,0.0005,0.0011,0.0003]
	注意:[0.0003,0.0008,0.0007,0.0005]
	用心:[0.0000,0.0000,0.0000,0.0002]
	残念だ:[0.0001,0.0000,0.0000,0.0002]
	旅行:[0.0009,0.0000,0.0000,0.0007]
	する:[0.0382,0.0384,0.0461,0.0182]
	遭う:[0.0000,0.0000,0.0000,0.0009]
	いる:[0.0126,0.0131,0.0081,0.0100]
	ですが:[0.0000,0.0000,0.0000,0.0002]
	事前:[0.0000,0.0001,0.0000,0.0002]
	ある:[0.0114,0.0105,0.0052,0.0037]
	ない:[0.0106,0.0085,0.0077,0.0062]
	もし:[0.0002,0.0000,0.0001,0.0006]
	使う:[0.0029,0.0025,0.0010,0.0006]
	料金:[0.0006,0.0000,0.0000,0.0002]
	くださる:[0.0005,0.0014,0.0021,0.0009]
	値段:[0.0003,0.0000,0.0000,0.0006]
	ながら:[0.0001,0.0005,0.0011,0.0005]
	ため:[0.0030,0.0033,0.0027,0.0025]
	悪質だ:[0.0000,0.0000,0.0000,0.0002]
	おく:[0.0014,0.0010,0.0010,0.0012]
	稀だ:[0.0002,0.0000,0.0000,0.0002]
	下記:[0.0000,0.0012,0.0000,0.0002]
	知る:[0.0007,0.0006,0.0002,0.0007]
	見る:[0.0008,0.0020,0.0005,0.0013]
	ドライバー:[0.0002,0.0000,0.0000,0.0002]
	減らす:[0.0005,0.0001,0.0003,0.0023]
	被害:[0.0000,0.0000,0.0000,0.0005]
	こと:[0.0098,0.0094,0.0087,0.0051]
	通常:[0.0003,0.0003,0.0003,0.0006]
	でも:[0.0029,0.0018,0.0004,0.0017]
	くれぐれも:[0.0000,0.0000,0.0000,0.0002]
	ようだ:[0.0040,0.0046,0.0063,0.0016]
	タクシー:[0.0000,0.0000,0.0000,0.0005]
	ぼる:[0.0000,0.0000,0.0000,0.0005]
	など:[0.0054,0.0053,0.0021,0.0019]
True-Positive

Section:4
	Ｆｌａｇ：：００１０
	海外旅行で一番遭う確率の高い犯罪のひとつといえばスリ・置き引き。
	モンテネグロでも、旅行者が一番被害に遭う確率の高い犯罪のひとつがスリです。
	せっかくの楽しい旅行も、スリや置き引きに遭ってしまうと一気に雰囲気が台無しになってしまいます。
	嫌な気分になるだけでなく、特にパスポートを紛失してしまうと貴重な現地での時間も無駄に。
Score:0.00223119359472
EACH_TAG_SCORE:
	image:0.000578050512457
	table:0.000599596849053
	graph:0.000490681139741
	flow:0.000562865093471
PARA:
Clueword:
	気分:[0.0001,0.0001,0.0000,0.0002]
	スリ:[0.0000,0.0000,0.0000,0.0004]
	嫌だ:[0.0000,0.0000,0.0005,0.0002]
	いう:[0.0059,0.0048,0.0034,0.0042]
	置く:[0.0002,0.0007,0.0005,0.0003]
	特に:[0.0004,0.0003,0.0002,0.0003]
	無駄だ:[0.0000,0.0000,0.0000,0.0002]
	せっかく:[0.0001,0.0000,0.0000,0.0000]
	ます:[0.0231,0.0273,0.0228,0.0151]
	紛失:[0.0000,0.0000,0.0000,0.0002]
	犯罪:[0.0000,0.0000,0.0000,0.0004]
	確率:[0.0004,0.0001,0.0000,0.0110]
	一気だ:[0.0001,0.0002,0.0004,0.0000]
	海外:[0.0007,0.0001,0.0000,0.0002]
	引く:[0.0000,0.0001,0.0000,0.0003]
	だけ:[0.0014,0.0013,0.0014,0.0007]
	しまう:[0.0018,0.0023,0.0025,0.0012]
	なる:[0.0108,0.0091,0.0074,0.0069]
	雰囲気:[0.0000,0.0006,0.0001,0.0000]
	ひと:[0.0003,0.0008,0.0013,0.0004]
	旅行:[0.0009,0.0000,0.0000,0.0007]
	する:[0.0382,0.0384,0.0461,0.0182]
	遭う:[0.0000,0.0000,0.0000,0.0009]
	現地:[0.0000,0.0001,0.0000,0.0002]
	高い:[0.0015,0.0007,0.0005,0.0101]
	貴重だ:[0.0001,0.0001,0.0000,0.0002]
	パスポート:[0.0001,0.0000,0.0001,0.0002]
	時間:[0.0011,0.0004,0.0004,0.0010]
	楽しい:[0.0001,0.0000,0.0000,0.0001]
	一番:[0.0011,0.0002,0.0000,0.0013]
	モンテネグロ:[0.0000,0.0002,0.0000,0.0002]
	被害:[0.0000,0.0000,0.0000,0.0005]
	でも:[0.0029,0.0018,0.0004,0.0017]
	ない:[0.0106,0.0085,0.0077,0.0062]
True-Positive

Section:8
	Ｆｌａｇ：：１０００
	デリケートな話題に気をつけて
	とても気さくで、おしゃべり好きなモンテネグロの人々。
	モンテネグロの民族構成は少し複雑で、モンテネグロ人、セルビア人、アルバニア人など、様々な民族が暮らしています。
	旧ユーゴスラビア内戦やセルビア・モンテネグロからの独立をはじめとする、民族的・宗教的・政治的な話題は思わぬ誤解に発展してしまう可能性もあります。
	相手から話してくれる場合は別ですが、そうでなければこちらからそのような話題を持ち出すのは控えましょう。
Score:0.00202379354589
EACH_TAG_SCORE:
	image:0.000549949981775
	table:0.000670187648405
	graph:0.000330557875194
	flow:0.000473098040515
PARA:
Clueword:
	控える:[0.0000,0.0000,0.0001,0.0000]
	様々だ:[0.0003,0.0001,0.0000,0.0000]
	持ち出す:[0.0000,0.0000,0.0000,0.0000]
	好きだ:[0.0001,0.0002,0.0001,0.0001]
	的だ:[0.0050,0.0029,0.0019,0.0013]
	気さくだ:[0.0000,0.0000,0.0000,0.0000]
	とても:[0.0002,0.0002,0.0000,0.0001]
	おしゃべり:[0.0000,0.0000,0.0000,0.0000]
	ます:[0.0231,0.0273,0.0228,0.0151]
	デリケートだ:[0.0001,0.0000,0.0000,0.0000]
	思わぬ:[0.0000,0.0000,0.0000,0.0000]
	人々:[0.0002,0.0001,0.0000,0.0001]
	くれる:[0.0004,0.0006,0.0000,0.0000]
	アルバニア:[0.0000,0.0000,0.0000,0.0000]
	別だ:[0.0003,0.0002,0.0000,0.0000]
	セルビア:[0.0000,0.0001,0.0000,0.0000]
	構成:[0.0009,0.0019,0.0003,0.0065]
	しまう:[0.0018,0.0023,0.0025,0.0012]
	はじめる:[0.0002,0.0003,0.0000,0.0000]
	場合:[0.0357,0.0045,0.0023,0.0045]
	発展:[0.0000,0.0001,0.0000,0.0009]
	民族:[0.0001,0.0002,0.0000,0.0003]
	つける:[0.0004,0.0008,0.0020,0.0000]
	する:[0.0382,0.0384,0.0461,0.0182]
	政治:[0.0000,0.0000,0.0000,0.0000]
	いる:[0.0126,0.0131,0.0081,0.0100]
	相手:[0.0001,0.0006,0.0003,0.0008]
	話す:[0.0001,0.0002,0.0006,0.0007]
	独立:[0.0001,0.0001,0.0000,0.0000]
	誤解:[0.0001,0.0000,0.0000,0.0000]
	など:[0.0054,0.0053,0.0021,0.0019]
	可能だ:[0.0009,0.0006,0.0008,0.0009]
	ある:[0.0114,0.0105,0.0052,0.0037]
	ユーゴスラビア:[0.0000,0.0000,0.0000,0.0000]
	話題:[0.0000,0.0001,0.0000,0.0002]
	宗教:[0.0000,0.0000,0.0000,0.0000]
	少し:[0.0005,0.0010,0.0006,0.0002]
	内戦:[0.0000,0.0000,0.0000,0.0000]
	モンテネグロ:[0.0000,0.0002,0.0000,0.0002]
	暮らす:[0.0000,0.0001,0.0000,0.0001]
	ない:[0.0106,0.0085,0.0077,0.0062]
	から:[0.0058,0.0059,0.0058,0.0033]
	複雑だ:[0.0002,0.0002,0.0000,0.0000]
True-Positive

Section:2
	Ｆｌａｇ：：００００
	「今度クルーズ旅行でモンテネグロのコトルに立ち寄る予定なのですが、治安はどうですか？」「ドブロブニクから日帰りでモンテネグロのコトルに行こうと思っているのですが、ひとり旅でも安全ですか？」このようなご質問を時折頂戴します。
	日本では「どんな国か全く想像がつかない」という方がほとんどのモンテネグロ。
	治安面が心配になるのは自然なことですよね。
	ですが、モンテネグロは隣国のクロアチアと同じく、安心して旅を楽しめる平和な国。
	海外旅行ではつい気持ちが大きくなってしまいますが、普段日本で気を付けていることを守り、夜道や人気のない場所を歩かないなど、常識的な行動をすれば危険な目に遭うこともほとんどありません。
	あくまでも個人的な体験ではありますが、筆者も女性ひとりでモンテネグロを訪れたことがありますが、身の危険を感じたり、怖い体験を一度もしたことがありません。
	そんな平和なモンテネグロですが、やはり油断は禁物です。
	今回はモンテネグロ旅行をトラブルに巻き込まれることなく楽しんでいただくために気をつけてもらいたいポイントをお伝えします。
Score:0.00130635978889
EACH_TAG_SCORE:
	image:0.000372797668123
	table:0.000383631077874
	graph:0.000227129190608
	flow:0.000322801852284
PARA:
Clueword:
	予定:[0.0001,0.0001,0.0001,0.0001]
	今回:[0.0001,0.0001,0.0002,0.0004]
	感じる:[0.0009,0.0010,0.0004,0.0003]
	ドブロブニク:[0.0000,0.0000,0.0000,0.0000]
	守る:[0.0001,0.0000,0.0000,0.0002]
	伝える:[0.0003,0.0005,0.0001,0.0002]
	同じだ:[0.0013,0.0010,0.0005,0.0009]
	危険だ:[0.0001,0.0000,0.0000,0.0000]
	平和だ:[0.0000,0.0001,0.0000,0.0003]
	込む:[0.0006,0.0010,0.0006,0.0004]
	トラブル:[0.0002,0.0000,0.0000,0.0000]
	常識:[0.0000,0.0000,0.0000,0.0000]
	れる:[0.0089,0.0087,0.0070,0.0045]
	行動:[0.0001,0.0000,0.0000,0.0000]
	しまう:[0.0018,0.0023,0.0025,0.0012]
	ため:[0.0030,0.0033,0.0027,0.0025]
	なる:[0.0108,0.0091,0.0074,0.0069]
	安全だ:[0.0001,0.0001,0.0003,0.0002]
	遭う:[0.0000,0.0000,0.0000,0.0009]
	つける:[0.0004,0.0008,0.0020,0.0000]
	たい:[0.0013,0.0013,0.0014,0.0010]
	日本:[0.0009,0.0006,0.0009,0.0018]
	する:[0.0382,0.0384,0.0461,0.0182]
	付ける:[0.0002,0.0004,0.0008,0.0001]
	いる:[0.0126,0.0131,0.0081,0.0100]
	どんな:[0.0006,0.0003,0.0000,0.0001]
	思う:[0.0011,0.0021,0.0027,0.0005]
	日帰り:[0.0000,0.0000,0.0000,0.0000]
	女性:[0.0006,0.0006,0.0002,0.0009]
	つく:[0.0013,0.0016,0.0009,0.0004]
	ほとんど:[0.0006,0.0007,0.0001,0.0018]
	つい:[0.0000,0.0000,0.0000,0.0002]
	モンテネグロ:[0.0000,0.0002,0.0000,0.0002]
	ポイント:[0.0025,0.0005,0.0000,0.0014]
	質問:[0.0001,0.0001,0.0007,0.0002]
	全く:[0.0000,0.0001,0.0000,0.0000]
	自然だ:[0.0002,0.0004,0.0003,0.0001]
	普段:[0.0000,0.0001,0.0000,0.0000]
	旅行:[0.0009,0.0000,0.0000,0.0007]
	いう:[0.0059,0.0048,0.0034,0.0042]
	的だ:[0.0050,0.0029,0.0019,0.0013]
	安心:[0.0001,0.0002,0.0000,0.0001]
	ます:[0.0231,0.0273,0.0228,0.0151]
	のだ:[0.0071,0.0069,0.0054,0.0039]
	行く:[0.0006,0.0004,0.0002,0.0002]
	から:[0.0058,0.0059,0.0058,0.0033]
	楽しめる:[0.0000,0.0000,0.0000,0.0001]
	大きい:[0.0011,0.0018,0.0014,0.0029]
	頂戴:[0.0000,0.0000,0.0001,0.0000]
	海外:[0.0007,0.0001,0.0000,0.0002]
	歩く:[0.0000,0.0000,0.0000,0.0000]
	もらう:[0.0003,0.0001,0.0000,0.0000]
	人気:[0.0005,0.0004,0.0001,0.0001]
	ひと:[0.0003,0.0008,0.0013,0.0004]
	いただく:[0.0001,0.0003,0.0000,0.0000]
	気持ち:[0.0001,0.0001,0.0005,0.0000]
	ですが:[0.0000,0.0000,0.0000,0.0002]
	ある:[0.0114,0.0105,0.0052,0.0037]
	楽しむ:[0.0002,0.0003,0.0000,0.0001]
	想像:[0.0002,0.0000,0.0000,0.0005]
	など:[0.0054,0.0053,0.0021,0.0019]
	個人:[0.0004,0.0001,0.0004,0.0002]
	場所:[0.0005,0.0004,0.0000,0.0000]
	やはり:[0.0002,0.0001,0.0000,0.0000]
	巻く:[0.0000,0.0002,0.0000,0.0000]
	クロアチア:[0.0000,0.0000,0.0000,0.0000]
	こと:[0.0098,0.0094,0.0087,0.0051]
	でも:[0.0029,0.0018,0.0004,0.0017]
	ない:[0.0106,0.0085,0.0077,0.0062]
False-Positive

Section:5
	Ｆｌａｇ：：００００
	しかも、モンテネグロ国内には日本大使館はなく、お隣のセルビアの日本大使館が兼務しているため、パスポートの再発行などの手続きには、通常以上に時間や手間がかかります。
	くれぐれもパスポートだけは失くさない、盗まれないようにご注意ください！
	※万が一パスポートの盗難被害に遭ってしまった際は、帰国するためにパスポートの再発行の手続きを速やかに行う必要があります。
	パスポートの再発行の手順については「【クロアチア治安情報】旅行中スリ・盗難に遭ったらどうする？」をご参照ください（モンテネグロでもクロアチア語が問題なく通じるので、記事内で紹介しているクロアチア語フレーズがそのまま通じます）。
	パスポート再発行の手続きも、必要書類などクロアチアのものとほとんど同じです。
	スリをする相手もプロ、ターゲットとなる人物をしっかりと品定めしています。
	混雑したバスなどの車内はもちろん、散策中も貴重品には常に気を配りましょう。
	スリのターゲットになりやすい人の特徴を学んで、標的にならないようにしっかりと対策をしてくださいね。
Score:0.00127527085396
EACH_TAG_SCORE:
	image:0.000357904847956
	table:0.000376674537288
	graph:0.000207275182791
	flow:0.000333416285921
PARA:
Clueword:
	そのまま:[0.0000,0.0002,0.0010,0.0001]
	常に:[0.0002,0.0001,0.0000,0.0001]
	スリ:[0.0000,0.0000,0.0000,0.0004]
	対策:[0.0005,0.0005,0.0011,0.0003]
	同じだ:[0.0013,0.0010,0.0005,0.0009]
	隣:[0.0000,0.0004,0.0000,0.0000]
	手順:[0.0001,0.0003,0.0082,0.0000]
	フレーズ:[0.0000,0.0004,0.0000,0.0000]
	しかも:[0.0000,0.0000,0.0000,0.0000]
	れる:[0.0089,0.0087,0.0070,0.0045]
	しまう:[0.0018,0.0023,0.0025,0.0012]
	かかる:[0.0011,0.0002,0.0002,0.0002]
	なる:[0.0108,0.0091,0.0074,0.0069]
	通ずる:[0.0001,0.0001,0.0000,0.0000]
	情報:[0.0007,0.0001,0.0002,0.0000]
	ターゲット:[0.0001,0.0002,0.0004,0.0003]
	日本:[0.0009,0.0006,0.0009,0.0018]
	する:[0.0382,0.0384,0.0461,0.0182]
	遭う:[0.0000,0.0000,0.0000,0.0009]
	いる:[0.0126,0.0131,0.0081,0.0100]
	盗む:[0.0000,0.0000,0.0000,0.0000]
	必要だ:[0.0024,0.0014,0.0019,0.0006]
	くださる:[0.0005,0.0014,0.0021,0.0009]
	つく:[0.0013,0.0016,0.0009,0.0004]
	問題:[0.0005,0.0008,0.0003,0.0003]
	ほとんど:[0.0006,0.0007,0.0001,0.0018]
	以上:[0.0010,0.0009,0.0006,0.0017]
	もの:[0.0027,0.0031,0.0016,0.0008]
	モンテネグロ:[0.0000,0.0002,0.0000,0.0002]
	だけ:[0.0014,0.0013,0.0014,0.0007]
	くれぐれも:[0.0000,0.0000,0.0000,0.0002]
	ようだ:[0.0040,0.0046,0.0063,0.0016]
	記事:[0.0002,0.0002,0.0000,0.0002]
	万が一:[0.0001,0.0000,0.0000,0.0000]
	特徴:[0.0101,0.0020,0.0000,0.0002]
	行う:[0.0007,0.0006,0.0022,0.0001]
	ます:[0.0231,0.0273,0.0228,0.0151]
	紹介:[0.0003,0.0004,0.0000,0.0000]
	参照:[0.0000,0.0010,0.0000,0.0001]
	のだ:[0.0071,0.0069,0.0054,0.0039]
	クロアチア:[0.0000,0.0000,0.0000,0.0000]
	手間:[0.0000,0.0000,0.0000,0.0000]
	セルビア:[0.0000,0.0001,0.0000,0.0000]
	書類:[0.0001,0.0000,0.0001,0.0000]
	注意:[0.0003,0.0008,0.0007,0.0005]
	手続き:[0.0001,0.0000,0.0013,0.0000]
	発行:[0.0003,0.0001,0.0001,0.0000]
	バス:[0.0002,0.0002,0.0000,0.0000]
	人物:[0.0001,0.0002,0.0000,0.0000]
	学ぶ:[0.0002,0.0001,0.0000,0.0000]
	相手:[0.0001,0.0006,0.0003,0.0008]
	ある:[0.0114,0.0105,0.0052,0.0037]
	貴重だ:[0.0001,0.0001,0.0000,0.0002]
	やすい:[0.0029,0.0024,0.0011,0.0006]
	パスポート:[0.0001,0.0000,0.0001,0.0002]
	など:[0.0054,0.0053,0.0021,0.0019]
	時間:[0.0011,0.0004,0.0004,0.0010]
	速やかだ:[0.0000,0.0001,0.0000,0.0000]
	ため:[0.0030,0.0033,0.0027,0.0025]
	しっかり:[0.0001,0.0003,0.0017,0.0001]
	被害:[0.0000,0.0000,0.0000,0.0005]
	通常:[0.0003,0.0003,0.0003,0.0006]
	でも:[0.0029,0.0018,0.0004,0.0017]
	旅行:[0.0009,0.0000,0.0000,0.0007]
	ない:[0.0106,0.0085,0.0077,0.0062]
	もちろん:[0.0003,0.0001,0.0005,0.0000]
False-Positive

Section:9
	Ｆｌａｇ：：００００
	ビーチに貴重品を持っていかない
	アドリア海が美しいモンテネグロ。
	「せっかく夏に来たのだから、アドリア海で泳ぎたい！」という方もいらっしゃると思います。
	ビーチに行く際はお財布やカメラ、スマホなどの貴重品は、できるだけ持って行かないようにしましょう。
	とくに一人旅の際は要注意。
	ビーチを離れて海で泳いでいる間に盗まれてしまう可能性があります。
	海水浴に行く際は、最低限のお金、荷物だけを持って行くようにしてくださいね。
	支払い内容を必ず確認する
	特にコトルなどの観光地のレストランではお勘定時にレシート（支払い内容）をしっかりと確認しましょう。
	これはモンテネグロに限った話ではありませんが、「食べていないはずの料理や、飲んでいないはずのドリンクがお勘定に入っていた」なんてことがしばしば起こり得ます。
	「何かおかしい」と思ったら、すぐにその場で伝えましょう。
	もちろん悪意なくミスをしまった可能性もありますが、なかには故意に割り増し料金を請求をする悪質なウェイターもいるので、毎回しっかりと確認を行ってくださいね。
	以上を頭の片隅に置いて、モンテネグロ旅行を安全に楽しんでくださいね！
Score:0.00118037946933
EACH_TAG_SCORE:
	image:0.000343319001401
	table:0.000338765075459
	graph:0.000186185157358
	flow:0.000312110235113
PARA:
Clueword:
	スマホ:[0.0000,0.0001,0.0000,0.0000]
	カメラ:[0.0001,0.0005,0.0000,0.0000]
	ドリンク:[0.0000,0.0000,0.0000,0.0001]
	せっかく:[0.0001,0.0000,0.0000,0.0000]
	できる:[0.0045,0.0045,0.0023,0.0015]
	確認:[0.0005,0.0008,0.0011,0.0000]
	はずだ:[0.0003,0.0003,0.0000,0.0001]
	れる:[0.0089,0.0087,0.0070,0.0045]
	しまう:[0.0018,0.0023,0.0025,0.0012]
	毎回:[0.0001,0.0001,0.0000,0.0000]
	安全だ:[0.0001,0.0001,0.0003,0.0002]
	旅行:[0.0009,0.0000,0.0000,0.0007]
	する:[0.0382,0.0384,0.0461,0.0182]
	いる:[0.0126,0.0131,0.0081,0.0100]
	盗む:[0.0000,0.0000,0.0000,0.0000]
	得る:[0.0003,0.0002,0.0002,0.0002]
	最低:[0.0001,0.0000,0.0001,0.0001]
	思う:[0.0011,0.0021,0.0027,0.0005]
	伝える:[0.0003,0.0005,0.0001,0.0002]
	必ず:[0.0002,0.0003,0.0004,0.0002]
	料金:[0.0006,0.0000,0.0000,0.0002]
	くださる:[0.0005,0.0014,0.0021,0.0009]
	いらっしゃる:[0.0000,0.0001,0.0000,0.0001]
	食べる:[0.0004,0.0006,0.0003,0.0001]
	入る:[0.0005,0.0010,0.0008,0.0003]
	来る:[0.0002,0.0002,0.0002,0.0000]
	以上:[0.0010,0.0009,0.0006,0.0017]
	モンテネグロ:[0.0000,0.0002,0.0000,0.0002]
	だけ:[0.0014,0.0013,0.0014,0.0007]
	ようだ:[0.0040,0.0046,0.0063,0.0016]
	起こる:[0.0004,0.0004,0.0000,0.0005]
	いく:[0.0011,0.0015,0.0023,0.0005]
	特に:[0.0004,0.0003,0.0002,0.0003]
	置く:[0.0002,0.0007,0.0005,0.0003]
	いう:[0.0059,0.0048,0.0034,0.0042]
	レストラン:[0.0003,0.0000,0.0000,0.0000]
	支払う:[0.0001,0.0001,0.0003,0.0001]
	料理:[0.0003,0.0003,0.0000,0.0000]
	アドリア:[0.0000,0.0000,0.0000,0.0000]
	すぐ:[0.0003,0.0004,0.0005,0.0002]
	なんて:[0.0003,0.0002,0.0000,0.0003]
	ます:[0.0231,0.0273,0.0228,0.0151]
	たい:[0.0013,0.0013,0.0014,0.0010]
	持つ:[0.0008,0.0008,0.0014,0.0001]
	のだ:[0.0071,0.0069,0.0054,0.0039]
	行く:[0.0006,0.0004,0.0002,0.0002]
	から:[0.0058,0.0059,0.0058,0.0033]
	可能だ:[0.0009,0.0006,0.0008,0.0009]
	おかしい:[0.0001,0.0001,0.0000,0.0000]
	荷物:[0.0004,0.0000,0.0000,0.0000]
	貴重だ:[0.0001,0.0001,0.0000,0.0002]
	楽しむ:[0.0002,0.0003,0.0000,0.0001]
	飲む:[0.0002,0.0003,0.0006,0.0001]
	など:[0.0054,0.0053,0.0021,0.0019]
	限る:[0.0002,0.0001,0.0000,0.0004]
	ある:[0.0114,0.0105,0.0052,0.0037]
	悪質だ:[0.0000,0.0000,0.0000,0.0002]
	請求:[0.0000,0.0000,0.0001,0.0000]
	しっかり:[0.0001,0.0003,0.0017,0.0001]
	美しい:[0.0001,0.0002,0.0000,0.0000]
	こと:[0.0098,0.0094,0.0087,0.0051]
	内容:[0.0013,0.0008,0.0006,0.0001]
	離れる:[0.0001,0.0002,0.0001,0.0000]
	なか:[0.0001,0.0002,0.0002,0.0000]
	ない:[0.0106,0.0085,0.0077,0.0062]
	ミス:[0.0000,0.0000,0.0000,0.0000]
	もちろん:[0.0003,0.0001,0.0005,0.0000]
False-Positive

True-Negative:0
False-Positive:3
True-Positive:4
False-Negative:0
precision = 0.571429
recall = 1.000000
fvalue = 0.727273