Section:2
	Ｆｌａｇ：：０１００
	画像が不鮮明になることや、暗いシーンで起きやすくなることは同じですが、「ピンぼけ」と「手ぶれ」は原因も結果も異なる現象です。
	ピンぼけ・手ぶれレスキューのフィルターを上手に活用するためには、この区別を理解しておいた方が良いでしょう。
	まず、それぞれの現象の起きた画像を検討してみましょう。
Score:0.00248533970518
EACH_TAG_SCORE:
	image:0.000695455371049
	table:0.00068123285265
	graph:0.00036361798847
	flow:0.000745033493009
PARA:
Clueword:
	だろう:[0.0010,0.0005,0.0000,0.0003]
	区別:[0.0013,0.0001,0.0001,0.0000]
	結果:[0.0004,0.0004,0.0007,0.0011]
	同じだ:[0.0013,0.0010,0.0005,0.0009]
	現象:[0.0003,0.0003,0.0000,0.0000]
	ます:[0.0231,0.0273,0.0228,0.0151]
	まず:[0.0007,0.0007,0.0190,0.0001]
	不鮮明だ:[0.0001,0.0000,0.0000,0.0000]
	ぶれる:[0.0000,0.0000,0.0000,0.0000]
	異なる:[0.0019,0.0007,0.0002,0.0001]
	起きる:[0.0001,0.0002,0.0011,0.0002]
	理解:[0.0003,0.0005,0.0000,0.0001]
	みる:[0.0012,0.0014,0.0005,0.0011]
	なる:[0.0108,0.0091,0.0074,0.0069]
	画像:[0.0001,0.0042,0.0004,0.0000]
	する:[0.0382,0.0384,0.0461,0.0182]
	暗い:[0.0003,0.0015,0.0000,0.0001]
	良い:[0.0013,0.0011,0.0010,0.0006]
	こと:[0.0098,0.0094,0.0087,0.0051]
	検討:[0.0001,0.0000,0.0000,0.0001]
	活用:[0.0003,0.0000,0.0000,0.0002]
	上手だ:[0.0000,0.0002,0.0001,0.0003]
	ため:[0.0030,0.0033,0.0027,0.0025]
	それぞれ:[0.0016,0.0004,0.0001,0.0000]
	ピンぼけ:[0.0002,0.0003,0.0000,0.0000]
	ぶる:[0.0003,0.0006,0.0000,0.0000]
	おく:[0.0014,0.0010,0.0010,0.0012]
	やすい:[0.0029,0.0024,0.0011,0.0006]
	シーン:[0.0011,0.0007,0.0000,0.0000]
	原因:[0.0014,0.0009,0.0005,0.0008]
True-Positive

Section:7
	Ｆｌａｇ：：１０００
	「ぶれ」の起きやすい状況
	暗いシーン
	暗いレンズ、または絞りすぎ
	望遠（長い焦点距離）
	動く被写体
	振動する環境
	強風
	不安定なカメラの構え方
Score:0.0020979896479
EACH_TAG_SCORE:
	image:0.00061030585265
	table:0.000584417171903
	graph:0.000273088643485
	flow:0.000630177979863
PARA:
Clueword:
	する:[0.0382,0.0384,0.0461,0.0182]
	暗い:[0.0003,0.0015,0.0000,0.0001]
	すぎる:[0.0006,0.0007,0.0004,0.0001]
	カメラ:[0.0001,0.0005,0.0000,0.0000]
	強風:[0.0000,0.0000,0.0000,0.0000]
	環境:[0.0005,0.0002,0.0000,0.0000]
	または:[0.0006,0.0007,0.0008,0.0001]
	不安定だ:[0.0001,0.0001,0.0000,0.0000]
	被写体:[0.0004,0.0006,0.0000,0.0000]
	振動:[0.0000,0.0001,0.0000,0.0000]
	レンズ:[0.0000,0.0000,0.0000,0.0000]
	望遠:[0.0000,0.0000,0.0000,0.0000]
	状況:[0.0018,0.0003,0.0003,0.0004]
	長い:[0.0005,0.0013,0.0003,0.0022]
	構える:[0.0000,0.0004,0.0008,0.0000]
	ぶる:[0.0003,0.0006,0.0000,0.0000]
	動く:[0.0004,0.0008,0.0009,0.0004]
	起きる:[0.0001,0.0002,0.0011,0.0002]
	絞る:[0.0001,0.0001,0.0000,0.0000]
	距離:[0.0001,0.0001,0.0000,0.0000]
	やすい:[0.0029,0.0024,0.0011,0.0006]
	シーン:[0.0011,0.0007,0.0000,0.0000]
	焦点:[0.0001,0.0001,0.0001,0.0000]
True-Positive

Section:6
	Ｆｌａｇ：：１１００
	「手ぶれ」も「被写体ぶれ」も、共に暗いシーンで起きやすくなります。
	この画像は日没直前の暗い状況で撮ったもので、そのために１／２５秒というかなり長い時間シャッターを開いていたために生じた手ぶれ現象です。
	なお、「手ぶれ」と「被写体ぶれ」以外にも「ぶれ」の生じる場合があります。
	その多くは振動によるもので、自動車の走る橋の上から景色を撮る場合、三脚を据えていても橋の振動による「ぶれ」が生じます。
	あるいは、一眼レフカメラなどの場合、カメラ内部でミラーが動く振動が問題になる場合や、天体撮影などでは人体には関知できない地面の微かな振動さえもが「ぶれ」の原因となります。
Score:0.00148618693374
EACH_TAG_SCORE:
	image:0.000426548198652
	table:0.000515186501744
	graph:0.000258378202305
	flow:0.000286074031045
PARA:
Clueword:
	あるいは:[0.0010,0.0001,0.0001,0.0000]
	生じる:[0.0002,0.0002,0.0003,0.0000]
	カメラ:[0.0001,0.0005,0.0000,0.0000]
	よる:[0.0025,0.0031,0.0031,0.0025]
	多く:[0.0005,0.0006,0.0001,0.0054]
	原因:[0.0014,0.0009,0.0005,0.0008]
	現象:[0.0003,0.0003,0.0000,0.0000]
	振動:[0.0000,0.0001,0.0000,0.0000]
	できる:[0.0045,0.0045,0.0023,0.0015]
	かなり:[0.0005,0.0008,0.0003,0.0001]
	起きる:[0.0001,0.0002,0.0011,0.0002]
	なる:[0.0108,0.0091,0.0074,0.0069]
	画像:[0.0001,0.0042,0.0004,0.0000]
	撮る:[0.0003,0.0002,0.0000,0.0000]
	ぶれる:[0.0000,0.0000,0.0000,0.0000]
	暗い:[0.0003,0.0015,0.0000,0.0001]
	いる:[0.0126,0.0131,0.0081,0.0100]
	自動車:[0.0001,0.0000,0.0001,0.0000]
	状況:[0.0018,0.0003,0.0003,0.0004]
	問題:[0.0005,0.0008,0.0003,0.0003]
	もの:[0.0027,0.0031,0.0016,0.0008]
	ぶる:[0.0003,0.0006,0.0000,0.0000]
	動く:[0.0004,0.0008,0.0009,0.0004]
	直前:[0.0001,0.0001,0.0000,0.0000]
	共に:[0.0001,0.0001,0.0001,0.0000]
	以外:[0.0017,0.0016,0.0001,0.0001]
	いう:[0.0059,0.0048,0.0034,0.0042]
	場合:[0.0357,0.0045,0.0023,0.0045]
	生ずる:[0.0001,0.0000,0.0000,0.0000]
	ます:[0.0231,0.0273,0.0228,0.0151]
	から:[0.0058,0.0059,0.0058,0.0033]
	開く:[0.0001,0.0007,0.0025,0.0000]
	日没:[0.0000,0.0001,0.0000,0.0000]
	ある:[0.0114,0.0105,0.0052,0.0037]
	ない:[0.0106,0.0085,0.0077,0.0062]
	など:[0.0054,0.0053,0.0021,0.0019]
	時間:[0.0011,0.0004,0.0004,0.0010]
	被写体:[0.0004,0.0006,0.0000,0.0000]
	走る:[0.0001,0.0002,0.0000,0.0002]
	シャッター:[0.0001,0.0001,0.0000,0.0000]
	ため:[0.0030,0.0033,0.0027,0.0025]
	長い:[0.0005,0.0013,0.0003,0.0022]
	人体:[0.0000,0.0000,0.0001,0.0001]
	地面:[0.0000,0.0001,0.0000,0.0000]
	さえ:[0.0000,0.0000,0.0000,0.0001]
	なお:[0.0003,0.0003,0.0002,0.0001]
	やすい:[0.0029,0.0024,0.0011,0.0006]
	撮影:[0.0002,0.0001,0.0000,0.0000]
	シーン:[0.0011,0.0007,0.0000,0.0000]
	景色:[0.0000,0.0000,0.0000,0.0000]
True-Positive

Section:4
	Ｆｌａｇ：：１１００
	「ピンぼけ」の主な原因
	オートフォーカス（ＡＦ）機能使用時
	半シャッター操作をせず、いきなりシャッターを押し込んだ
	被写体の前後の別のものにピントを持って行かれた
	コントラストが低いなどピントの合いにくい被写体に対して、ピントを合わせ損なった
	暗いシーンだったため、オートフォーカス機能が十分に働かなかった
	最短焦点距離より被写体に近づきすぎた
	被写体の人物や動物が寄って来てしまった
	マクロモードにするのを忘れた、マクロモードから戻すのを忘れた
	マニュアルフォーカスを選択しているのを忘れていた
	コサイン誤差（フォーカス操作後に向きを変えたときの問題で、マクロ撮影時には問題になることがある）
	マニュアルフォーカス（ＭＦ）時
	ピントを合わせ損ねた
	絞りを開きすぎた
	マクロ撮影時、体が揺れてしまった
	マクロ撮影時、被写体が風で揺れた
	パンフォーカス機（フィルム付きカメラやカメラ付き携帯電話など）で
	近くや遠くに対しては、どうしてもピントが甘くなります
Score:0.00132362150642
EACH_TAG_SCORE:
	image:0.000391101615666
	table:0.000380681406745
	graph:0.0002178568785
	flow:0.00033398160551
PARA:
Clueword:
	誤差:[0.0001,0.0000,0.0000,0.0000]
	携帯:[0.0001,0.0001,0.0002,0.0000]
	ＡＦ:[0.0001,0.0000,0.0000,0.0000]
	カメラ:[0.0001,0.0005,0.0000,0.0000]
	付く:[0.0006,0.0005,0.0000,0.0000]
	甘い:[0.0003,0.0001,0.0000,0.0000]
	より:[0.0022,0.0013,0.0003,0.0013]
	絞る:[0.0001,0.0001,0.0000,0.0000]
	電話:[0.0001,0.0001,0.0002,0.0000]
	どうしても:[0.0001,0.0001,0.0000,0.0001]
	ピンぼけ:[0.0002,0.0003,0.0000,0.0000]
	前後:[0.0007,0.0012,0.0026,0.0047]
	低い:[0.0007,0.0014,0.0003,0.0059]
	れる:[0.0089,0.0087,0.0070,0.0045]
	しまう:[0.0018,0.0023,0.0025,0.0012]
	マニュアルフォーカス:[0.0001,0.0001,0.0000,0.0000]
	なる:[0.0108,0.0091,0.0074,0.0069]
	ある:[0.0114,0.0105,0.0052,0.0037]
	する:[0.0382,0.0384,0.0461,0.0182]
	いる:[0.0126,0.0131,0.0081,0.0100]
	すぎる:[0.0006,0.0007,0.0004,0.0001]
	焦点:[0.0001,0.0001,0.0001,0.0000]
	別だ:[0.0003,0.0002,0.0000,0.0000]
	パンフォーカス:[0.0001,0.0000,0.0000,0.0000]
	こと:[0.0098,0.0094,0.0087,0.0051]
	動物:[0.0008,0.0003,0.0002,0.0002]
	合う:[0.0004,0.0004,0.0000,0.0001]
	暗い:[0.0003,0.0015,0.0000,0.0001]
	問題:[0.0005,0.0008,0.0003,0.0003]
	最短だ:[0.0001,0.0000,0.0001,0.0000]
	来る:[0.0002,0.0002,0.0002,0.0000]
	働く:[0.0003,0.0004,0.0005,0.0002]
	とき:[0.0006,0.0019,0.0029,0.0005]
	操作:[0.0002,0.0003,0.0005,0.0000]
	もの:[0.0027,0.0031,0.0016,0.0008]
	近く:[0.0002,0.0005,0.0001,0.0000]
	忘れる:[0.0002,0.0002,0.0000,0.0001]
	コントラスト:[0.0002,0.0002,0.0000,0.0000]
	遠く:[0.0001,0.0000,0.0000,0.0000]
	主だ:[0.0005,0.0004,0.0000,0.0000]
	合わせる:[0.0004,0.0009,0.0001,0.0001]
	損ねる:[0.0001,0.0000,0.0000,0.0000]
	使用:[0.0008,0.0008,0.0013,0.0000]
	フィルム:[0.0001,0.0001,0.0003,0.0000]
	押す:[0.0002,0.0004,0.0002,0.0000]
	寄る:[0.0003,0.0002,0.0000,0.0000]
	対する:[0.0009,0.0005,0.0003,0.0000]
	機能:[0.0007,0.0004,0.0000,0.0000]
	持つ:[0.0008,0.0008,0.0014,0.0001]
	ピント:[0.0003,0.0003,0.0000,0.0000]
	行く:[0.0006,0.0004,0.0002,0.0002]
	から:[0.0058,0.0059,0.0058,0.0033]
	十分だ:[0.0002,0.0002,0.0003,0.0001]
	にくい:[0.0010,0.0008,0.0004,0.0001]
	揺れる:[0.0001,0.0001,0.0000,0.0000]
	マクロ:[0.0003,0.0002,0.0000,0.0000]
	いきなり:[0.0001,0.0000,0.0000,0.0000]
	込む:[0.0006,0.0010,0.0006,0.0004]
	距離:[0.0001,0.0001,0.0000,0.0000]
	向く:[0.0001,0.0003,0.0002,0.0001]
	ＭＦ:[0.0001,0.0000,0.0000,0.0000]
	モード:[0.0001,0.0002,0.0001,0.0001]
	人物:[0.0001,0.0002,0.0000,0.0000]
	ます:[0.0231,0.0273,0.0228,0.0151]
	損なう:[0.0001,0.0000,0.0000,0.0000]
	近づく:[0.0001,0.0001,0.0001,0.0000]
	など:[0.0054,0.0053,0.0021,0.0019]
	コサイン:[0.0001,0.0000,0.0000,0.0000]
	被写体:[0.0004,0.0006,0.0000,0.0000]
	フォーカス:[0.0001,0.0000,0.0000,0.0000]
	シャッター:[0.0001,0.0001,0.0000,0.0000]
	ため:[0.0030,0.0033,0.0027,0.0025]
	開く:[0.0001,0.0007,0.0025,0.0000]
	オートフォーカス:[0.0001,0.0001,0.0000,0.0000]
	変える:[0.0002,0.0002,0.0000,0.0001]
	選択:[0.0004,0.0003,0.0007,0.0000]
	ない:[0.0106,0.0085,0.0077,0.0062]
	撮影:[0.0002,0.0001,0.0000,0.0000]
	シーン:[0.0011,0.0007,0.0000,0.0000]
	戻す:[0.0001,0.0002,0.0003,0.0001]
	原因:[0.0014,0.0009,0.0005,0.0008]
True-Positive

Section:3
	Ｆｌａｇ：：１０００
	「ピンぼけ」に代表される「ぼけ」
	これは、よく起こりがちなピンぼけの画像で、左は元画像の一部をトリミングで切り取ったもの、右は更にその一部分を２倍拡大したものです。
	この画像では、背景にピントが合ってしまいました。
	そんな場合のことを、「ピントが抜ける」という言い方をすることもあり、ピンぼけの起きる典型的なパターンのひとつです。
	また被写体より後ろ側にピントがずれてしまった場合を「後ピン」、手前側にピントがずれてしまった場合を「前ピン」などとも呼びます。
	でもちょっと待って下さい。
	もしこの写真が背景の景色を撮ったものだとすれば、この写真は「ピンぼけでもないんじゃないか？」と思いませんか？
	その通りなのです。
	「ピンぼけ」は、撮りたい被写体にピントの合っていない状態のことですから、同じ写真でも何を撮ったのかによって解釈が変わるかも知れません。
	とはいえ、たいていの場合は写真を見ればなにを撮りたかったのかは明らかですから、ピンぼけ写真は誰が見てもはやりピンぼけ写真なのです。
	それよりはむしろ、どこまでぼけていたら「ピンぼけ」と呼ぶか、そちらの方が個人差が大きいかもしれません。
	写真を見慣れている人の方が厳しく判定するのが普通です。
	また、「ピンぼけとまでは呼ばないけれども、やはり少しピントがずれている」というような状態を「ピントが甘い」というような言い方をします
	たとえばポートレート写真の場合、ピントは目に合わせるのが基本とされています（真正面から写すのでない場合は手前側の目）。
	それがたとえば、耳にピントが合ってしまったら、「ピントが甘い」と言われるか、それとも「ピンぼけ」と呼ばれてしまうかも知れません（ポートレート写真の世界はピントに対してすごく厳しいのです）。
	また、二人の人物のスナップを撮ったのに、片方の人にしかピントが合っていないというような場合もあります。
	それは、ピントを合わせる位置というより、ピントを合わせる範囲を失敗した結果で、やはり「ピンぼけ」の一種と言って良さそうです。
	なお、特殊なことまで考えれば「ぼけ」の種類（原因）は「ピンぼけ」以外にもありそうですが、普通の状況で起きるのは「ピンぼけ」だけと考えて良いでしょう。
Score:0.000829010091229
EACH_TAG_SCORE:
	image:0.00024498001385
	table:0.000273042429636
	graph:0.000130106045125
	flow:0.000180881602618
PARA:
Clueword:
	呼ぶ:[0.0011,0.0008,0.0003,0.0000]
	だろう:[0.0010,0.0005,0.0000,0.0003]
	撮る:[0.0003,0.0002,0.0000,0.0000]
	しか:[0.0006,0.0007,0.0000,0.0011]
	ピンぼけ:[0.0002,0.0003,0.0000,0.0000]
	ぼけ:[0.0000,0.0001,0.0000,0.0000]
	一種:[0.0006,0.0000,0.0000,0.0000]
	れる:[0.0089,0.0087,0.0070,0.0045]
	範囲:[0.0002,0.0047,0.0000,0.0001]
	基本:[0.0010,0.0004,0.0001,0.0003]
	的だ:[0.0050,0.0029,0.0019,0.0013]
	言う:[0.0010,0.0013,0.0005,0.0004]
	ポートレート:[0.0000,0.0000,0.0000,0.0000]
	抜ける:[0.0001,0.0000,0.0000,0.0001]
	世界:[0.0007,0.0005,0.0008,0.0008]
	思う:[0.0011,0.0021,0.0027,0.0005]
	合う:[0.0004,0.0004,0.0000,0.0001]
	結果:[0.0004,0.0004,0.0007,0.0011]
	しれる:[0.0002,0.0003,0.0000,0.0001]
	変わる:[0.0005,0.0003,0.0003,0.0005]
	以外:[0.0017,0.0016,0.0001,0.0001]
	取る:[0.0009,0.0006,0.0001,0.0003]
	とはいえ:[0.0000,0.0000,0.0001,0.0000]
	んだ:[0.0003,0.0006,0.0002,0.0003]
	たい:[0.0013,0.0013,0.0014,0.0010]
	ピント:[0.0003,0.0003,0.0000,0.0000]
	状況:[0.0018,0.0003,0.0003,0.0004]
	大きい:[0.0011,0.0018,0.0014,0.0029]
	ひと:[0.0003,0.0008,0.0013,0.0004]
	明らかだ:[0.0000,0.0001,0.0001,0.0000]
	位置:[0.0006,0.0062,0.0005,0.0001]
	考える:[0.0013,0.0013,0.0004,0.0007]
	良い:[0.0013,0.0011,0.0010,0.0006]
	ある:[0.0114,0.0105,0.0052,0.0037]
	写す:[0.0000,0.0000,0.0000,0.0000]
	など:[0.0054,0.0053,0.0021,0.0019]
	なに:[0.0000,0.0000,0.0000,0.0001]
	個人:[0.0004,0.0001,0.0004,0.0002]
	すごい:[0.0001,0.0001,0.0000,0.0000]
	対する:[0.0009,0.0005,0.0003,0.0000]
	一部:[0.0008,0.0002,0.0000,0.0011]
	たとえば:[0.0003,0.0014,0.0001,0.0001]
	スナップ:[0.0000,0.0001,0.0000,0.0000]
	判定:[0.0000,0.0001,0.0001,0.0000]
	でも:[0.0029,0.0018,0.0004,0.0017]
	なお:[0.0003,0.0003,0.0002,0.0001]
	ない:[0.0106,0.0085,0.0077,0.0062]
	景色:[0.0000,0.0000,0.0000,0.0000]
	失敗:[0.0001,0.0002,0.0004,0.0000]
	背景:[0.0001,0.0002,0.0000,0.0000]
	甘い:[0.0003,0.0001,0.0000,0.0000]
	より:[0.0022,0.0013,0.0003,0.0013]
	よる:[0.0025,0.0031,0.0031,0.0025]
	普通だ:[0.0002,0.0002,0.0000,0.0001]
	下さる:[0.0003,0.0004,0.0000,0.0001]
	同じだ:[0.0013,0.0010,0.0005,0.0009]
	解釈:[0.0000,0.0001,0.0000,0.0000]
	ぼける:[0.0000,0.0000,0.0000,0.0000]
	待つ:[0.0003,0.0003,0.0002,0.0001]
	後ろ:[0.0000,0.0019,0.0017,0.0000]
	起きる:[0.0001,0.0002,0.0011,0.0002]
	しまう:[0.0018,0.0023,0.0025,0.0012]
	画像:[0.0001,0.0042,0.0004,0.0000]
	特殊だ:[0.0000,0.0000,0.0000,0.0000]
	する:[0.0382,0.0384,0.0461,0.0182]
	いる:[0.0126,0.0131,0.0081,0.0100]
	拡大:[0.0002,0.0012,0.0001,0.0055]
	典型:[0.0001,0.0001,0.0000,0.0000]
	こと:[0.0098,0.0094,0.0087,0.0051]
	種類:[0.0168,0.0024,0.0001,0.0004]
	正面:[0.0001,0.0006,0.0006,0.0000]
	見る:[0.0008,0.0020,0.0005,0.0013]
	もの:[0.0027,0.0031,0.0016,0.0008]
	手前:[0.0000,0.0000,0.0000,0.0000]
	だけ:[0.0014,0.0013,0.0014,0.0007]
	ようだ:[0.0040,0.0046,0.0063,0.0016]
	代表:[0.0003,0.0002,0.0000,0.0000]
	場合:[0.0357,0.0045,0.0023,0.0045]
	いう:[0.0059,0.0048,0.0034,0.0042]
	ピン:[0.0001,0.0003,0.0000,0.0000]
	それとも:[0.0000,0.0000,0.0000,0.0001]
	そうだ:[0.0003,0.0008,0.0005,0.0007]
	合わせる:[0.0004,0.0009,0.0001,0.0001]
	写真:[0.0009,0.0047,0.0003,0.0000]
	まで:[0.0020,0.0015,0.0016,0.0015]
	ます:[0.0231,0.0273,0.0228,0.0151]
	また:[0.0013,0.0021,0.0018,0.0011]
	のだ:[0.0071,0.0069,0.0054,0.0039]
	たいてい:[0.0001,0.0000,0.0000,0.0000]
	がちだ:[0.0003,0.0002,0.0000,0.0001]
	片方:[0.0001,0.0008,0.0000,0.0000]
	通り:[0.0003,0.0002,0.0004,0.0002]
	ちょっと:[0.0002,0.0001,0.0000,0.0003]
	人物:[0.0001,0.0002,0.0000,0.0000]
	かも:[0.0003,0.0004,0.0000,0.0001]
	むしろ:[0.0000,0.0001,0.0000,0.0000]
	被写体:[0.0004,0.0006,0.0000,0.0000]
	切る:[0.0002,0.0003,0.0001,0.0002]
	よい:[0.0014,0.0014,0.0004,0.0004]
	やはり:[0.0002,0.0001,0.0000,0.0000]
	少し:[0.0005,0.0010,0.0006,0.0002]
	起こる:[0.0004,0.0004,0.0000,0.0005]
	状態:[0.0028,0.0009,0.0013,0.0006]
	厳しい:[0.0000,0.0001,0.0000,0.0000]
	もし:[0.0002,0.0000,0.0001,0.0006]
	原因:[0.0014,0.0009,0.0005,0.0008]
	から:[0.0058,0.0059,0.0058,0.0033]
	パターン:[0.0005,0.0002,0.0004,0.0001]
True-Positive

Section:5
	Ｆｌａｇ：：１０００
	「手ぶれ」に代表される「ぶれ」
	これは、よくありそうな手ぶれの画像で、左は元画像を縮小して一部をトリミングで切り取ったもの、右は一部分を２倍拡大したものです。
	「ぶれ」は、カメラのシャッターが開いている間に、被写体や背景が相対的に静止していなかったために起きる現象です。
	「相対的に静止していなかった」と書きましたが、被写体が静止しているのにカメラの方が動いてしまう場合と、カメラの方は静止しているのに被写体の方が動いてしまう場合があります。
	このうち、カメラが動く、即ちカメラを持っている手が動いてしまった結果に生じるのが「手ぶれ」現象です。
	被写体の輪郭などで、上記右の拡大画像のように、「ぶれた方向に対して」幅のある輪郭が生じてしまうのが特徴です。
	また、写った画像全域で、像が流れるようにぼけてしまいます（上記左の画像では、背景もなんとなく流れているのが確認できると思います）。
	また、被写体の方が動いてしまって「ぶれ」が起きる現象のことは、「動体ぶれ」または「被写体ぶれ」などと呼ばれ、スナップ写真などではありがちな現象です。
	この場合には、写った画像の中で動いてしまった被写体だけが「ぶれ」て写り、背景などは「ぶれ」ずに写ります。
	なお、動く被写体にあわせてカメラを向ける角度も動かして撮る方法もあり、かなり難しい技術ですが、そのような撮り方のことを「流し撮り」と言います。
	流し撮りが成功した場合には、被写体とカメラは相対的にほぼ静止していますので、被写体はぶれず、逆に背景が流れるような迫力ある画像を得ることができます。
	そして、カメラも被写体も共に動いてしまう場合もあります。
	「流し撮り」のように被写体の動きとカメラの動きが一致することは偶然ではまずあり得ませんので、手ぶれと被写体ぶれが合わさった複雑にぶれた画像となります。
	「複雑にぶれる」とは、まず背景のぶれの方向と被写体のぶれの方向が一致せず、被写体が人物だとすれば人物は単純に平行移動するわけではありませんから、体の部分部分でぶれの方向が異なるのが普通です。
	上記の画像でも、幅のある輪郭が一定方向へ向いていることと背景も同じ方向へ流れていることから、ぶれの大半は「手ぶれ」であることは確かですが、ことによると多少は「被写体ぶれ」の要素も混じっているかもしれません。
Score:0.000819576763889
EACH_TAG_SCORE:
	image:0.000230651316693
	table:0.000256715218061
	graph:0.000117365933275
	flow:0.000214844295859
PARA:
Clueword:
	呼ぶ:[0.0011,0.0008,0.0003,0.0000]
	撮る:[0.0003,0.0002,0.0000,0.0000]
	カメラ:[0.0001,0.0005,0.0000,0.0000]
	輪郭:[0.0001,0.0001,0.0000,0.0000]
	現象:[0.0003,0.0003,0.0000,0.0000]
	できる:[0.0045,0.0045,0.0023,0.0015]
	ない:[0.0106,0.0085,0.0077,0.0062]
	かなり:[0.0005,0.0008,0.0003,0.0001]
	生じる:[0.0002,0.0002,0.0003,0.0000]
	れる:[0.0089,0.0087,0.0070,0.0045]
	方法:[0.0038,0.0019,0.0127,0.0001]
	混じる:[0.0000,0.0000,0.0000,0.0000]
	的だ:[0.0050,0.0029,0.0019,0.0013]
	または:[0.0006,0.0007,0.0008,0.0001]
	言う:[0.0010,0.0013,0.0005,0.0004]
	角度:[0.0000,0.0016,0.0000,0.0000]
	思う:[0.0011,0.0021,0.0027,0.0005]
	わけだ:[0.0004,0.0003,0.0000,0.0001]
	ことに:[0.0000,0.0000,0.0000,0.0000]
	結果:[0.0004,0.0004,0.0007,0.0011]
	しれる:[0.0002,0.0003,0.0000,0.0001]
	取る:[0.0009,0.0006,0.0001,0.0003]
	確かだ:[0.0001,0.0001,0.0000,0.0001]
	生ずる:[0.0001,0.0000,0.0000,0.0000]
	書く:[0.0018,0.0008,0.0006,0.0001]
	成功:[0.0001,0.0001,0.0001,0.0002]
	部分:[0.0021,0.0038,0.0011,0.0001]
	向く:[0.0001,0.0003,0.0002,0.0001]
	ある:[0.0114,0.0105,0.0052,0.0037]
	など:[0.0054,0.0053,0.0021,0.0019]
	流す:[0.0001,0.0004,0.0004,0.0000]
	あわせる:[0.0000,0.0001,0.0002,0.0000]
	シャッター:[0.0001,0.0001,0.0000,0.0000]
	ため:[0.0030,0.0033,0.0027,0.0025]
	一部:[0.0008,0.0002,0.0000,0.0011]
	複雑だ:[0.0002,0.0002,0.0000,0.0000]
	逆だ:[0.0006,0.0003,0.0001,0.0003]
	スナップ:[0.0000,0.0001,0.0000,0.0000]
	でも:[0.0029,0.0018,0.0004,0.0017]
	なお:[0.0003,0.0003,0.0002,0.0001]
	方向:[0.0000,0.0003,0.0001,0.0000]
	難しい:[0.0003,0.0005,0.0001,0.0002]
	動かす:[0.0001,0.0003,0.0013,0.0000]
	背景:[0.0001,0.0002,0.0000,0.0000]
	よる:[0.0025,0.0031,0.0031,0.0025]
	普通だ:[0.0002,0.0002,0.0000,0.0001]
	相対:[0.0000,0.0001,0.0000,0.0000]
	同じだ:[0.0013,0.0010,0.0005,0.0009]
	偶然だ:[0.0001,0.0000,0.0000,0.0000]
	確認:[0.0005,0.0008,0.0011,0.0000]
	ぼける:[0.0000,0.0000,0.0000,0.0000]
	多少:[0.0001,0.0009,0.0001,0.0001]
	起きる:[0.0001,0.0002,0.0011,0.0002]
	うち:[0.0001,0.0002,0.0000,0.0006]
	しまう:[0.0018,0.0023,0.0025,0.0012]
	画像:[0.0001,0.0042,0.0004,0.0000]
	ぶれる:[0.0000,0.0000,0.0000,0.0000]
	いる:[0.0126,0.0131,0.0081,0.0100]
	拡大:[0.0002,0.0012,0.0001,0.0055]
	得る:[0.0003,0.0002,0.0002,0.0002]
	なる:[0.0108,0.0091,0.0074,0.0069]
	こと:[0.0098,0.0094,0.0087,0.0051]
	要素:[0.0003,0.0004,0.0000,0.0000]
	流れる:[0.0002,0.0004,0.0007,0.0001]
	もの:[0.0027,0.0031,0.0016,0.0008]
	ぶる:[0.0003,0.0006,0.0000,0.0000]
	動く:[0.0004,0.0008,0.0009,0.0004]
	だけ:[0.0014,0.0013,0.0014,0.0007]
	ようだ:[0.0040,0.0046,0.0063,0.0016]
	共に:[0.0001,0.0001,0.0001,0.0000]
	代表:[0.0003,0.0002,0.0000,0.0000]
	上記:[0.0005,0.0012,0.0000,0.0000]
	写真:[0.0009,0.0047,0.0003,0.0000]
	単純だ:[0.0001,0.0001,0.0000,0.0001]
	する:[0.0382,0.0384,0.0461,0.0182]
	そうだ:[0.0003,0.0008,0.0005,0.0007]
	一定:[0.0001,0.0002,0.0000,0.0001]
	向ける:[0.0000,0.0003,0.0017,0.0003]
	場合:[0.0357,0.0045,0.0023,0.0045]
	迫力:[0.0000,0.0000,0.0000,0.0000]
	特徴:[0.0101,0.0020,0.0000,0.0002]
	ます:[0.0231,0.0273,0.0228,0.0151]
	まず:[0.0007,0.0007,0.0190,0.0001]
	持つ:[0.0008,0.0008,0.0014,0.0001]
	異なる:[0.0019,0.0007,0.0002,0.0001]
	また:[0.0013,0.0021,0.0018,0.0011]
	のだ:[0.0071,0.0069,0.0054,0.0039]
	から:[0.0058,0.0059,0.0058,0.0033]
	静止:[0.0000,0.0002,0.0000,0.0000]
	がちだ:[0.0003,0.0002,0.0000,0.0001]
	かも:[0.0003,0.0004,0.0000,0.0001]
	人物:[0.0001,0.0002,0.0000,0.0000]
	対する:[0.0009,0.0005,0.0003,0.0000]
	ほぼ:[0.0003,0.0002,0.0000,0.0007]
	技術:[0.0001,0.0000,0.0005,0.0001]
	平行:[0.0000,0.0001,0.0000,0.0000]
	被写体:[0.0004,0.0006,0.0000,0.0000]
	切る:[0.0002,0.0003,0.0001,0.0002]
	よい:[0.0014,0.0014,0.0004,0.0004]
	そして:[0.0004,0.0004,0.0025,0.0001]
	開く:[0.0001,0.0007,0.0025,0.0000]
	一致:[0.0000,0.0000,0.0000,0.0000]
	大半:[0.0001,0.0001,0.0000,0.0000]
	合わさる:[0.0001,0.0000,0.0000,0.0000]
True-Positive

Section:1
	Ｆｌａｇ：：００００
	「ぼけ」と「ぶれ」について
	「ピンぼけ」と「手ぶれ」は違う
Score:0.000217399690959
EACH_TAG_SCORE:
	image:8.42862777946e-05
	table:7.15504630035e-05
	graph:3.16534077927e-05
	flow:2.99095423685e-05
PARA:
Clueword:
	つく:[0.0013,0.0016,0.0009,0.0004]
	違う:[0.0011,0.0009,0.0003,0.0008]
	ピンぼけ:[0.0002,0.0003,0.0000,0.0000]
	ぼけ:[0.0000,0.0001,0.0000,0.0000]
	ぶる:[0.0003,0.0006,0.0000,0.0000]
True-Negative

True-Negative:1
False-Positive:0
True-Positive:6
False-Negative:0
precision = 1.000000
recall = 1.000000
fvalue = 1.000000