Section:4
	Ｆｌａｇ：：００００
	※思いこみを認識する作業は、心の痛みを伴う場合があります。
	つらい過去を蒸し返すこともあるかもしれません。
	それでも痛みを直視し、客観的に分析する勇気をもたなければ、自分を苦しめている思いこみは明らかになりません。
	紙やパソコンに書きましょう。
	（書くと認識しやすくなります）
	そして、自分がピンときて納得できるまで根気よく、くりかえましょう。
	思いこみが特定できれば、悩みの半分以上を解決したも同然です。
	それでは次に紹介する５つの方法で、悩みを「無効化」していきましょう。
Score:0.00241709563451
EACH_TAG_SCORE:
	image:0.000621160645508
	table:0.000762103925772
	graph:0.000343073259563
	flow:0.000690757803664
PARA:
Clueword:
	分析:[0.0005,0.0001,0.0002,0.0002]
	ピンと:[0.0001,0.0000,0.0000,0.0001]
	しれる:[0.0002,0.0003,0.0000,0.0001]
	できる:[0.0045,0.0045,0.0023,0.0015]
	無効だ:[0.0000,0.0001,0.0000,0.0000]
	きる:[0.0006,0.0002,0.0001,0.0001]
	なる:[0.0108,0.0091,0.0074,0.0069]
	悩む:[0.0001,0.0009,0.0009,0.0000]
	自分:[0.0013,0.0009,0.0013,0.0008]
	方法:[0.0038,0.0019,0.0127,0.0001]
	認識:[0.0001,0.0001,0.0011,0.0001]
	いる:[0.0126,0.0131,0.0081,0.0100]
	次に:[0.0001,0.0003,0.0133,0.0001]
	こと:[0.0098,0.0094,0.0087,0.0051]
	半分:[0.0001,0.0001,0.0000,0.0001]
	もつ:[0.0003,0.0006,0.0003,0.0000]
	思う:[0.0011,0.0021,0.0027,0.0005]
	以上:[0.0010,0.0009,0.0006,0.0017]
	つらい:[0.0000,0.0001,0.0000,0.0000]
	作業:[0.0001,0.0002,0.0011,0.0001]
	いく:[0.0011,0.0015,0.0023,0.0005]
	する:[0.0382,0.0384,0.0461,0.0182]
	解決:[0.0002,0.0004,0.0000,0.0001]
	場合:[0.0357,0.0045,0.0023,0.0045]
	まで:[0.0020,0.0015,0.0016,0.0015]
	かも:[0.0003,0.0004,0.0000,0.0001]
	紹介:[0.0003,0.0004,0.0000,0.0000]
	くる:[0.0012,0.0017,0.0007,0.0011]
	書く:[0.0018,0.0008,0.0006,0.0001]
	特定:[0.0006,0.0003,0.0000,0.0000]
	こむ:[0.0000,0.0012,0.0019,0.0000]
	明らかだ:[0.0000,0.0001,0.0001,0.0000]
	ます:[0.0231,0.0273,0.0228,0.0151]
	それでは:[0.0001,0.0000,0.0096,0.0000]
	ある:[0.0114,0.0105,0.0052,0.0037]
	ない:[0.0106,0.0085,0.0077,0.0062]
	過去:[0.0002,0.0001,0.0018,0.0009]
	客観:[0.0000,0.0001,0.0000,0.0000]
	伴う:[0.0000,0.0000,0.0000,0.0002]
	よい:[0.0014,0.0014,0.0004,0.0004]
	痛む:[0.0004,0.0007,0.0003,0.0001]
	そして:[0.0004,0.0004,0.0025,0.0001]
	的だ:[0.0050,0.0029,0.0019,0.0013]
	かえる:[0.0000,0.0001,0.0000,0.0001]
	でも:[0.0029,0.0018,0.0004,0.0017]
	やすい:[0.0029,0.0024,0.0011,0.0006]
	パソコン:[0.0004,0.0005,0.0000,0.0000]
False-Positive

Section:8
	Ｆｌａｇ：：１０００
	方法３：「思いこみ」をプラスとマイナスの両サイドから見る
	どんなことでも見方によって、光と影、プラスとマイナスがあります。
	視点をかたよらせず、両サイドからものごとを見ましょう。
	「私はバカかもしれない。だけど、そのおかげで、愛嬌（あいきょう）がでてみんなに好かれ可愛がられている。」
	こんな風にプラスの面を列挙していってみましょう。
	紙やパソコンにかいているうちに、影の大きさの分の光が見えてくるはずです。
	あなたの心が感動でうごくまで、書きつづけましょう。
Score:0.00224102417065
EACH_TAG_SCORE:
	image:0.000639552534241
	table:0.0006118423942
	graph:0.000368556227008
	flow:0.000621073015206
PARA:
Clueword:
	よる:[0.0025,0.0031,0.0031,0.0025]
	しれる:[0.0002,0.0003,0.0000,0.0001]
	はずだ:[0.0003,0.0003,0.0000,0.0001]
	あいきょう:[0.0000,0.0001,0.0000,0.0000]
	れる:[0.0089,0.0087,0.0070,0.0045]
	おかげ:[0.0000,0.0001,0.0000,0.0000]
	うち:[0.0001,0.0002,0.0000,0.0006]
	バカだ:[0.0000,0.0003,0.0005,0.0000]
	みる:[0.0012,0.0014,0.0005,0.0011]
	方法:[0.0038,0.0019,0.0127,0.0001]
	プラス:[0.0011,0.0004,0.0002,0.0009]
	する:[0.0382,0.0384,0.0461,0.0182]
	まで:[0.0020,0.0015,0.0016,0.0015]
	いる:[0.0126,0.0131,0.0081,0.0100]
	感動:[0.0000,0.0001,0.0000,0.0000]
	どんな:[0.0006,0.0003,0.0000,0.0001]
	かたよる:[0.0000,0.0001,0.0000,0.0000]
	見方:[0.0000,0.0013,0.0024,0.0001]
	思う:[0.0011,0.0021,0.0027,0.0005]
	みんな:[0.0002,0.0001,0.0000,0.0000]
	見る:[0.0008,0.0020,0.0005,0.0013]
	かく:[0.0000,0.0001,0.0000,0.0000]
	好く:[0.0001,0.0001,0.0000,0.0000]
	いく:[0.0011,0.0015,0.0023,0.0005]
	ごと:[0.0002,0.0004,0.0001,0.0000]
	マイナスだ:[0.0001,0.0002,0.0000,0.0000]
	愛嬌:[0.0000,0.0001,0.0000,0.0000]
	ます:[0.0231,0.0273,0.0228,0.0151]
	くる:[0.0012,0.0017,0.0007,0.0011]
	可愛がる:[0.0000,0.0001,0.0000,0.0000]
	から:[0.0058,0.0059,0.0058,0.0033]
	大きい:[0.0011,0.0018,0.0014,0.0029]
	見える:[0.0005,0.0008,0.0008,0.0001]
	列挙:[0.0000,0.0001,0.0000,0.0000]
	こむ:[0.0000,0.0012,0.0019,0.0000]
	あなた:[0.0001,0.0007,0.0001,0.0000]
	かも:[0.0003,0.0004,0.0000,0.0001]
	ある:[0.0114,0.0105,0.0052,0.0037]
	つづける:[0.0000,0.0001,0.0000,0.0000]
	視点:[0.0000,0.0001,0.0000,0.0000]
	せる:[0.0005,0.0017,0.0030,0.0006]
	うごく:[0.0000,0.0001,0.0000,0.0000]
	書く:[0.0018,0.0008,0.0006,0.0001]
	でる:[0.0001,0.0001,0.0000,0.0000]
	マイナス:[0.0007,0.0002,0.0004,0.0053]
	こと:[0.0098,0.0094,0.0087,0.0051]
	でも:[0.0029,0.0018,0.0004,0.0017]
	ない:[0.0106,0.0085,0.0077,0.0062]
	だけど:[0.0000,0.0001,0.0000,0.0000]
	サイド:[0.0000,0.0004,0.0006,0.0000]
	パソコン:[0.0004,0.0005,0.0000,0.0000]
True-Positive

Section:7
	Ｆｌａｇ：：１０００
	方法２：「思いこみ」の範囲を限定する
	日常生活のささいな思いこみが、普遍的な法則だったなんてことはありません。
	かならずそこには「範囲」があるのです。
	思い込みの適応範囲を一部に限定していきましょう。
	時間、場所、状態、人、環境などあらゆる側面から限定していくのです。
	「小学校の時はバカだったかもしれないが、社会人となり家庭を築いている私はもうバカではない」
	これも紙やパソコンにどんどん書いていき、読み上げましょう。
	「昔＋あの場所＋あの時の自分＋特定の人」という条件でたまたま感じたことを、真実のように信じこむのはおかしいことに気がつくでしょう。
Score:0.00210802299195
EACH_TAG_SCORE:
	image:0.000606542537645
	table:0.000629919299632
	graph:0.000316760432088
	flow:0.000554800722587
PARA:
Clueword:
	だろう:[0.0010,0.0005,0.0000,0.0003]
	感じる:[0.0009,0.0010,0.0004,0.0003]
	しれる:[0.0002,0.0003,0.0000,0.0001]
	条件:[0.0064,0.0007,0.0006,0.0001]
	社会:[0.0001,0.0004,0.0000,0.0007]
	適応:[0.0001,0.0001,0.0000,0.0000]
	かならず:[0.0000,0.0001,0.0000,0.0000]
	バカだ:[0.0000,0.0003,0.0005,0.0000]
	なる:[0.0108,0.0091,0.0074,0.0069]
	おかしい:[0.0001,0.0001,0.0000,0.0000]
	自分:[0.0013,0.0009,0.0013,0.0008]
	方法:[0.0038,0.0019,0.0127,0.0001]
	もう:[0.0002,0.0002,0.0006,0.0002]
	読む:[0.0003,0.0005,0.0000,0.0000]
	つく:[0.0013,0.0016,0.0009,0.0004]
	あらゆる:[0.0002,0.0004,0.0000,0.0000]
	家庭:[0.0000,0.0001,0.0000,0.0000]
	こと:[0.0098,0.0094,0.0087,0.0051]
	日常:[0.0002,0.0002,0.0000,0.0002]
	築く:[0.0000,0.0001,0.0000,0.0000]
	限定:[0.0006,0.0003,0.0000,0.0001]
	側面:[0.0004,0.0005,0.0000,0.0000]
	ようだ:[0.0040,0.0046,0.0063,0.0016]
	法則:[0.0000,0.0001,0.0000,0.0000]
	一部:[0.0008,0.0002,0.0000,0.0011]
	いく:[0.0011,0.0015,0.0023,0.0005]
	普遍:[0.0000,0.0001,0.0000,0.0000]
	いう:[0.0059,0.0048,0.0034,0.0042]
	ささいだ:[0.0000,0.0001,0.0000,0.0000]
	する:[0.0382,0.0384,0.0461,0.0182]
	環境:[0.0005,0.0002,0.0000,0.0000]
	信ずる:[0.0000,0.0001,0.0000,0.0000]
	いる:[0.0126,0.0131,0.0081,0.0100]
	ます:[0.0231,0.0273,0.0228,0.0151]
	なんて:[0.0003,0.0002,0.0000,0.0003]
	生活:[0.0003,0.0004,0.0000,0.0001]
	書く:[0.0018,0.0008,0.0006,0.0001]
	のだ:[0.0071,0.0069,0.0054,0.0039]
	から:[0.0058,0.0059,0.0058,0.0033]
	特定:[0.0006,0.0003,0.0000,0.0000]
	込む:[0.0006,0.0010,0.0006,0.0004]
	こむ:[0.0000,0.0012,0.0019,0.0000]
	範囲:[0.0002,0.0047,0.0000,0.0001]
	小学校:[0.0000,0.0001,0.0000,0.0000]
	かも:[0.0003,0.0004,0.0000,0.0001]
	ある:[0.0114,0.0105,0.0052,0.0037]
	など:[0.0054,0.0053,0.0021,0.0019]
	時間:[0.0011,0.0004,0.0004,0.0010]
	どんどん:[0.0000,0.0001,0.0000,0.0001]
	場所:[0.0005,0.0004,0.0000,0.0000]
	真実だ:[0.0000,0.0001,0.0000,0.0000]
	状態:[0.0028,0.0009,0.0013,0.0006]
	上げる:[0.0002,0.0003,0.0005,0.0004]
	的だ:[0.0050,0.0029,0.0019,0.0013]
	思う:[0.0011,0.0021,0.0027,0.0005]
	ない:[0.0106,0.0085,0.0077,0.0062]
	パソコン:[0.0004,0.0005,0.0000,0.0000]
	たまたま:[0.0000,0.0001,0.0000,0.0000]
True-Positive

Section:1
	Ｆｌａｇ：：００００
	つきまとう「悩み」や「コンプレックス」
	「悩み」、「コンプレックス」。
	それは人生のいたるところで、あなたにつきまとい、苦しめます。
	前向きな悩みは、成長のために必要かもしれません。
	しかし、自分をウジウジと落ちこませたり、パニックにさせたり、生きているのをつらくさせるようなコンプレックスや悩みは、すぐにでも頭から消しさりたいものです。
	悩んでも仕方のないことに、あなたの大事な命を消耗させてはいけないのです。
	余計な悩みにまどわされなければ、以下のようなことができるようになります。
Score:0.00207731885414
EACH_TAG_SCORE:
	image:0.000602188469097
	table:0.000578354166562
	graph:0.000324122708412
	flow:0.000572653510071
PARA:
Clueword:
	仕方:[0.0000,0.0004,0.0047,0.0000]
	こと:[0.0098,0.0094,0.0087,0.0051]
	れる:[0.0089,0.0087,0.0070,0.0045]
	せる:[0.0005,0.0017,0.0030,0.0006]
	しれる:[0.0002,0.0003,0.0000,0.0001]
	大事だ:[0.0001,0.0001,0.0000,0.0000]
	すぐ:[0.0003,0.0004,0.0005,0.0002]
	できる:[0.0045,0.0045,0.0023,0.0015]
	かも:[0.0003,0.0004,0.0000,0.0001]
	たい:[0.0013,0.0013,0.0014,0.0010]
	のだ:[0.0071,0.0069,0.0054,0.0039]
	余計だ:[0.0000,0.0001,0.0001,0.0000]
	頭から:[0.0000,0.0001,0.0000,0.0000]
	人生:[0.0000,0.0000,0.0000,0.0000]
	まどう:[0.0000,0.0001,0.0000,0.0000]
	さる:[0.0000,0.0001,0.0000,0.0000]
	必要だ:[0.0024,0.0014,0.0019,0.0006]
	悩む:[0.0001,0.0009,0.0009,0.0000]
	自分:[0.0013,0.0009,0.0013,0.0008]
	こむ:[0.0000,0.0012,0.0019,0.0000]
	する:[0.0382,0.0384,0.0461,0.0182]
	消す:[0.0000,0.0004,0.0006,0.0000]
	成長:[0.0001,0.0001,0.0005,0.0002]
	ます:[0.0231,0.0273,0.0228,0.0151]
	コンプレックス:[0.0000,0.0001,0.0000,0.0000]
	落ちる:[0.0001,0.0001,0.0001,0.0000]
	いけない:[0.0004,0.0002,0.0001,0.0001]
	ない:[0.0106,0.0085,0.0077,0.0062]
	しかし:[0.0004,0.0004,0.0007,0.0004]
	パニック:[0.0000,0.0001,0.0000,0.0000]
	ウジウジ:[0.0000,0.0001,0.0000,0.0000]
	あなた:[0.0001,0.0007,0.0001,0.0000]
	ため:[0.0030,0.0033,0.0027,0.0025]
	以下:[0.0010,0.0025,0.0011,0.0002]
	つらい:[0.0000,0.0001,0.0000,0.0000]
	なる:[0.0108,0.0091,0.0074,0.0069]
	でも:[0.0029,0.0018,0.0004,0.0017]
	いる:[0.0126,0.0131,0.0081,0.0100]
	生きる:[0.0000,0.0001,0.0000,0.0000]
	ようだ:[0.0040,0.0046,0.0063,0.0016]
	もの:[0.0027,0.0031,0.0016,0.0008]
False-Positive

Section:3
	Ｆｌａｇ：：０００１
	準備：「思いこみ」をしっかりと認識する
	見えない敵にマシンガンを打っても、なかなか当たることはありません。
	まずは、しっかりと自分の「思いこみ」を認識することがスタートです。
	思いこみは、以下の質問をすることで正体をあばくことができます。
	「私はどうしてこれに悩んでいるのだろうか？」
	※「自分を悩ませている思いこみ」にたどり着くまで、これをトコトン掘りさげていきます。
	「私はどうして人前で話すのが苦手なの？」
	「いつも、あがってしどろもどろになってしまうから」
	「どうしてそうなるの？」
	「間違いを指摘されているような気がして、落ち着かないから」
	「どうして間違えを指摘されるのが嫌なの？」
	「バカだと思われたくないから」
Score:0.0018246888354
EACH_TAG_SCORE:
	image:0.000513205473814
	table:0.000491575217256
	graph:0.000272106339667
	flow:0.000547801804668
PARA:
Clueword:
	いく:[0.0011,0.0015,0.0023,0.0005]
	以下:[0.0010,0.0025,0.0011,0.0002]
	嫌だ:[0.0000,0.0000,0.0005,0.0002]
	落ち着く:[0.0002,0.0001,0.0006,0.0001]
	指摘:[0.0000,0.0000,0.0009,0.0000]
	あばく:[0.0000,0.0000,0.0005,0.0000]
	あがる:[0.0001,0.0000,0.0005,0.0000]
	たどり着く:[0.0000,0.0000,0.0005,0.0000]
	いる:[0.0126,0.0131,0.0081,0.0100]
	できる:[0.0045,0.0045,0.0023,0.0015]
	ます:[0.0231,0.0273,0.0228,0.0151]
	たい:[0.0013,0.0013,0.0014,0.0010]
	のだ:[0.0071,0.0069,0.0054,0.0039]
	から:[0.0058,0.0059,0.0058,0.0033]
	れる:[0.0089,0.0087,0.0070,0.0045]
	苦手だ:[0.0003,0.0001,0.0005,0.0000]
	バカだ:[0.0000,0.0003,0.0005,0.0000]
	見える:[0.0005,0.0008,0.0008,0.0001]
	しまう:[0.0018,0.0023,0.0025,0.0012]
	正体:[0.0000,0.0001,0.0005,0.0000]
	悩む:[0.0001,0.0009,0.0009,0.0000]
	当たる:[0.0001,0.0002,0.0005,0.0000]
	こむ:[0.0000,0.0012,0.0019,0.0000]
	認識:[0.0001,0.0001,0.0011,0.0001]
	間違う:[0.0000,0.0001,0.0009,0.0000]
	する:[0.0382,0.0384,0.0461,0.0182]
	まで:[0.0020,0.0015,0.0016,0.0015]
	人前:[0.0001,0.0001,0.0005,0.0000]
	話す:[0.0001,0.0002,0.0006,0.0007]
	まずは:[0.0001,0.0002,0.0092,0.0002]
	なる:[0.0108,0.0091,0.0074,0.0069]
	スタート:[0.0001,0.0001,0.0006,0.0000]
	ある:[0.0114,0.0105,0.0052,0.0037]
	なかなか:[0.0000,0.0000,0.0005,0.0000]
	しどろもどろだ:[0.0000,0.0000,0.0005,0.0000]
	こと:[0.0098,0.0094,0.0087,0.0051]
	ようだ:[0.0040,0.0046,0.0063,0.0016]
	せる:[0.0005,0.0017,0.0030,0.0006]
	準備:[0.0001,0.0002,0.0006,0.0000]
	掘りさげる:[0.0000,0.0000,0.0005,0.0000]
	自分:[0.0013,0.0009,0.0013,0.0008]
	打つ:[0.0001,0.0001,0.0006,0.0000]
	しっかり:[0.0001,0.0003,0.0017,0.0001]
	マシンガン:[0.0000,0.0000,0.0005,0.0000]
	間違える:[0.0001,0.0001,0.0007,0.0000]
	トコトン:[0.0000,0.0000,0.0005,0.0000]
	思う:[0.0011,0.0021,0.0027,0.0005]
	ない:[0.0106,0.0085,0.0077,0.0062]
	いつも:[0.0000,0.0002,0.0005,0.0000]
	質問:[0.0001,0.0001,0.0007,0.0002]
True-Positive

Section:6
	Ｆｌａｇ：：００００
	方法１：「思いこみ」を壊す
	思いこみを壊すには、反対の証拠や例をあげていくのが効果的です。
	先の例で、「私はバカだ」という思いこみの反対の例をあげいきます。
	「私は、一生で一度も、バカだといわれたことがない」
	「私の仕事ぶりは、沢山の人に評価されている。だからバカではない」
	とりあえず、質よりも量が大事です。
	頭のなかで考えるだけでなく、どんどん紙やパソコンに理詰めで書いていきましょう。
	そして最後に感情をこめて読み上げましょう。
	そうすれば、「アッ！これって思い込みだ！」とあなたの脳が客観的に認識するはずです。
Score:0.00176686317871
EACH_TAG_SCORE:
	image:0.000493995792553
	table:0.000496419488317
	graph:0.000269139528193
	flow:0.000507308369646
PARA:
Clueword:
	より:[0.0022,0.0013,0.0003,0.0013]
	評価:[0.0000,0.0000,0.0001,0.0001]
	はずだ:[0.0003,0.0003,0.0000,0.0001]
	れる:[0.0089,0.0087,0.0070,0.0045]
	バカだ:[0.0000,0.0003,0.0005,0.0000]
	方法:[0.0038,0.0019,0.0127,0.0001]
	認識:[0.0001,0.0001,0.0011,0.0001]
	する:[0.0382,0.0384,0.0461,0.0182]
	読む:[0.0003,0.0005,0.0000,0.0000]
	って:[0.0005,0.0004,0.0000,0.0003]
	思う:[0.0011,0.0021,0.0027,0.0005]
	証拠:[0.0000,0.0000,0.0000,0.0000]
	大事だ:[0.0001,0.0001,0.0000,0.0000]
	感情:[0.0000,0.0000,0.0000,0.0000]
	込む:[0.0006,0.0010,0.0006,0.0004]
	だけ:[0.0014,0.0013,0.0014,0.0007]
	効果:[0.0015,0.0010,0.0000,0.0005]
	いく:[0.0011,0.0015,0.0023,0.0005]
	壊す:[0.0000,0.0001,0.0000,0.0000]
	いう:[0.0059,0.0048,0.0034,0.0042]
	いる:[0.0126,0.0131,0.0081,0.0100]
	こめる:[0.0000,0.0000,0.0000,0.0000]
	ます:[0.0231,0.0273,0.0228,0.0151]
	どんどん:[0.0000,0.0001,0.0000,0.0001]
	書く:[0.0018,0.0008,0.0006,0.0001]
	反対だ:[0.0001,0.0002,0.0001,0.0000]
	あげる:[0.0002,0.0005,0.0005,0.0009]
	仕事:[0.0003,0.0003,0.0005,0.0003]
	こむ:[0.0000,0.0012,0.0019,0.0000]
	とりあえず:[0.0001,0.0000,0.0000,0.0000]
	最後だ:[0.0001,0.0004,0.0009,0.0000]
	考える:[0.0013,0.0013,0.0004,0.0007]
	客観:[0.0000,0.0001,0.0000,0.0000]
	あなた:[0.0001,0.0007,0.0001,0.0000]
	そして:[0.0004,0.0004,0.0025,0.0001]
	上げる:[0.0002,0.0003,0.0005,0.0004]
	的だ:[0.0050,0.0029,0.0019,0.0013]
	こと:[0.0098,0.0094,0.0087,0.0051]
	なか:[0.0001,0.0002,0.0002,0.0000]
	ない:[0.0106,0.0085,0.0077,0.0062]
	パソコン:[0.0004,0.0005,0.0000,0.0000]
False-Positive

Section:5
	Ｆｌａｇ：：１０００
	あなたを悩ませる思い込みを無効化する５つのカギ
	「思いこみ」を壊す
	「思いこみ」の範囲を限定する
	「思いこみ」をプラスとマイナスの両サイドから見る
	多様性をもって「思いこみ」を受けいれる
	「思いこみ」は空である―「色即是空」
Score:0.00162085718958
EACH_TAG_SCORE:
	image:0.000498695327704
	table:0.000404904731498
	graph:0.000206751828965
	flow:0.000510505301409
PARA:
Clueword:
	壊す:[0.0000,0.0001,0.0000,0.0000]
	せる:[0.0005,0.0017,0.0030,0.0006]
	マイナスだ:[0.0001,0.0002,0.0000,0.0000]
	多様だ:[0.0001,0.0002,0.0000,0.0000]
	受けいれる:[0.0000,0.0001,0.0000,0.0000]
	から:[0.0058,0.0059,0.0058,0.0033]
	無効だ:[0.0000,0.0001,0.0000,0.0000]
	込む:[0.0006,0.0010,0.0006,0.0004]
	悩む:[0.0001,0.0009,0.0009,0.0000]
	こむ:[0.0000,0.0012,0.0019,0.0000]
	範囲:[0.0002,0.0047,0.0000,0.0001]
	プラス:[0.0011,0.0004,0.0002,0.0009]
	する:[0.0382,0.0384,0.0461,0.0182]
	思う:[0.0011,0.0021,0.0027,0.0005]
	あなた:[0.0001,0.0007,0.0001,0.0000]
	もつ:[0.0003,0.0006,0.0003,0.0000]
	限定:[0.0006,0.0003,0.0000,0.0001]
	カギ:[0.0000,0.0001,0.0000,0.0001]
	見る:[0.0008,0.0020,0.0005,0.0013]
	サイド:[0.0000,0.0004,0.0006,0.0000]
True-Positive

Section:2
	Ｆｌａｇ：：１０００
	希望がもてる
	愛情をもって世界にせっすることができる
	笑顔がふえる
	冷静な判断や意思決定ができる
	心の整理がスピーディになる
	問題の本質をみられるようになる
	今日はあなたの抱えている心の悩みが、大幅に軽減できる５つの方法を紹介します。
	どうして「悩み」はおきるのか？犯人は「思いこみ」
	最新鋭の研究結果や、何千年も前から伝承によって、すでに悩みの正体は明らかになっています。
	悩みがおきる原因は、脳のなかにねむっている「思いこみ」にあります。
	気がついていない「思いこみ」があなたを欺き（あざむき）、悩ませるのです。
	・人前で話すのが苦手だと悩んでいる人は、「バカだと思われたくない」「私の話はつまらない」等の思いこみに苦しんでいます。
	・部長のＡさんが苦手で悩んでいる人は、「また厳しく注意される」「あのタイプの人は私のことが気に入らないのだろう」等の思い込みに苦しんでいます。
	・借金で悩んでいる人は、「お金がなくなったら最悪の結末になる」等の思いこみに苦しんでいます。
	これらの「思いこみ」を心理学ではリミッティング・ビリーフ（あなたを制限させる信念）とよんだり、仏教で煩悩（ぼんのう）とよんだりします。
	思考の「フレームワーク」や「定義付け」とも言ったりします。
	そして、古今東西の学者や賢者たちがしめす悩みの解決方法は共通なのです。
	悩みの解決のカギは、「”あなたを苦しませる思いこみ”に気づき、それを無効化すること」です。
Score:0.00100563096562
EACH_TAG_SCORE:
	image:0.000294341524525
	table:0.000278194458886
	graph:0.00015333173247
	flow:0.000279763249738
PARA:
Clueword:
	気に入る:[0.0001,0.0001,0.0001,0.0000]
	つまらない:[0.0000,0.0001,0.0000,0.0000]
	共通だ:[0.0001,0.0002,0.0000,0.0000]
	よる:[0.0025,0.0031,0.0031,0.0025]
	しめす:[0.0000,0.0001,0.0000,0.0000]
	思考:[0.0000,0.0001,0.0000,0.0000]
	古今東西:[0.0000,0.0001,0.0000,0.0000]
	抱える:[0.0001,0.0001,0.0000,0.0000]
	最悪だ:[0.0000,0.0001,0.0000,0.0000]
	話す:[0.0001,0.0002,0.0006,0.0007]
	できる:[0.0045,0.0045,0.0023,0.0015]
	賢者:[0.0000,0.0001,0.0000,0.0000]
	せっする:[0.0000,0.0001,0.0000,0.0000]
	なくなる:[0.0001,0.0002,0.0000,0.0000]
	タイプ:[0.0017,0.0004,0.0006,0.0000]
	れる:[0.0089,0.0087,0.0070,0.0045]
	さん:[0.0004,0.0007,0.0003,0.0007]
	バカだ:[0.0000,0.0003,0.0005,0.0000]
	みる:[0.0012,0.0014,0.0005,0.0011]
	なる:[0.0108,0.0091,0.0074,0.0069]
	正体:[0.0000,0.0001,0.0005,0.0000]
	今日:[0.0000,0.0002,0.0003,0.0000]
	部長:[0.0000,0.0001,0.0000,0.0000]
	方法:[0.0038,0.0019,0.0127,0.0001]
	希望:[0.0000,0.0002,0.0003,0.0000]
	たち:[0.0003,0.0002,0.0000,0.0005]
	学者:[0.0000,0.0001,0.0000,0.0000]
	気づく:[0.0000,0.0001,0.0000,0.0000]
	する:[0.0382,0.0384,0.0461,0.0182]
	言う:[0.0010,0.0013,0.0005,0.0004]
	いる:[0.0126,0.0131,0.0081,0.0100]
	信念:[0.0000,0.0001,0.0000,0.0000]
	研究:[0.0000,0.0003,0.0003,0.0004]
	ぼんのう:[0.0000,0.0001,0.0000,0.0000]
	定義付ける:[0.0000,0.0001,0.0000,0.0000]
	借金:[0.0000,0.0001,0.0001,0.0001]
	心理:[0.0000,0.0001,0.0000,0.0001]
	こと:[0.0098,0.0094,0.0087,0.0051]
	新鋭だ:[0.0000,0.0001,0.0000,0.0000]
	愛情:[0.0000,0.0001,0.0000,0.0000]
	悩む:[0.0001,0.0009,0.0009,0.0000]
	整理:[0.0005,0.0005,0.0000,0.0000]
	あざむく:[0.0000,0.0001,0.0000,0.0000]
	もつ:[0.0003,0.0006,0.0003,0.0000]
	つく:[0.0013,0.0016,0.0009,0.0004]
	問題:[0.0005,0.0008,0.0003,0.0003]
	伝承:[0.0000,0.0001,0.0000,0.0000]
	すでに:[0.0000,0.0001,0.0000,0.0000]
	よぶ:[0.0000,0.0002,0.0001,0.0000]
	結果:[0.0004,0.0004,0.0007,0.0011]
	制限:[0.0003,0.0001,0.0000,0.0000]
	おきる:[0.0000,0.0001,0.0000,0.0000]
	意思:[0.0000,0.0001,0.0000,0.0000]
	決定:[0.0002,0.0003,0.0002,0.0000]
	リミッティング:[0.0000,0.0001,0.0000,0.0000]
	ようだ:[0.0040,0.0046,0.0063,0.0016]
	無効だ:[0.0000,0.0001,0.0000,0.0000]
	本質:[0.0000,0.0001,0.0000,0.0000]
	世界:[0.0007,0.0005,0.0008,0.0008]
	カギ:[0.0000,0.0001,0.0000,0.0001]
	解決:[0.0002,0.0004,0.0000,0.0001]
	ます:[0.0231,0.0273,0.0228,0.0151]
	紹介:[0.0003,0.0004,0.0000,0.0000]
	たい:[0.0013,0.0013,0.0014,0.0010]
	欺く:[0.0000,0.0001,0.0000,0.0000]
	笑顔:[0.0000,0.0001,0.0000,0.0000]
	フレームワーク:[0.0000,0.0001,0.0000,0.0000]
	また:[0.0013,0.0021,0.0018,0.0011]
	もてる:[0.0000,0.0001,0.0000,0.0000]
	から:[0.0058,0.0059,0.0058,0.0033]
	スピーディだ:[0.0000,0.0001,0.0000,0.0000]
	煩悩:[0.0000,0.0001,0.0000,0.0000]
	軽減:[0.0000,0.0001,0.0000,0.0000]
	苦手だ:[0.0003,0.0001,0.0005,0.0000]
	大幅だ:[0.0000,0.0001,0.0000,0.0000]
	注意:[0.0003,0.0008,0.0007,0.0005]
	込む:[0.0006,0.0010,0.0006,0.0004]
	こむ:[0.0000,0.0012,0.0019,0.0000]
	明らかだ:[0.0000,0.0001,0.0001,0.0000]
	判断:[0.0006,0.0007,0.0001,0.0000]
	られる:[0.0027,0.0025,0.0013,0.0015]
	ふえる:[0.0000,0.0001,0.0000,0.0000]
	冷静だ:[0.0000,0.0001,0.0000,0.0000]
	あなた:[0.0001,0.0007,0.0001,0.0000]
	結末:[0.0000,0.0001,0.0000,0.0000]
	ある:[0.0114,0.0105,0.0052,0.0037]
	ねむる:[0.0000,0.0001,0.0000,0.0000]
	ビリーフ:[0.0000,0.0001,0.0000,0.0000]
	人前:[0.0001,0.0001,0.0005,0.0000]
	そして:[0.0004,0.0004,0.0025,0.0001]
	せる:[0.0005,0.0017,0.0030,0.0006]
	苦しむ:[0.0000,0.0003,0.0000,0.0000]
	厳しい:[0.0000,0.0001,0.0000,0.0000]
	のだ:[0.0071,0.0069,0.0054,0.0039]
	思う:[0.0011,0.0021,0.0027,0.0005]
	仏教:[0.0000,0.0001,0.0000,0.0000]
	なか:[0.0001,0.0002,0.0002,0.0000]
	ない:[0.0106,0.0085,0.0077,0.0062]
	何千:[0.0000,0.0001,0.0000,0.0000]
	原因:[0.0014,0.0009,0.0005,0.0008]
True-Positive

Section:9
	Ｆｌａｇ：：００００
	方法４：多様性をもって「思いこみ」を受けいれる
	主張をするから、衝突が発生します。
	もっと柔軟に肩の荷をおろしてものごとを見てみれば、たいしたことがないとおもえる場合があります。
	「私はバカなのはある部分で正しい。私がバカでないのもある部分で正しい。どちらの見方もある。世の中には常に多様な見方があって当然だ。わたしは相手にどう思われてもいいし、相手を訂正する気もない。すべてを受け入れよう。」
	神のような広い愛と心で世の中をみてみましょう。
	方法５：「思いこみ」は空である―「色即是空」
	般若心経の有名なフレーズ「色即是空、空即是色」に学びましょう。
	私たちが五感をとおして認知している現物と思っているものは、すべて「空」です。
	「思いこみ」も「空」です。
	固定実体はありません。
	しょせん、あなたの頭の中でおこっている幻なのです。
	そんなことで悩むのはナンセンスです。
	すべては無常（常では無い）なのです。
	それは存在しているともいえるし、存在していないともいえます。
	すべては絶えざる変化の相互作用のなかで、仮に存在している移ろいゆくものなのです。
	悩みが浮かんできたら「これはたんなる妄想だ」とおもってフッと棚上げしましょう。
	できることなら、忘れましょう。
	そんな幻想には惑わされずに、目の前のことに集中するのです。
	「根性論」という名の檻（おり）に自分を閉じこめない
	思いこみの正体がわかっても、それに根性でそれと戦うのを美徳とするひとがいます。
	「現実から目をそむけるな！」と自分にムチをうつのです。
	それをやっているかぎり、永遠に心はやすらぐことができません。
	思いこみを無効化するのは「逃げ」や「あきらめ」ではありません。
	障害に直面したときに、それを「つらい悩み」にせず「チャレンジングなクイズ」にしてしまうのが、思いこみの無効化なのです。
	「人生の荷物は、最小限に。」
	それがミニマリスト（最小限主義者）の秘訣です。
	自分の頭の中は、自分の都合の良いように使ってみてはいかがでしょうか。
	愛情とともに。
Score:0.000775296559917
EACH_TAG_SCORE:
	image:0.000218758000625
	table:0.00024233566291
	graph:0.000113911766124
	flow:0.000200291130257
PARA:
Clueword:
	あう:[0.0007,0.0005,0.0002,0.0001]
	現物:[0.0000,0.0000,0.0000,0.0001]
	ミニ:[0.0000,0.0000,0.0000,0.0000]
	わかつ:[0.0000,0.0000,0.0001,0.0000]
	いえる:[0.0003,0.0001,0.0000,0.0000]
	やる:[0.0004,0.0003,0.0011,0.0001]
	できる:[0.0045,0.0045,0.0023,0.0015]
	目の前:[0.0000,0.0001,0.0001,0.0000]
	れる:[0.0089,0.0087,0.0070,0.0045]
	みる:[0.0012,0.0014,0.0005,0.0011]
	なら:[0.0020,0.0012,0.0003,0.0013]
	方法:[0.0038,0.0019,0.0127,0.0001]
	たち:[0.0003,0.0002,0.0000,0.0005]
	閉じる:[0.0000,0.0000,0.0001,0.0000]
	実体:[0.0004,0.0004,0.0000,0.0000]
	思う:[0.0011,0.0021,0.0027,0.0005]
	衝突:[0.0000,0.0001,0.0001,0.0000]
	見方:[0.0000,0.0013,0.0024,0.0001]
	ゆく:[0.0001,0.0000,0.0000,0.0001]
	無い:[0.0002,0.0001,0.0001,0.0000]
	相互:[0.0000,0.0000,0.0001,0.0001]
	正しい:[0.0002,0.0002,0.0001,0.0000]
	忘れる:[0.0002,0.0002,0.0000,0.0001]
	当然だ:[0.0001,0.0000,0.0000,0.0000]
	広い:[0.0002,0.0004,0.0001,0.0002]
	つらい:[0.0000,0.0001,0.0000,0.0000]
	相手:[0.0001,0.0006,0.0003,0.0008]
	受け入れる:[0.0001,0.0000,0.0000,0.0000]
	くる:[0.0012,0.0017,0.0007,0.0011]
	ともに:[0.0001,0.0001,0.0001,0.0002]
	人生:[0.0000,0.0000,0.0000,0.0000]
	ひと:[0.0003,0.0008,0.0013,0.0004]
	常に:[0.0002,0.0001,0.0000,0.0001]
	学ぶ:[0.0002,0.0001,0.0000,0.0000]
	良い:[0.0013,0.0011,0.0010,0.0006]
	ある:[0.0114,0.0105,0.0052,0.0037]
	おる:[0.0001,0.0006,0.0000,0.0003]
	変化:[0.0003,0.0005,0.0003,0.0000]
	なか:[0.0001,0.0002,0.0002,0.0000]
	ない:[0.0106,0.0085,0.0077,0.0062]
	集中:[0.0001,0.0001,0.0000,0.0001]
	もっと:[0.0001,0.0001,0.0000,0.0000]
	無効だ:[0.0000,0.0001,0.0000,0.0000]
	あなた:[0.0001,0.0007,0.0001,0.0000]
	かぎり:[0.0000,0.0000,0.0000,0.0000]
	存在:[0.0004,0.0006,0.0005,0.0005]
	仮に:[0.0000,0.0001,0.0000,0.0000]
	世の中:[0.0001,0.0000,0.0000,0.0000]
	フレーズ:[0.0000,0.0004,0.0000,0.0000]
	バカだ:[0.0000,0.0003,0.0005,0.0000]
	正体:[0.0000,0.0001,0.0005,0.0000]
	悩む:[0.0001,0.0009,0.0009,0.0000]
	自分:[0.0013,0.0009,0.0013,0.0008]
	いる:[0.0126,0.0131,0.0081,0.0100]
	こと:[0.0098,0.0094,0.0087,0.0051]
	最小だ:[0.0000,0.0000,0.0001,0.0000]
	愛情:[0.0000,0.0001,0.0000,0.0000]
	もつ:[0.0003,0.0006,0.0003,0.0000]
	有名だ:[0.0004,0.0001,0.0000,0.0000]
	おろす:[0.0000,0.0001,0.0007,0.0000]
	障害:[0.0004,0.0003,0.0000,0.0001]
	見る:[0.0008,0.0020,0.0005,0.0013]
	もの:[0.0027,0.0031,0.0016,0.0008]
	作用:[0.0003,0.0002,0.0001,0.0001]
	とき:[0.0006,0.0019,0.0029,0.0005]
	ようだ:[0.0040,0.0046,0.0063,0.0016]
	しまう:[0.0018,0.0023,0.0025,0.0012]
	ごと:[0.0002,0.0004,0.0001,0.0000]
	いう:[0.0059,0.0048,0.0034,0.0042]
	いい:[0.0008,0.0008,0.0002,0.0005]
	する:[0.0382,0.0384,0.0461,0.0182]
	場合:[0.0357,0.0045,0.0023,0.0045]
	逃げる:[0.0000,0.0000,0.0000,0.0000]
	こめる:[0.0000,0.0000,0.0000,0.0000]
	ます:[0.0231,0.0273,0.0228,0.0151]
	受けいれる:[0.0000,0.0001,0.0000,0.0000]
	のだ:[0.0071,0.0069,0.0054,0.0039]
	から:[0.0058,0.0059,0.0058,0.0033]
	すべて:[0.0004,0.0009,0.0002,0.0006]
	浮かぶ:[0.0000,0.0000,0.0000,0.0000]
	こむ:[0.0000,0.0012,0.0019,0.0000]
	都合:[0.0000,0.0000,0.0000,0.0000]
	わたし:[0.0000,0.0000,0.0000,0.0000]
	主張:[0.0002,0.0002,0.0000,0.0000]
	多様だ:[0.0001,0.0002,0.0000,0.0000]
	荷物:[0.0004,0.0000,0.0000,0.0000]
	部分:[0.0021,0.0038,0.0011,0.0001]
	直面:[0.0000,0.0000,0.0000,0.0001]
	五感:[0.0000,0.0000,0.0000,0.0000]
	現実:[0.0000,0.0000,0.0000,0.0003]
	発生:[0.0006,0.0007,0.0008,0.0007]
	固定:[0.0001,0.0001,0.0002,0.0005]
	使う:[0.0029,0.0025,0.0010,0.0006]
False-Positive

True-Negative:0
False-Positive:4
True-Positive:5
False-Negative:0
precision = 0.555556
recall = 1.000000
fvalue = 0.714286