Section:1
	Ｆｌａｇ：：００００
	業績低迷に苦しむゲーム業界の雄、任天堂が今後の収益を左右する局面に突入している。
	【写真】１台で３種類の遊び方ができるスイッチ
Score:0.00318530516393
EACH_TAG_SCORE:
	image:0.000864021497036
	table:0.000992821509398
	graph:0.000457414525984
	flow:0.000871047631515
PARA:
Clueword:
	左右する:[0.0000,0.0000,0.0000,0.0000]
	する:[0.0382,0.0384,0.0461,0.0182]
	業界:[0.0000,0.0001,0.0000,0.0007]
	今後:[0.0002,0.0001,0.0076,0.0016]
	できる:[0.0045,0.0045,0.0023,0.0015]
	種類:[0.0168,0.0024,0.0001,0.0004]
	ゲーム:[0.0000,0.0001,0.0000,0.0001]
	いる:[0.0126,0.0131,0.0081,0.0100]
	収益:[0.0000,0.0001,0.0001,0.0002]
	苦しむ:[0.0000,0.0003,0.0000,0.0000]
	低迷:[0.0000,0.0000,0.0000,0.0000]
	写真:[0.0009,0.0047,0.0003,0.0000]
	任天堂:[0.0000,0.0001,0.0000,0.0000]
	業績:[0.0000,0.0000,0.0000,0.0011]
	遊ぶ:[0.0001,0.0000,0.0000,0.0000]
False-Positive

Section:6
	Ｆｌａｇ：：００１０
	昨年１０～１２月期のスマートデバイス・ＩＰ関連収入は、マリオランの貢献で前年同期比４．３倍の７２億円に拡大した。
	ただ、全体の売上高に占める割合は４％程度。
	君島社長は「マリオランのダウンロードに占める課金率は１ケタ半ば。１０％台に伸ばしていきたい」と説明した。
Score:0.00150616185505
EACH_TAG_SCORE:
	image:0.000322549483346
	table:0.000316125404645
	graph:0.000487417570763
	flow:0.000380069396293
PARA:
Clueword:
	いく:[0.0011,0.0015,0.0023,0.0005]
	％:[0.0004,0.0000,0.0000,0.0261]
	スマートだ:[0.0001,0.0000,0.0000,0.0001]
	説明:[0.0005,0.0003,0.0001,0.0001]
	ラン:[0.0000,0.0000,0.0000,0.0002]
	収入:[0.0001,0.0000,0.0002,0.0003]
	昨年:[0.0000,0.0000,0.0000,0.0003]
	課金:[0.0000,0.0000,0.0000,0.0001]
	たい:[0.0013,0.0013,0.0014,0.0010]
	半ば:[0.0001,0.0000,0.0000,0.0001]
	ケタ:[0.0000,0.0000,0.0000,0.0001]
	同期:[0.0000,0.0000,0.0000,0.0002]
	ただ:[0.0004,0.0000,0.0002,0.0003]
	する:[0.0382,0.0384,0.0461,0.0182]
	程度:[0.0014,0.0010,0.0008,0.0019]
	拡大:[0.0002,0.0012,0.0001,0.0055]
	関連:[0.0000,0.0000,0.0000,0.0003]
	貢献:[0.0000,0.0000,0.0000,0.0001]
	売上高:[0.0000,0.0000,0.0000,0.0027]
	前年:[0.0000,0.0000,0.0000,0.0002]
	伸ばす:[0.0001,0.0002,0.0004,0.0001]
	社長:[0.0002,0.0000,0.0000,0.0003]
	割合:[0.0000,0.0001,0.0003,0.0070]
	全体:[0.0003,0.0009,0.0013,0.0004]
	ダウンロード:[0.0000,0.0000,0.0001,0.0002]
	マリオ:[0.0000,0.0000,0.0000,0.0002]
	デバイス:[0.0000,0.0000,0.0000,0.0001]
	占める:[0.0000,0.0000,0.0000,0.0015]
True-Positive

Section:5
	Ｆｌａｇ：：００００
	スマホ向けタイトルでどう稼ぐ？
	君島達己社長は２月１日に開いた経営方針説明会で、マリオランに言及。
	それまで任天堂のゲームを販売していなかった地域でもプレーされていることに触れ、「全世界の幅広い皆様にお届けすることができた」とＩＰの広がりを強調した。
	収益面はどうか。
	スマホゲームの主流は、基本プレーを無料にしてアイテム課金で収益を稼ぐモデルだ。
	一方、マリオランは一部無料で１２００円を支払えば全編遊べる「買い切り方式」を採用し、注目されていた。
Score:0.00145485458291
EACH_TAG_SCORE:
	image:0.000395298760704
	table:0.000435314715234
	graph:0.000252006725528
	flow:0.00037223438144
PARA:
Clueword:
	スマホ:[0.0000,0.0001,0.0000,0.0000]
	説明:[0.0005,0.0003,0.0001,0.0001]
	モデル:[0.0000,0.0001,0.0000,0.0001]
	できる:[0.0045,0.0045,0.0023,0.0015]
	買う:[0.0002,0.0001,0.0007,0.0004]
	収益:[0.0000,0.0001,0.0001,0.0002]
	タイトル:[0.0001,0.0001,0.0000,0.0000]
	れる:[0.0089,0.0087,0.0070,0.0045]
	触れる:[0.0000,0.0001,0.0001,0.0000]
	方針:[0.0000,0.0001,0.0000,0.0001]
	基本:[0.0010,0.0004,0.0001,0.0003]
	する:[0.0382,0.0384,0.0461,0.0182]
	課金:[0.0000,0.0000,0.0000,0.0001]
	広がる:[0.0001,0.0001,0.0000,0.0004]
	世界:[0.0007,0.0005,0.0008,0.0008]
	販売:[0.0001,0.0001,0.0000,0.0001]
	地域:[0.0008,0.0004,0.0000,0.0007]
	社長:[0.0002,0.0000,0.0000,0.0003]
	経営:[0.0002,0.0000,0.0000,0.0000]
	こと:[0.0098,0.0094,0.0087,0.0051]
	注目:[0.0002,0.0000,0.0000,0.0002]
	強調:[0.0001,0.0002,0.0000,0.0000]
	ゲーム:[0.0000,0.0001,0.0000,0.0001]
	届ける:[0.0001,0.0000,0.0000,0.0000]
	稼ぐ:[0.0001,0.0000,0.0000,0.0000]
	幅広い:[0.0001,0.0004,0.0000,0.0000]
	いる:[0.0126,0.0131,0.0081,0.0100]
	マリオ:[0.0000,0.0000,0.0000,0.0002]
	一部:[0.0008,0.0002,0.0000,0.0011]
	採用:[0.0001,0.0002,0.0000,0.0002]
	ラン:[0.0000,0.0000,0.0000,0.0002]
	まで:[0.0020,0.0015,0.0016,0.0015]
	向け:[0.0003,0.0000,0.0000,0.0001]
	開く:[0.0001,0.0007,0.0025,0.0000]
	言及:[0.0000,0.0000,0.0000,0.0001]
	主流:[0.0001,0.0008,0.0000,0.0008]
	任天堂:[0.0000,0.0001,0.0000,0.0000]
	無料:[0.0012,0.0001,0.0000,0.0004]
	一方:[0.0034,0.0002,0.0001,0.0026]
	方式:[0.0012,0.0000,0.0000,0.0000]
	支払う:[0.0001,0.0001,0.0003,0.0001]
	切る:[0.0002,0.0003,0.0001,0.0002]
	アイテム:[0.0001,0.0002,0.0000,0.0000]
	でも:[0.0029,0.0018,0.0004,0.0017]
	ない:[0.0106,0.0085,0.0077,0.0062]
False-Positive

Section:2
	Ｆｌａｇ：：００１０
	１月３１日に発表された２０１６年４～１２月期決算は、売上高が前年同期比２６％減の３１１１億円、営業利益は同３８％減の２６３億円と減収減益だった。
	昨年に発売した『ポケットモンスターサン・ムーン』が牽引して携帯ゲーム機関連は伸びたが、据え置き型ゲーム機「ＷｉｉＵ」の販売減少が響いた。
	また、好採算のゲームソフトのダウンロード販売比率の低下や期末にかけ広告費を積み増すことを加味し、通期の営業益予想を３００億円から２００億円へ下方修正した。
Score:0.00132671285783
EACH_TAG_SCORE:
	image:0.000299222212474
	table:0.000288599372744
	graph:0.000403514273537
	flow:0.000335376999075
PARA:
Clueword:
	昨年:[0.0000,0.0000,0.0000,0.0003]
	携帯:[0.0001,0.0001,0.0002,0.0000]
	％:[0.0004,0.0000,0.0000,0.0261]
	低下:[0.0002,0.0005,0.0037,0.0073]
	積む:[0.0000,0.0000,0.0000,0.0004]
	れる:[0.0089,0.0087,0.0070,0.0045]
	減収:[0.0000,0.0000,0.0000,0.0001]
	採算:[0.0000,0.0000,0.0000,0.0001]
	同期:[0.0000,0.0000,0.0000,0.0002]
	する:[0.0382,0.0384,0.0461,0.0182]
	販売:[0.0001,0.0001,0.0000,0.0001]
	こと:[0.0098,0.0094,0.0087,0.0051]
	減益:[0.0000,0.0000,0.0000,0.0001]
	ゲーム:[0.0000,0.0001,0.0000,0.0001]
	増す:[0.0001,0.0001,0.0000,0.0001]
	予想:[0.0000,0.0004,0.0013,0.0011]
	決算:[0.0000,0.0000,0.0000,0.0001]
	広告:[0.0001,0.0004,0.0000,0.0001]
	減少:[0.0000,0.0000,0.0000,0.0090]
	発表:[0.0001,0.0001,0.0000,0.0002]
	加味:[0.0000,0.0000,0.0000,0.0001]
	ソフト:[0.0002,0.0001,0.0000,0.0001]
	また:[0.0013,0.0021,0.0018,0.0011]
	修正:[0.0000,0.0003,0.0009,0.0001]
	から:[0.0058,0.0059,0.0058,0.0033]
	通だ:[0.0000,0.0000,0.0000,0.0001]
	期末:[0.0000,0.0000,0.0000,0.0001]
	営業:[0.0001,0.0000,0.0000,0.0002]
	前年:[0.0000,0.0000,0.0000,0.0002]
	かける:[0.0005,0.0008,0.0007,0.0003]
	伸びる:[0.0002,0.0001,0.0000,0.0001]
	下方:[0.0000,0.0004,0.0000,0.0012]
	売上高:[0.0000,0.0000,0.0000,0.0027]
	ダウンロード:[0.0000,0.0000,0.0001,0.0002]
	利益:[0.0001,0.0002,0.0001,0.0045]
	比率:[0.0000,0.0000,0.0001,0.0045]
	機関:[0.0001,0.0001,0.0001,0.0001]
True-Positive

Section:3
	Ｆｌａｇ：：００００
	■スマホは人気タイトルを次々に投入
	ただし、重要なのは足元の業績ではなく今後の動向だ。
	２月から３月末にかけて、任天堂の将来を左右する製品が続々と投入される。
	大きな柱の一つがスマホ向けゲームだ。
	２月２日にシミュレーションＲＰＧ『ファイアーエムブレムヒーローズ』を配信。
	昨年１２月に米アップル製品向けに配信し、７８００万ダウンロードを突破した『スーパーマリオラン』（マリオラン）も３月にアンドロイド端末向けに配信する。
	３月までの発売を予定していた『どうぶつの森』は、前述の２タイトルを配信したことと、その運営対応を優先するため延期となり、２０１７年度中にリリースされる見込みだ。
Score:0.0012798375129
EACH_TAG_SCORE:
	image:0.000343006482508
	table:0.000352397476314
	graph:0.000233337181385
	flow:0.000351096372691
PARA:
Clueword:
	予定:[0.0001,0.0001,0.0001,0.0001]
	スマホ:[0.0000,0.0001,0.0000,0.0000]
	昨年:[0.0000,0.0000,0.0000,0.0003]
	重要だ:[0.0007,0.0004,0.0000,0.0004]
	投入:[0.0000,0.0000,0.0005,0.0000]
	タイトル:[0.0001,0.0001,0.0000,0.0000]
	動向:[0.0001,0.0001,0.0000,0.0046]
	れる:[0.0089,0.0087,0.0070,0.0045]
	業績:[0.0000,0.0000,0.0000,0.0011]
	リリース:[0.0000,0.0000,0.0003,0.0000]
	する:[0.0382,0.0384,0.0461,0.0182]
	いる:[0.0126,0.0131,0.0081,0.0100]
	任天堂:[0.0000,0.0001,0.0000,0.0000]
	なる:[0.0108,0.0091,0.0074,0.0069]
	かける:[0.0005,0.0008,0.0007,0.0003]
	今後:[0.0002,0.0001,0.0076,0.0016]
	こと:[0.0098,0.0094,0.0087,0.0051]
	ゲーム:[0.0000,0.0001,0.0000,0.0001]
	製品:[0.0000,0.0004,0.0003,0.0000]
	マリオ:[0.0000,0.0000,0.0000,0.0002]
	左右する:[0.0000,0.0000,0.0000,0.0000]
	スーパー:[0.0000,0.0000,0.0000,0.0000]
	ラン:[0.0000,0.0000,0.0000,0.0002]
	足元:[0.0000,0.0001,0.0000,0.0002]
	まで:[0.0020,0.0015,0.0016,0.0015]
	向け:[0.0003,0.0000,0.0000,0.0001]
	ただし:[0.0006,0.0003,0.0000,0.0000]
	対応:[0.0002,0.0000,0.0000,0.0000]
	から:[0.0058,0.0059,0.0058,0.0033]
	優先:[0.0000,0.0000,0.0000,0.0002]
	続々:[0.0000,0.0000,0.0001,0.0001]
	人気:[0.0005,0.0004,0.0001,0.0001]
	年度:[0.0001,0.0000,0.0000,0.0012]
	見込む:[0.0000,0.0002,0.0000,0.0001]
	大きな:[0.0005,0.0016,0.0003,0.0005]
	端末:[0.0000,0.0000,0.0000,0.0000]
	ため:[0.0030,0.0033,0.0027,0.0025]
	ダウンロード:[0.0000,0.0000,0.0001,0.0002]
	将来:[0.0001,0.0001,0.0001,0.0001]
	ない:[0.0106,0.0085,0.0077,0.0062]
False-Positive

Section:4
	Ｆｌａｇ：：１０００
	任天堂はスマホ事業について、「ＩＰ（タイトルやキャラクターなどの知的財産）に触れる人口の最大化」「事業単体の収益化」「ゲーム専用機事業との相乗効果」という、三つの方針を掲げている。
Score:0.000888616700733
EACH_TAG_SCORE:
	image:0.000275623474176
	table:0.000270256860064
	graph:0.000196291438788
	flow:0.000146444927706
PARA:
Clueword:
	財産:[0.0000,0.0001,0.0000,0.0000]
	スマホ:[0.0000,0.0001,0.0000,0.0000]
	事業:[0.0001,0.0003,0.0000,0.0000]
	収益:[0.0000,0.0001,0.0001,0.0002]
	タイトル:[0.0001,0.0001,0.0000,0.0000]
	専用:[0.0000,0.0001,0.0000,0.0000]
	触れる:[0.0000,0.0001,0.0001,0.0000]
	方針:[0.0000,0.0001,0.0000,0.0001]
	相乗:[0.0000,0.0001,0.0000,0.0000]
	掲げる:[0.0000,0.0001,0.0000,0.0001]
	いる:[0.0126,0.0131,0.0081,0.0100]
	任天堂:[0.0000,0.0001,0.0000,0.0000]
	人口:[0.0001,0.0001,0.0000,0.0017]
	いう:[0.0059,0.0048,0.0034,0.0042]
	など:[0.0054,0.0053,0.0021,0.0019]
	最大だ:[0.0002,0.0001,0.0000,0.0005]
	単体:[0.0000,0.0001,0.0000,0.0000]
	ゲーム:[0.0000,0.0001,0.0000,0.0001]
	つく:[0.0013,0.0016,0.0009,0.0004]
	知的だ:[0.0000,0.0001,0.0000,0.0000]
	キャラクター:[0.0000,0.0001,0.0000,0.0000]
	効果:[0.0015,0.0010,0.0000,0.0005]
True-Positive

Section:7
	Ｆｌａｇ：：００００
	今後配信するタイトルはアイテム課金のモデルを採用しており、ファイアーエムブレムは一般的に「ガチャシステム」と呼ばれる、ランダム型アイテム供給方式を導入した。
	発表済みのタイトル以外にも年間２～３本ペースでの配信を予定しており、どれだけ収益を拡大できるか注目だ。
	■ついに社運を懸けたスイッチが登場！
	そして３月３日には、新型ゲーム機「ＮｉｎｔｅｎｄｏＳｗｉｔｃｈ」（スイッチ）を発売する。
	スイッチは液晶画面のついた本体と左右に分割されたコントローラーで構成される。
	コントローラーには各種センサーが内蔵され、さまざまな操作に対応。
	微細な振動で手で触った感触を再現する機能も採用した。
	テレビに接続したり、携帯機としてプレーしたりすることも可能だ。
	希望小売価格は２万９９８０円。
	ゲーム機単体でも利益を出せる。
	任天堂の戦略の根幹は、ゲーム機とともにソフトも自社で積極的に展開し、収益を拡大することだ。
	そのため、ゲーム機のヒット次第でその後の業績が大きく左右される。
Score:0.000788249553637
EACH_TAG_SCORE:
	image:0.000206675892273
	table:0.000204137844553
	graph:0.000145055038407
	flow:0.000232380778403
PARA:
Clueword:
	呼ぶ:[0.0011,0.0008,0.0003,0.0000]
	予定:[0.0001,0.0001,0.0001,0.0001]
	モデル:[0.0000,0.0001,0.0000,0.0001]
	れる:[0.0089,0.0087,0.0070,0.0045]
	ヒット:[0.0001,0.0000,0.0000,0.0000]
	出せる:[0.0001,0.0001,0.0001,0.0000]
	振動:[0.0000,0.0001,0.0000,0.0000]
	できる:[0.0045,0.0045,0.0023,0.0015]
	収益:[0.0000,0.0001,0.0001,0.0002]
	利益:[0.0001,0.0002,0.0001,0.0045]
	タイトル:[0.0001,0.0001,0.0000,0.0000]
	さまざまだ:[0.0002,0.0001,0.0001,0.0000]
	一般:[0.0009,0.0006,0.0006,0.0000]
	構成:[0.0009,0.0019,0.0003,0.0065]
	ため:[0.0030,0.0033,0.0027,0.0025]
	展開:[0.0000,0.0000,0.0000,0.0000]
	ことだ:[0.0000,0.0000,0.0000,0.0000]
	業績:[0.0000,0.0000,0.0000,0.0011]
	希望:[0.0000,0.0002,0.0003,0.0000]
	つく:[0.0013,0.0016,0.0009,0.0004]
	する:[0.0382,0.0384,0.0461,0.0182]
	課金:[0.0000,0.0000,0.0000,0.0001]
	拡大:[0.0002,0.0012,0.0001,0.0055]
	任天堂:[0.0000,0.0001,0.0000,0.0000]
	接続:[0.0000,0.0000,0.0002,0.0000]
	注目:[0.0002,0.0000,0.0000,0.0002]
	携帯:[0.0001,0.0001,0.0002,0.0000]
	単体:[0.0000,0.0001,0.0000,0.0000]
	その後:[0.0002,0.0002,0.0134,0.0001]
	ゲーム:[0.0000,0.0001,0.0000,0.0001]
	方式:[0.0012,0.0000,0.0000,0.0000]
	操作:[0.0002,0.0003,0.0005,0.0000]
	以外:[0.0017,0.0016,0.0001,0.0001]
	ソフト:[0.0002,0.0001,0.0000,0.0001]
	ペース:[0.0001,0.0001,0.0000,0.0002]
	戦略:[0.0000,0.0000,0.0000,0.0000]
	左右する:[0.0000,0.0000,0.0000,0.0000]
	発表:[0.0001,0.0001,0.0000,0.0002]
	登場:[0.0000,0.0000,0.0005,0.0000]
	採用:[0.0001,0.0002,0.0000,0.0002]
	画面:[0.0004,0.0029,0.0003,0.0000]
	システム:[0.0006,0.0004,0.0001,0.0000]
	次第:[0.0001,0.0000,0.0000,0.0000]
	新型:[0.0001,0.0000,0.0000,0.0001]
	済む:[0.0001,0.0000,0.0001,0.0000]
	機能:[0.0007,0.0004,0.0000,0.0000]
	再現:[0.0001,0.0000,0.0000,0.0000]
	対応:[0.0002,0.0000,0.0000,0.0000]
	大きい:[0.0011,0.0018,0.0014,0.0029]
	価格:[0.0005,0.0003,0.0005,0.0006]
	だけ:[0.0014,0.0013,0.0014,0.0007]
	供給:[0.0000,0.0000,0.0000,0.0003]
	左右:[0.0003,0.0014,0.0001,0.0000]
	ともに:[0.0001,0.0001,0.0001,0.0002]
	テレビ:[0.0002,0.0003,0.0000,0.0000]
	導入:[0.0000,0.0000,0.0000,0.0001]
	年間:[0.0007,0.0004,0.0000,0.0016]
	積極:[0.0001,0.0001,0.0000,0.0000]
	本体:[0.0001,0.0001,0.0001,0.0000]
	おる:[0.0001,0.0006,0.0000,0.0003]
	可能だ:[0.0009,0.0006,0.0008,0.0009]
	今後:[0.0002,0.0001,0.0076,0.0016]
	アイテム:[0.0001,0.0002,0.0000,0.0000]
	そして:[0.0004,0.0004,0.0025,0.0001]
	的だ:[0.0050,0.0029,0.0019,0.0013]
	こと:[0.0098,0.0094,0.0087,0.0051]
	でも:[0.0029,0.0018,0.0004,0.0017]
False-Positive

True-Negative:0
False-Positive:4
True-Positive:3
False-Negative:0
precision = 0.428571
recall = 1.000000
fvalue = 0.600000