Section:5
	Ｆｌａｇ：：００００
	今回は初心者がベランダなどでミントの土を使った鉢植え栽培について紹介してきました。
	ミントを室内で水耕栽培したい場合はこちらの記事をご覧ください。
Score:0.00381523979677
EACH_TAG_SCORE:
	image:0.00101639508273
	table:0.00131680170781
	graph:0.000529296127423
	flow:0.0009527468788
PARA:
Clueword:
	ミント:[0.0000,0.0003,0.0000,0.0000]
	今回:[0.0001,0.0001,0.0002,0.0004]
	場合:[0.0357,0.0045,0.0023,0.0045]
	つく:[0.0013,0.0016,0.0009,0.0004]
	鉢植え:[0.0000,0.0000,0.0000,0.0000]
	栽培:[0.0000,0.0001,0.0000,0.0000]
	する:[0.0382,0.0384,0.0461,0.0182]
	など:[0.0054,0.0053,0.0021,0.0019]
	初心:[0.0003,0.0002,0.0002,0.0001]
	くださる:[0.0005,0.0014,0.0021,0.0009]
	記事:[0.0002,0.0002,0.0000,0.0002]
	ます:[0.0231,0.0273,0.0228,0.0151]
	紹介:[0.0003,0.0004,0.0000,0.0000]
	たい:[0.0013,0.0013,0.0014,0.0010]
	くる:[0.0012,0.0017,0.0007,0.0011]
	使う:[0.0029,0.0025,0.0010,0.0006]
	ご覧:[0.0000,0.0001,0.0001,0.0000]
False-Positive

Section:3
	Ｆｌａｇ：：００００
	その分初心者には育てやすいのですが、他の植物を枯らしてしまうため注意が必要です。
	しかし私達が爽快な清涼感を感じる香り元、ペパーミントの主成分のメントールは冷却作用や鎮痛作用があることから冒頭でもお話ししたように様々な用途があるため私達の生活に役立つハーブの一つです。
	ミントの生育適温と好適環境
	ミントの生育適温は１５～２５°Ｃです。
	冬は地上部は枯れてしまいますが根は生きていますので翌春また出てきます。
	冬に収穫したい場合は１０°Ｃ以上を維持した室内で管理すれば収穫することができます。
	好適環境は日当たりがよく風通しの良い場所で育てましょう。
	極端な乾燥に弱いので乾燥させすぎには注意です。
	タネと苗から栽培
	ミントはタネからも育てられますが初心者なら苗から栽培を始めた方がより簡単なので今回は苗からの栽培方法で進めていきます。
	苗選びと植え付け時期
Score:0.00160102596881
EACH_TAG_SCORE:
	image:0.000428164241785
	table:0.000505390189573
	graph:0.000272005845087
	flow:0.00039546569237
PARA:
Clueword:
	香る:[0.0001,0.0003,0.0000,0.0000]
	感じる:[0.0009,0.0010,0.0004,0.0003]
	栽培:[0.0000,0.0001,0.0000,0.0000]
	今回:[0.0001,0.0001,0.0002,0.0004]
	より:[0.0022,0.0013,0.0003,0.0013]
	用途:[0.0007,0.0001,0.0000,0.0000]
	枯らす:[0.0000,0.0000,0.0000,0.0000]
	様々だ:[0.0003,0.0001,0.0000,0.0000]
	選ぶ:[0.0012,0.0007,0.0000,0.0000]
	乾燥:[0.0000,0.0002,0.0002,0.0004]
	できる:[0.0045,0.0045,0.0023,0.0015]
	生育:[0.0000,0.0000,0.0000,0.0000]
	しまう:[0.0018,0.0023,0.0025,0.0012]
	場所:[0.0005,0.0004,0.0000,0.0000]
	成分:[0.0005,0.0011,0.0000,0.0040]
	方法:[0.0038,0.0019,0.0127,0.0001]
	作用:[0.0003,0.0002,0.0001,0.0001]
	なら:[0.0020,0.0012,0.0003,0.0013]
	する:[0.0382,0.0384,0.0461,0.0182]
	いる:[0.0126,0.0131,0.0081,0.0100]
	すぎる:[0.0006,0.0007,0.0004,0.0001]
	話す:[0.0001,0.0002,0.0006,0.0007]
	必要だ:[0.0024,0.0014,0.0019,0.0006]
	付ける:[0.0002,0.0004,0.0008,0.0001]
	進める:[0.0001,0.0000,0.0000,0.0001]
	こと:[0.0098,0.0094,0.0087,0.0051]
	たい:[0.0013,0.0013,0.0014,0.0010]
	いく:[0.0011,0.0015,0.0023,0.0005]
	時期:[0.0001,0.0003,0.0000,0.0088]
	以上:[0.0010,0.0009,0.0006,0.0017]
	他の:[0.0003,0.0003,0.0002,0.0003]
	ようだ:[0.0040,0.0046,0.0063,0.0016]
	弱い:[0.0007,0.0001,0.0000,0.0000]
	ます:[0.0231,0.0273,0.0228,0.0151]
	収穫:[0.0000,0.0000,0.0001,0.0000]
	植物:[0.0003,0.0002,0.0000,0.0002]
	環境:[0.0005,0.0002,0.0000,0.0000]
	その分:[0.0001,0.0001,0.0000,0.0000]
	場合:[0.0357,0.0045,0.0023,0.0045]
	冒頭:[0.0000,0.0000,0.0000,0.0001]
	植える:[0.0000,0.0004,0.0001,0.0000]
	生活:[0.0003,0.0004,0.0000,0.0001]
	また:[0.0013,0.0021,0.0018,0.0011]
	のだ:[0.0071,0.0069,0.0054,0.0039]
	から:[0.0058,0.0059,0.0058,0.0033]
	極端だ:[0.0000,0.0001,0.0000,0.0003]
	注意:[0.0003,0.0008,0.0007,0.0005]
	ミント:[0.0000,0.0003,0.0000,0.0000]
	維持:[0.0001,0.0001,0.0001,0.0024]
	役立つ:[0.0000,0.0001,0.0000,0.0001]
	よい:[0.0014,0.0014,0.0004,0.0004]
	良い:[0.0013,0.0011,0.0010,0.0006]
	られる:[0.0027,0.0025,0.0013,0.0015]
	ある:[0.0114,0.0105,0.0052,0.0037]
	生きる:[0.0000,0.0001,0.0000,0.0000]
	初心:[0.0003,0.0002,0.0002,0.0001]
	せる:[0.0005,0.0017,0.0030,0.0006]
	くる:[0.0012,0.0017,0.0007,0.0011]
	ため:[0.0030,0.0033,0.0027,0.0025]
	ハーブ:[0.0000,0.0001,0.0000,0.0000]
	出る:[0.0010,0.0008,0.0004,0.0006]
	始める:[0.0004,0.0003,0.0001,0.0004]
	管理:[0.0002,0.0000,0.0001,0.0000]
	簡単だ:[0.0004,0.0003,0.0006,0.0001]
	鎮痛:[0.0001,0.0001,0.0000,0.0000]
	でも:[0.0029,0.0018,0.0004,0.0017]
	やすい:[0.0029,0.0024,0.0011,0.0006]
	しかし:[0.0004,0.0004,0.0007,0.0004]
False-Positive

Section:1
	Ｆｌａｇ：：００００
	ミントは誰もが知っている植物でカクテルや飴やガムなどのお菓子ハーブティやアロマなどの精油歯磨き粉の成分まで幅広く人々の役に立っているハーブです。
	そんなミントですが、初心者がハーブ栽培をはじめるにあたり一番簡単なハーブといってもいいでしょう。
	今回はゼロからハーブ栽培をはじめる人のためにミントに焦点を当て、ベランダでも栽培できる土を使った方法について解説したいと思います。
	もくじ（タッチすると移動します）
	１ミントの生態
	２ミントの生育適温と好適環境
	３タネと苗から栽培
	４苗選びと植え付け時期
	５鉢選びと植え付けのコツ
	６水やりと肥料
	ミントの生態
Score:0.00154809555464
EACH_TAG_SCORE:
	image:0.000433865860461
	table:0.000424638801916
	graph:0.000277833666827
	flow:0.000411757225435
PARA:
Clueword:
	だろう:[0.0010,0.0005,0.0000,0.0003]
	栽培:[0.0000,0.0001,0.0000,0.0000]
	今回:[0.0001,0.0001,0.0002,0.0004]
	ハーブ:[0.0000,0.0001,0.0000,0.0000]
	選ぶ:[0.0012,0.0007,0.0000,0.0000]
	できる:[0.0045,0.0045,0.0023,0.0015]
	生育:[0.0000,0.0000,0.0000,0.0000]
	成分:[0.0005,0.0011,0.0000,0.0040]
	肥料:[0.0000,0.0002,0.0000,0.0001]
	方法:[0.0038,0.0019,0.0127,0.0001]
	する:[0.0382,0.0384,0.0461,0.0182]
	付ける:[0.0002,0.0004,0.0008,0.0001]
	いる:[0.0126,0.0131,0.0081,0.0100]
	解説:[0.0001,0.0005,0.0001,0.0000]
	焦点:[0.0001,0.0001,0.0001,0.0000]
	簡単だ:[0.0004,0.0003,0.0006,0.0001]
	思う:[0.0011,0.0021,0.0027,0.0005]
	当てる:[0.0000,0.0001,0.0001,0.0000]
	時期:[0.0001,0.0003,0.0000,0.0088]
	つく:[0.0013,0.0016,0.0009,0.0004]
	幅広い:[0.0001,0.0004,0.0000,0.0000]
	コツ:[0.0000,0.0001,0.0000,0.0000]
	一番:[0.0011,0.0002,0.0000,0.0013]
	あたる:[0.0003,0.0002,0.0000,0.0000]
	タッチ:[0.0000,0.0001,0.0000,0.0000]
	水やり:[0.0000,0.0000,0.0000,0.0000]
	いう:[0.0059,0.0048,0.0034,0.0042]
	いい:[0.0008,0.0008,0.0002,0.0005]
	植物:[0.0003,0.0002,0.0000,0.0002]
	環境:[0.0005,0.0002,0.0000,0.0000]
	植える:[0.0000,0.0004,0.0001,0.0000]
	まで:[0.0020,0.0015,0.0016,0.0015]
	ます:[0.0231,0.0273,0.0228,0.0151]
	たい:[0.0013,0.0013,0.0014,0.0010]
	人々:[0.0002,0.0001,0.0000,0.0001]
	から:[0.0058,0.0059,0.0058,0.0033]
	はじめる:[0.0002,0.0003,0.0000,0.0000]
	アロマ:[0.0000,0.0002,0.0000,0.0000]
	ミント:[0.0000,0.0003,0.0000,0.0000]
	立つ:[0.0004,0.0004,0.0009,0.0004]
	生態:[0.0000,0.0000,0.0000,0.0000]
	など:[0.0054,0.0053,0.0021,0.0019]
	初心:[0.0003,0.0002,0.0002,0.0001]
	使う:[0.0029,0.0025,0.0010,0.0006]
	ゼロ:[0.0000,0.0001,0.0000,0.0003]
	ため:[0.0030,0.0033,0.0027,0.0025]
	知る:[0.0007,0.0006,0.0002,0.0007]
	菓子:[0.0000,0.0003,0.0009,0.0000]
	でも:[0.0029,0.0018,0.0004,0.0017]
False-Positive

Section:4
	Ｆｌａｇ：：１０００
	ミントの苗選びのコツは、ひょろっと長いものよりも株元から何本も芽が出ている株を選びましょう。
	また地面の近くの下葉の裏をみて斑点状に変色していないものや虫が付いていないかも確認して下さい。
	植え付け時期はハーブ苗が出回る時期に合わせ、だいたい真冬と真夏は避ければいつでも大丈夫です。
	鉢選びと植え付けのコツ
	ミントは地植えと鉢植えの両方できますが生育旺盛で根も張るため植える鉢も大きめの鉢を選ぶ必要があります。
	目安として、市販されている黒いビニールポット３号ポット（直径９ｃｍ）に植えられている苗の場合５～６号鉢（直径１８ｃｍ）くらいを選びましょう。
	植え付ける土は保湿性のあるハーブ専用培養土か肥料が配合されている野菜栽培用などの培養土を選んでください。
	ミントを植えるときに注意したいのは混植してはいけません。
	ミントは繁殖力が強いため一緒に植えてもミントだらけになってしまい他の植物を枯らしてしまいます。
	また、ミント同士でも種間交雑をしてしまうため１鉢１品種で栽培しましょう。
	水やりと肥料
	ミントは乾燥に弱いので鉢の表面が乾いたら鉢底から水が流れ出るまで水をあげて下さい。
	また肥料に関しては基本的に植え付け時に肥料入りの培養土で植え付けたのなら追肥はあまり必要ありません。
	葉色が黄色くなってきたり葉数を増やしたい場合は固形もしくは液体の肥料を肥料の容器に書かれている用法容量に従って与えて下さい。
Score:0.00112888511766
EACH_TAG_SCORE:
	image:0.000316292539987
	table:0.000362105364702
	graph:0.000196959468845
	flow:0.000253527744123
PARA:
Clueword:
	配合:[0.0000,0.0001,0.0000,0.0000]
	追肥:[0.0000,0.0000,0.0000,0.0000]
	ビニール:[0.0000,0.0000,0.0000,0.0000]
	弱い:[0.0007,0.0001,0.0000,0.0000]
	枯らす:[0.0000,0.0000,0.0000,0.0000]
	乾燥:[0.0000,0.0002,0.0002,0.0004]
	もしくは:[0.0000,0.0004,0.0000,0.0000]
	できる:[0.0045,0.0045,0.0023,0.0015]
	あまり:[0.0006,0.0002,0.0001,0.0000]
	保湿:[0.0000,0.0000,0.0000,0.0000]
	生育:[0.0000,0.0000,0.0000,0.0000]
	品種:[0.0000,0.0000,0.0000,0.0000]
	みる:[0.0012,0.0014,0.0005,0.0011]
	なる:[0.0108,0.0091,0.0074,0.0069]
	ひる:[0.0001,0.0001,0.0000,0.0000]
	旺盛だ:[0.0000,0.0000,0.0000,0.0000]
	交雑:[0.0000,0.0000,0.0000,0.0000]
	基本:[0.0010,0.0004,0.0001,0.0003]
	付ける:[0.0002,0.0004,0.0008,0.0001]
	必要だ:[0.0024,0.0014,0.0019,0.0006]
	表面:[0.0001,0.0005,0.0000,0.0000]
	直径:[0.0002,0.0006,0.0000,0.0000]
	大丈夫だ:[0.0000,0.0001,0.0000,0.0000]
	容器:[0.0000,0.0000,0.0000,0.0000]
	ミント:[0.0000,0.0003,0.0000,0.0000]
	流れ出る:[0.0000,0.0000,0.0000,0.0000]
	繁殖:[0.0000,0.0000,0.0002,0.0000]
	いける:[0.0002,0.0001,0.0000,0.0004]
	たい:[0.0013,0.0013,0.0014,0.0010]
	くる:[0.0012,0.0017,0.0007,0.0011]
	書く:[0.0018,0.0008,0.0006,0.0001]
	くらい:[0.0006,0.0003,0.0011,0.0001]
	専用:[0.0000,0.0001,0.0000,0.0000]
	大きい:[0.0011,0.0018,0.0014,0.0029]
	目安:[0.0001,0.0000,0.0000,0.0001]
	付く:[0.0006,0.0005,0.0000,0.0000]
	確認:[0.0005,0.0008,0.0011,0.0000]
	斑点:[0.0000,0.0000,0.0000,0.0000]
	とき:[0.0006,0.0019,0.0029,0.0005]
	られる:[0.0027,0.0025,0.0013,0.0015]
	など:[0.0054,0.0053,0.0021,0.0019]
	ある:[0.0114,0.0105,0.0052,0.0037]
	ため:[0.0030,0.0033,0.0027,0.0025]
	的だ:[0.0050,0.0029,0.0019,0.0013]
	黄色い:[0.0000,0.0000,0.0000,0.0000]
	地面:[0.0000,0.0001,0.0000,0.0000]
	関する:[0.0002,0.0000,0.0001,0.0002]
	ない:[0.0106,0.0085,0.0077,0.0062]
	くださる:[0.0005,0.0014,0.0021,0.0009]
	っと:[0.0001,0.0001,0.0001,0.0000]
	固形:[0.0000,0.0001,0.0001,0.0000]
	より:[0.0022,0.0013,0.0003,0.0013]
	下さる:[0.0003,0.0004,0.0000,0.0001]
	いつでも:[0.0000,0.0001,0.0000,0.0000]
	選ぶ:[0.0012,0.0007,0.0000,0.0000]
	めだ:[0.0007,0.0009,0.0006,0.0003]
	容量:[0.0000,0.0000,0.0000,0.0000]
	市販:[0.0001,0.0001,0.0000,0.0000]
	肥料:[0.0000,0.0002,0.0000,0.0001]
	野菜:[0.0002,0.0004,0.0000,0.0004]
	なら:[0.0020,0.0012,0.0003,0.0013]
	する:[0.0382,0.0384,0.0461,0.0182]
	植える:[0.0000,0.0004,0.0001,0.0000]
	植物:[0.0003,0.0002,0.0000,0.0002]
	避ける:[0.0001,0.0001,0.0002,0.0003]
	だいたい:[0.0000,0.0001,0.0000,0.0000]
	時期:[0.0001,0.0003,0.0000,0.0088]
	入り:[0.0001,0.0001,0.0000,0.0003]
	だらけ:[0.0000,0.0000,0.0000,0.0000]
	もの:[0.0027,0.0031,0.0016,0.0008]
	出る:[0.0010,0.0008,0.0004,0.0006]
	他の:[0.0003,0.0003,0.0002,0.0003]
	いる:[0.0126,0.0131,0.0081,0.0100]
	ポット:[0.0000,0.0001,0.0000,0.0000]
	近く:[0.0002,0.0005,0.0001,0.0000]
	合わせる:[0.0004,0.0009,0.0001,0.0001]
	鉢植え:[0.0000,0.0000,0.0000,0.0000]
	栽培:[0.0000,0.0001,0.0000,0.0000]
	両方:[0.0005,0.0002,0.0000,0.0000]
	回る:[0.0001,0.0001,0.0001,0.0000]
	一緒だ:[0.0001,0.0001,0.0000,0.0003]
	場合:[0.0357,0.0045,0.0023,0.0045]
	増やす:[0.0005,0.0001,0.0004,0.0020]
	まで:[0.0020,0.0015,0.0016,0.0015]
	ます:[0.0231,0.0273,0.0228,0.0151]
	また:[0.0013,0.0021,0.0018,0.0011]
	のだ:[0.0071,0.0069,0.0054,0.0039]
	から:[0.0058,0.0059,0.0058,0.0033]
	変色:[0.0000,0.0004,0.0000,0.0000]
	与える:[0.0002,0.0002,0.0004,0.0001]
	用法:[0.0000,0.0001,0.0000,0.0000]
	黒い:[0.0000,0.0004,0.0004,0.0000]
	あげる:[0.0002,0.0005,0.0005,0.0009]
	注意:[0.0003,0.0008,0.0007,0.0005]
	液体:[0.0000,0.0001,0.0000,0.0000]
	乾く:[0.0000,0.0001,0.0001,0.0000]
	コツ:[0.0000,0.0001,0.0000,0.0000]
	従う:[0.0000,0.0000,0.0000,0.0000]
	でも:[0.0029,0.0018,0.0004,0.0017]
	水やり:[0.0000,0.0000,0.0000,0.0000]
	強い:[0.0006,0.0005,0.0000,0.0001]
	かも:[0.0003,0.0004,0.0000,0.0001]
	同士:[0.0000,0.0000,0.0000,0.0000]
	培養:[0.0000,0.0001,0.0000,0.0000]
	張る:[0.0000,0.0001,0.0000,0.0001]
	れる:[0.0089,0.0087,0.0070,0.0045]
	長い:[0.0005,0.0013,0.0003,0.0022]
	ハーブ:[0.0000,0.0001,0.0000,0.0000]
	しまう:[0.0018,0.0023,0.0025,0.0012]
True-Positive

Section:2
	Ｆｌａｇ：：０１００
	ミントはシソ科の多年草（一部一年）で地下茎で増えることから非常に繁殖力と交配力が強く丈夫です。
Score:0.00105121241167
EACH_TAG_SCORE:
	image:0.00029125824312
	table:0.00031839619926
	graph:0.000179578891917
	flow:0.000261979077373
PARA:
Clueword:
	非常だ:[0.0006,0.0005,0.0000,0.0002]
	ミント:[0.0000,0.0003,0.0000,0.0000]
	強い:[0.0006,0.0005,0.0000,0.0001]
	繁殖:[0.0000,0.0000,0.0002,0.0000]
	地下茎:[0.0000,0.0000,0.0000,0.0000]
	シソ:[0.0000,0.0000,0.0000,0.0000]
	交配:[0.0000,0.0000,0.0001,0.0000]
	から:[0.0058,0.0059,0.0058,0.0033]
	増える:[0.0005,0.0000,0.0004,0.0006]
	こと:[0.0098,0.0094,0.0087,0.0051]
	多年:[0.0000,0.0000,0.0000,0.0000]
	丈夫だ:[0.0001,0.0000,0.0000,0.0000]
	一部:[0.0008,0.0002,0.0000,0.0011]
True-Positive

True-Negative:0
False-Positive:3
True-Positive:2
False-Negative:0
precision = 0.400000
recall = 1.000000
fvalue = 0.571429