Section:1
	Ｆｌａｇ：：１０００
	報告書内容の注意点
	１．内容に欠落がないか
	報告書においては、内容に欠落があっては、役に立ちません。
	まず、数字（金額、日時、時期、数量等）、固有名詞（商品名、場所、名前等）、単位（千、万、円、ドル、グラム、Ｋｇ等）、相手の意志（反対する、賛成する、購入する、購入しない等）を報告書から漏らしてはいけません。
	読み手に「悟ってもらう」事はありえません。
	ビジネス文書では相手は、自分の文章を「最も批判的に読む」と考えるべきです。
	自分に都合良く、相手が解釈してくれることは絶対にありえません。
	報告書を書き上げたら、妥当かどうかを確認してください。
	２．内容に誤認がないか
	・数字（金額、日時、時期、数量等）
	・固有名詞（商品名、場所、名前等）
	・単位（千、万、円、ドル等）
	・相手の意志（反対、賛成、購入する、購入しない等）
	を勝手に解釈して、事実誤認しないこと。
	誤認によって、今後の動きが違ってくる可能性があるので、事実を正確に把握することはきわめて重要です。
	これを防ぐには、メモを取るときに、重要だと思う点にサインをつけておき、商談・会議の終わりに再確認するのが望ましいと思います。
Score:0.0010641922257
EACH_TAG_SCORE:
	image:0.000287756579517
	table:0.000288752177674
	graph:0.000172350975885
	flow:0.000315332492624
PARA:
Clueword:
	最も:[0.0030,0.0006,0.0001,0.0035]
	あう:[0.0007,0.0005,0.0002,0.0001]
	数字:[0.0000,0.0001,0.0000,0.0000]
	よる:[0.0025,0.0031,0.0031,0.0025]
	おく:[0.0014,0.0010,0.0010,0.0012]
	くださる:[0.0005,0.0014,0.0021,0.0009]
	報告:[0.0011,0.0003,0.0000,0.0001]
	絶対:[0.0001,0.0002,0.0004,0.0000]
	確認:[0.0005,0.0008,0.0011,0.0000]
	解釈:[0.0000,0.0001,0.0000,0.0000]
	もらう:[0.0003,0.0001,0.0000,0.0000]
	日時:[0.0000,0.0001,0.0000,0.0000]
	文章:[0.0000,0.0003,0.0000,0.0000]
	自分:[0.0013,0.0009,0.0013,0.0008]
	つける:[0.0004,0.0008,0.0020,0.0000]
	する:[0.0382,0.0384,0.0461,0.0182]
	取る:[0.0009,0.0006,0.0001,0.0003]
	防ぐ:[0.0001,0.0002,0.0003,0.0001]
	読む:[0.0003,0.0005,0.0000,0.0000]
	単位:[0.0002,0.0004,0.0000,0.0000]
	勝手だ:[0.0002,0.0001,0.0000,0.0000]
	望ましい:[0.0000,0.0000,0.0000,0.0000]
	批判:[0.0000,0.0000,0.0000,0.0000]
	今後:[0.0002,0.0001,0.0076,0.0016]
	える:[0.0001,0.0001,0.0000,0.0000]
	こと:[0.0098,0.0094,0.0087,0.0051]
	文書:[0.0001,0.0004,0.0000,0.0000]
	正確だ:[0.0001,0.0000,0.0000,0.0000]
	時期:[0.0001,0.0003,0.0000,0.0088]
	欠落:[0.0000,0.0000,0.0000,0.0000]
	誤認:[0.0000,0.0001,0.0000,0.0000]
	重要だ:[0.0007,0.0004,0.0000,0.0004]
	動く:[0.0004,0.0008,0.0009,0.0004]
	とき:[0.0006,0.0019,0.0029,0.0005]
	金額:[0.0003,0.0001,0.0001,0.0004]
	メモ:[0.0000,0.0000,0.0000,0.0000]
	Ｋｇ:[0.0000,0.0000,0.0000,0.0000]
	相手:[0.0001,0.0006,0.0003,0.0008]
	妥当だ:[0.0000,0.0000,0.0000,0.0000]
	商品:[0.0008,0.0001,0.0006,0.0002]
	購入:[0.0001,0.0002,0.0009,0.0000]
	悟る:[0.0000,0.0000,0.0000,0.0000]
	的だ:[0.0050,0.0029,0.0019,0.0013]
	固有だ:[0.0000,0.0001,0.0000,0.0000]
	ビジネス:[0.0004,0.0006,0.0001,0.0000]
	数量:[0.0000,0.0001,0.0000,0.0000]
	いける:[0.0002,0.0001,0.0000,0.0004]
	ます:[0.0231,0.0273,0.0228,0.0151]
	まず:[0.0007,0.0007,0.0190,0.0001]
	くる:[0.0012,0.0017,0.0007,0.0011]
	書く:[0.0018,0.0008,0.0006,0.0001]
	名前:[0.0004,0.0005,0.0008,0.0000]
	都合:[0.0000,0.0000,0.0000,0.0000]
	から:[0.0058,0.0059,0.0058,0.0033]
	くれる:[0.0004,0.0006,0.0000,0.0000]
	ドル:[0.0004,0.0001,0.0000,0.0000]
	グラム:[0.0006,0.0000,0.0000,0.0000]
	可能だ:[0.0009,0.0006,0.0008,0.0009]
	注意:[0.0003,0.0008,0.0007,0.0005]
	意志:[0.0001,0.0001,0.0000,0.0000]
	名詞:[0.0000,0.0001,0.0000,0.0000]
	会議:[0.0001,0.0000,0.0000,0.0003]
	商談:[0.0001,0.0000,0.0000,0.0000]
	賛成:[0.0000,0.0001,0.0000,0.0000]
	立つ:[0.0004,0.0004,0.0009,0.0004]
	考える:[0.0013,0.0013,0.0004,0.0007]
	ある:[0.0114,0.0105,0.0052,0.0037]
	ない:[0.0106,0.0085,0.0077,0.0062]
	終わる:[0.0002,0.0003,0.0004,0.0001]
	きわめる:[0.0000,0.0000,0.0000,0.0000]
	反対:[0.0004,0.0018,0.0001,0.0000]
	場所:[0.0005,0.0004,0.0000,0.0000]
	良い:[0.0013,0.0011,0.0010,0.0006]
	べきだ:[0.0003,0.0003,0.0000,0.0000]
	事実:[0.0011,0.0010,0.0000,0.0000]
	上げる:[0.0002,0.0003,0.0005,0.0004]
	サイン:[0.0000,0.0001,0.0002,0.0000]
	のだ:[0.0071,0.0069,0.0054,0.0039]
	思う:[0.0011,0.0021,0.0027,0.0005]
	内容:[0.0013,0.0008,0.0006,0.0001]
	漏らす:[0.0000,0.0000,0.0000,0.0000]
	違う:[0.0011,0.0009,0.0003,0.0008]
	把握:[0.0000,0.0000,0.0000,0.0000]
True-Positive

Section:2
	Ｆｌａｇ：：００００
	３．同じ内容はまとめて書く
	・希望的観測は厳禁
	・業務上、書くべき事は必ず書く（業務を知る）
	・報告書の中に、課題は何か？が明確に書かれている
	それ以外の部分の書き方
	宛名：
	役職の後に「殿」をつける組織とつけない組織がある。
	一般的には、組織としての書き方を上司・先輩に聞いた方がいい。
	氏名の記入と押印：
	報告書には自分の部署と名前を書いて、押印する。
	その際、印はまっすぐ（か、やや左向き（お辞儀をしているように？））に押すこと。
	照会先電話：
	自分の名前の下に、内線表示などの連絡先を書く場合もある。
	項番のつけ方：
	・「１」→「（１）」→「ａ」
	・「１」→「１－１」→「１－１－１」など、
	これも、組織によってルールが決まっているものなので、それにしたがって書く。
	所見（所感）
	「所見」は記す場合と、そうでない場合がある。
	「所見」は、伝えておきたい自分の意見がある場合や、先方の表情や態度などの場の細かなニュアンスなどを報告した方が良いと思ったら、それを１文程度にまとめて書く。
	「所見」には自分の意見が入ってもかまいませんが、極力、自分の主観や推測を入れてはいけません。
	報告書は”事実”を報告するものです。
	特に希望的観測は厳禁です。
	添付資料
	添付資料がある場合は、最後に日時・タイトル・ページ数を書く。
	資料には、ページ数を明記し、「別紙１」「別紙２」などのように番号を表示しておくとわかりやすい。
Score:0.00103081765329
EACH_TAG_SCORE:
	image:0.000295198104797
	table:0.000338530111464
	graph:0.000149781357209
	flow:0.000247308079824
PARA:
Clueword:
	表示:[0.0002,0.0047,0.0004,0.0002]
	よる:[0.0025,0.0031,0.0031,0.0025]
	やや:[0.0003,0.0002,0.0002,0.0003]
	記す:[0.0000,0.0000,0.0000,0.0000]
	電話:[0.0001,0.0001,0.0002,0.0000]
	同じだ:[0.0013,0.0010,0.0005,0.0009]
	れる:[0.0089,0.0087,0.0070,0.0045]
	一般:[0.0009,0.0006,0.0006,0.0000]
	記入:[0.0001,0.0000,0.0000,0.0000]
	細かだ:[0.0002,0.0002,0.0000,0.0000]
	別紙:[0.0000,0.0000,0.0000,0.0000]
	自分:[0.0013,0.0009,0.0013,0.0008]
	希望:[0.0000,0.0002,0.0003,0.0000]
	つける:[0.0004,0.0008,0.0020,0.0000]
	たい:[0.0013,0.0013,0.0014,0.0010]
	する:[0.0382,0.0384,0.0461,0.0182]
	いる:[0.0126,0.0131,0.0081,0.0100]
	入れる:[0.0004,0.0003,0.0002,0.0000]
	こと:[0.0098,0.0094,0.0087,0.0051]
	番号:[0.0001,0.0001,0.0002,0.0000]
	いける:[0.0002,0.0001,0.0000,0.0004]
	決まる:[0.0001,0.0000,0.0000,0.0001]
	明確だ:[0.0000,0.0003,0.0000,0.0000]
	伝える:[0.0003,0.0005,0.0001,0.0002]
	必ず:[0.0002,0.0003,0.0004,0.0002]
	ニュアンス:[0.0000,0.0001,0.0003,0.0000]
	役職:[0.0001,0.0000,0.0000,0.0000]
	先方:[0.0000,0.0000,0.0000,0.0000]
	上司:[0.0002,0.0001,0.0000,0.0000]
	入る:[0.0005,0.0010,0.0008,0.0003]
	まとめる:[0.0001,0.0002,0.0001,0.0002]
	観測:[0.0000,0.0001,0.0000,0.0000]
	ようだ:[0.0040,0.0046,0.0063,0.0016]
	以外:[0.0017,0.0016,0.0001,0.0001]
	事実:[0.0011,0.0010,0.0000,0.0000]
	もの:[0.0027,0.0031,0.0016,0.0008]
	べし:[0.0001,0.0003,0.0000,0.0001]
	主観:[0.0000,0.0000,0.0000,0.0000]
	極力:[0.0000,0.0000,0.0000,0.0000]
	いい:[0.0008,0.0008,0.0002,0.0005]
	所見:[0.0002,0.0000,0.0000,0.0000]
	的だ:[0.0050,0.0029,0.0019,0.0013]
	場合:[0.0357,0.0045,0.0023,0.0045]
	まっすぐだ:[0.0000,0.0000,0.0000,0.0000]
	かまう:[0.0000,0.0000,0.0002,0.0000]
	したがう:[0.0000,0.0000,0.0000,0.0000]
	組織:[0.0002,0.0000,0.0000,0.0000]
	押す:[0.0002,0.0004,0.0002,0.0000]
	思う:[0.0011,0.0021,0.0027,0.0005]
	向き:[0.0001,0.0007,0.0000,0.0000]
	ます:[0.0231,0.0273,0.0228,0.0151]
	報告:[0.0011,0.0003,0.0000,0.0001]
	書く:[0.0018,0.0008,0.0006,0.0001]
	名前:[0.0004,0.0005,0.0008,0.0000]
	部分:[0.0021,0.0038,0.0011,0.0001]
	連絡:[0.0001,0.0000,0.0000,0.0000]
	程度:[0.0014,0.0010,0.0008,0.0019]
	最後だ:[0.0001,0.0004,0.0009,0.0000]
	部署:[0.0001,0.0000,0.0000,0.0000]
	良い:[0.0013,0.0011,0.0010,0.0006]
	意見:[0.0000,0.0000,0.0000,0.0000]
	ある:[0.0114,0.0105,0.0052,0.0037]
	やすい:[0.0029,0.0024,0.0011,0.0006]
	など:[0.0054,0.0053,0.0021,0.0019]
	推測:[0.0000,0.0000,0.0010,0.0000]
	聞く:[0.0003,0.0001,0.0012,0.0006]
	課題:[0.0001,0.0000,0.0000,0.0000]
	業務:[0.0004,0.0001,0.0000,0.0001]
	所感:[0.0000,0.0000,0.0000,0.0000]
	ルール:[0.0001,0.0000,0.0000,0.0002]
	おく:[0.0014,0.0010,0.0010,0.0012]
	特に:[0.0004,0.0003,0.0002,0.0003]
	タイトル:[0.0001,0.0001,0.0000,0.0000]
	知る:[0.0007,0.0006,0.0002,0.0007]
	ページ:[0.0003,0.0004,0.0004,0.0001]
	のだ:[0.0071,0.0069,0.0054,0.0039]
	先輩:[0.0000,0.0000,0.0000,0.0000]
	内容:[0.0013,0.0008,0.0006,0.0001]
	ない:[0.0106,0.0085,0.0077,0.0062]
	わかる:[0.0006,0.0009,0.0004,0.0002]
	日時:[0.0000,0.0001,0.0000,0.0000]
	表情:[0.0000,0.0008,0.0000,0.0000]
False-Positive

True-Negative:0
False-Positive:1
True-Positive:1
False-Negative:0
precision = 0.500000
recall = 1.000000
fvalue = 0.666667