Section:2
	Ｆｌａｇ：：１０００
	Ｇｏｏｇｌｅマップで説明します。
	高知駅からやや北東にある赤い囲みが見えますか？ここが一宮徳谷地域なんです。
	まぁ、ほとんどの人はわかんないですよね。
	問題はなぜ、この地域にわざわざやってきたのか？
Score:0.00329026955354
EACH_TAG_SCORE:
	image:0.000961969380337
	table:0.00093936934181
	graph:0.000506867008991
	flow:0.000882063822405
PARA:
Clueword:
	説明:[0.0005,0.0003,0.0001,0.0001]
	やや:[0.0003,0.0002,0.0002,0.0003]
	マップ:[0.0000,0.0004,0.0000,0.0000]
	わく:[0.0001,0.0000,0.0000,0.0000]
	ます:[0.0231,0.0273,0.0228,0.0151]
	んだ:[0.0003,0.0006,0.0002,0.0003]
	わざわざ:[0.0000,0.0000,0.0000,0.0000]
	から:[0.0058,0.0059,0.0058,0.0033]
	一宮:[0.0000,0.0000,0.0000,0.0000]
	です:[0.0012,0.0010,0.0005,0.0006]
	見える:[0.0005,0.0008,0.0008,0.0001]
	まあ:[0.0001,0.0001,0.0000,0.0000]
	する:[0.0382,0.0384,0.0461,0.0182]
	地域:[0.0008,0.0004,0.0000,0.0007]
	問題:[0.0005,0.0008,0.0003,0.0003]
	囲む:[0.0000,0.0000,0.0000,0.0000]
	ある:[0.0114,0.0105,0.0052,0.0037]
	なぜ:[0.0002,0.0001,0.0000,0.0000]
	やってくる:[0.0001,0.0000,0.0000,0.0000]
	ほとんど:[0.0006,0.0007,0.0001,0.0018]
	高知:[0.0000,0.0001,0.0000,0.0000]
	のだ:[0.0071,0.0069,0.0054,0.0039]
	北東:[0.0000,0.0000,0.0000,0.0000]
	ない:[0.0106,0.0085,0.0077,0.0062]
	赤い:[0.0000,0.0008,0.0000,0.0000]
True-Positive

Section:10
	Ｆｌａｇ：：１０００
	「ええ、大丈夫ですよ。土佐神社から車で５分もかかりませんので」
Score:0.0032112447736
EACH_TAG_SCORE:
	image:0.00096949998864
	table:0.000884581515975
	graph:0.000537898362317
	flow:0.000819264906668
PARA:
Clueword:
	土佐:[0.0000,0.0001,0.0001,0.0000]
	ええ:[0.0000,0.0000,0.0000,0.0000]
	ます:[0.0231,0.0273,0.0228,0.0151]
	神社:[0.0000,0.0001,0.0000,0.0000]
	のだ:[0.0071,0.0069,0.0054,0.0039]
	から:[0.0058,0.0059,0.0058,0.0033]
	大丈夫だ:[0.0000,0.0001,0.0000,0.0000]
	かかる:[0.0011,0.0002,0.0002,0.0002]
True-Positive

Section:9
	Ｆｌａｇ：：００００
	マジか。
	最高のエピソードを聞けてしまった。
	もしかしてこの世で唯一「徳谷」について知っている人じゃないの．．．？
	「すみません！あまりの事実に疑問が湧き出てきました。大変恐縮なんですが、この後お伺いして直接お話できませんか？」
Score:0.00296415376192
EACH_TAG_SCORE:
	image:0.000863382828445
	table:0.000838955959163
	graph:0.000478836889087
	flow:0.000782978085222
PARA:
Clueword:
	すみません:[0.0000,0.0001,0.0000,0.0000]
	んだ:[0.0003,0.0006,0.0002,0.0003]
	くる:[0.0012,0.0017,0.0007,0.0011]
	あまり:[0.0006,0.0002,0.0001,0.0000]
	のだ:[0.0071,0.0069,0.0054,0.0039]
	お伺い:[0.0000,0.0000,0.0000,0.0000]
	ます:[0.0231,0.0273,0.0228,0.0151]
	しまう:[0.0018,0.0023,0.0025,0.0012]
	大変:[0.0001,0.0001,0.0000,0.0000]
	できる:[0.0045,0.0045,0.0023,0.0015]
	する:[0.0382,0.0384,0.0461,0.0182]
	いる:[0.0126,0.0131,0.0081,0.0100]
	つく:[0.0013,0.0016,0.0009,0.0004]
	唯一:[0.0005,0.0001,0.0000,0.0000]
	もし:[0.0002,0.0000,0.0001,0.0006]
	知る:[0.0007,0.0006,0.0002,0.0007]
	最高だ:[0.0000,0.0001,0.0000,0.0001]
	疑問:[0.0000,0.0000,0.0000,0.0000]
	ない:[0.0106,0.0085,0.0077,0.0062]
	直接:[0.0000,0.0000,0.0000,0.0000]
	事実:[0.0011,0.0010,0.0000,0.0000]
False-Positive

Section:4
	Ｆｌａｇ：：１０００
	その流れで徳谷姓について調べていたところ、高知県に「徳谷トマト」という野菜があることを知りました。
	トマト界の最高級品種のため、モノによっては１箱（２４個）＝２５０００円！大阪の貧乏育ちの僕にとっては一切縁がなさそうなんですけど、この徳谷トマトを唯一生産しているのが前述の一宮徳谷地域なんだとか。
Score:0.00272822732554
EACH_TAG_SCORE:
	image:0.000788931453995
	table:0.000782027874063
	graph:0.000456702327094
	flow:0.00070056567039
PARA:
Clueword:
	一切:[0.0000,0.0000,0.0000,0.0001]
	よる:[0.0025,0.0031,0.0031,0.0025]
	品種:[0.0000,0.0000,0.0000,0.0000]
	野菜:[0.0002,0.0004,0.0000,0.0004]
	する:[0.0382,0.0384,0.0461,0.0182]
	いる:[0.0126,0.0131,0.0081,0.0100]
	こと:[0.0098,0.0094,0.0087,0.0051]
	つく:[0.0013,0.0016,0.0009,0.0004]
	高知:[0.0000,0.0001,0.0000,0.0000]
	モノ:[0.0001,0.0000,0.0000,0.0000]
	そうだ:[0.0003,0.0008,0.0005,0.0007]
	調べる:[0.0001,0.0001,0.0000,0.0002]
	いう:[0.0059,0.0048,0.0034,0.0042]
	ところ:[0.0010,0.0004,0.0004,0.0007]
	流れでる:[0.0000,0.0000,0.0000,0.0000]
	んだ:[0.0003,0.0006,0.0002,0.0003]
	大阪:[0.0001,0.0000,0.0001,0.0000]
	ます:[0.0231,0.0273,0.0228,0.0151]
	一宮:[0.0000,0.0000,0.0000,0.0000]
	とる:[0.0004,0.0007,0.0005,0.0001]
	生産:[0.0001,0.0000,0.0000,0.0001]
	ある:[0.0114,0.0105,0.0052,0.0037]
	けど:[0.0003,0.0002,0.0000,0.0000]
	トマト:[0.0000,0.0002,0.0000,0.0001]
	唯一:[0.0005,0.0001,0.0000,0.0000]
	ため:[0.0030,0.0033,0.0027,0.0025]
	知る:[0.0007,0.0006,0.0002,0.0007]
	最高だ:[0.0000,0.0001,0.0000,0.0001]
	育つ:[0.0001,0.0001,0.0000,0.0000]
	ない:[0.0106,0.0085,0.0077,0.0062]
	地域:[0.0008,0.0004,0.0000,0.0007]
True-Positive

Section:12
	Ｆｌａｇ；；００１１
	「そうそう。徳谷地域の話はまだ続きがありましてね。１９４６年の昭和南海地震があったでしょう？あのときの津波でこの土地一帯は長期間海水に浸かってしもうてね。その後、何とか海水がハケて農業を始めたんですが、たまたま作ったトマトがこれまでと比べ物にならないくらい甘くてね。その甘さの理由が土壌に染み込んだ海水の成分だったんです。不毛の土壌だった環境をバネにして生まれたこともあって、次第に徳谷地域のトマトは甘くて美味しいと口コミで評判になり、フルーツトマトの発祥といわれる徳谷トマトが生まれたんですわ」
Score:0.00181047988393
EACH_TAG_SCORE:
	image:0.000490235386339
	table:0.000505042350535
	graph:0.000305942317813
	flow:0.000509259829239
PARA:
Clueword:
	あう:[0.0007,0.0005,0.0002,0.0001]
	期間:[0.0003,0.0002,0.0005,0.0041]
	甘い:[0.0003,0.0001,0.0000,0.0000]
	続く:[0.0004,0.0003,0.0004,0.0013]
	比べ物:[0.0001,0.0000,0.0000,0.0000]
	れる:[0.0089,0.0087,0.0070,0.0045]
	成分:[0.0005,0.0011,0.0000,0.0040]
	なる:[0.0108,0.0091,0.0074,0.0069]
	する:[0.0382,0.0384,0.0461,0.0182]
	何とか:[0.0000,0.0000,0.0000,0.0001]
	こと:[0.0098,0.0094,0.0087,0.0051]
	生まれる:[0.0004,0.0000,0.0001,0.0000]
	環境:[0.0005,0.0002,0.0000,0.0000]
	理由:[0.0005,0.0003,0.0001,0.0006]
	とき:[0.0006,0.0019,0.0029,0.0005]
	美味しい:[0.0000,0.0001,0.0000,0.0000]
	次第に:[0.0000,0.0000,0.0000,0.0001]
	いう:[0.0059,0.0048,0.0034,0.0042]
	発祥:[0.0000,0.0000,0.0000,0.0000]
	まだ:[0.0001,0.0001,0.0001,0.0002]
	たまたま:[0.0000,0.0001,0.0000,0.0000]
	んだ:[0.0003,0.0006,0.0002,0.0003]
	作る:[0.0012,0.0011,0.0018,0.0001]
	まで:[0.0020,0.0015,0.0016,0.0015]
	ます:[0.0231,0.0273,0.0228,0.0151]
	くらい:[0.0006,0.0003,0.0011,0.0001]
	土地:[0.0002,0.0001,0.0004,0.0000]
	昭和:[0.0003,0.0000,0.0000,0.0000]
	地域:[0.0008,0.0004,0.0000,0.0007]
	だろう:[0.0010,0.0005,0.0000,0.0003]
	トマト:[0.0000,0.0002,0.0000,0.0001]
	ある:[0.0114,0.0105,0.0052,0.0037]
	その後:[0.0002,0.0002,0.0134,0.0001]
	始める:[0.0004,0.0003,0.0001,0.0004]
	土壌:[0.0000,0.0000,0.0000,0.0001]
	ない:[0.0106,0.0085,0.0077,0.0062]
	農業:[0.0005,0.0002,0.0005,0.0005]
worng file


Section:8
	Ｆｌａｇ：：１００１
	「元々、この土地は江戸時代にケチ谷（けちだに）と言われとったんですよ。織田信長、豊臣秀吉、徳川家康に使えたこともある、土佐山内氏の殿様だった山内一豊か次の代の山内忠義がケチ谷に散歩がてら狩りに来たそうで。どちらかはハッキリ分からないのですが。その狩りが大猟で殿様はえらく気に入ったそうです。で、『この土地はなんという名前だ？』『ケチ谷といいます』『こんな大猟で縁起の良い土地がケチ谷とはケチくさい。今日から徳のある谷．．．徳谷（とくだに）にしてはどうか』といったやりとりがあったそうですよ」
Score:0.00174680691634
EACH_TAG_SCORE:
	image:0.000503037546546
	table:0.000496568143304
	graph:0.000261603997757
	flow:0.000485597228733
PARA:
Clueword:
	散歩:[0.0000,0.0000,0.0001,0.0000]
	元々:[0.0000,0.0000,0.0027,0.0000]
	ケチ:[0.0000,0.0002,0.0007,0.0000]
	豊かだ:[0.0000,0.0000,0.0001,0.0000]
	れる:[0.0089,0.0087,0.0070,0.0045]
	くさい:[0.0000,0.0001,0.0001,0.0000]
	いう:[0.0059,0.0048,0.0034,0.0042]
	忠義だ:[0.0000,0.0000,0.0001,0.0000]
	てら:[0.0000,0.0000,0.0001,0.0000]
	する:[0.0382,0.0384,0.0461,0.0182]
	分かる:[0.0002,0.0002,0.0001,0.0002]
	言う:[0.0010,0.0013,0.0005,0.0004]
	縁起:[0.0000,0.0000,0.0001,0.0000]
	だに:[0.0000,0.0001,0.0003,0.0000]
	秀吉:[0.0000,0.0000,0.0001,0.0000]
	こと:[0.0098,0.0094,0.0087,0.0051]
	今日:[0.0000,0.0002,0.0003,0.0000]
	来る:[0.0002,0.0002,0.0002,0.0000]
	江戸:[0.0000,0.0000,0.0001,0.0000]
	あう:[0.0007,0.0005,0.0002,0.0001]
	えらい:[0.0000,0.0001,0.0001,0.0000]
	とく:[0.0000,0.0000,0.0001,0.0000]
	徳川:[0.0000,0.0000,0.0001,0.0000]
	そうだ:[0.0003,0.0008,0.0005,0.0007]
	山内:[0.0000,0.0001,0.0004,0.0000]
	けちだ:[0.0000,0.0000,0.0001,0.0000]
	使える:[0.0007,0.0004,0.0001,0.0000]
	なんという:[0.0000,0.0000,0.0001,0.0000]
	んだ:[0.0003,0.0006,0.0002,0.0003]
	ます:[0.0231,0.0273,0.0228,0.0151]
	ハッキリ:[0.0000,0.0001,0.0001,0.0000]
	時代:[0.0002,0.0001,0.0001,0.0003]
	のだ:[0.0071,0.0069,0.0054,0.0039]
	から:[0.0058,0.0059,0.0058,0.0033]
	狩る:[0.0000,0.0001,0.0003,0.0000]
	土地:[0.0002,0.0001,0.0004,0.0000]
	とる:[0.0004,0.0007,0.0005,0.0001]
	豊臣:[0.0000,0.0000,0.0001,0.0000]
	気に入る:[0.0001,0.0001,0.0001,0.0000]
	良い:[0.0013,0.0011,0.0010,0.0006]
	織田:[0.0000,0.0000,0.0001,0.0000]
	ある:[0.0114,0.0105,0.0052,0.0037]
	土佐:[0.0000,0.0001,0.0001,0.0000]
	やりとり:[0.0000,0.0000,0.0001,0.0000]
	殿様:[0.0000,0.0001,0.0003,0.0000]
	名前:[0.0004,0.0005,0.0008,0.0000]
	ない:[0.0106,0.0085,0.0077,0.0062]
True-Positive

Section:3
	Ｆｌａｇ：：００００
	名探偵さんは気づいてるかもしれませんが、僕の苗字「徳谷（とくたに）」と同じ地名なんですよね。
	そもそも、この徳谷姓は日本に約８００人しかいないらしく、同姓に出会ったことは過去一度だけ。
	それも繋がりが一切ないのに「同姓、同学年、関西出身の共通項に惹かれたのでお茶しませんか？」とメールで誘ったときだけなんです。
	徳谷智史さん、超立派な方でした。
	そのあたりから徳谷姓のルーツが気になりだしたんです。
	字面以上に珍しい徳谷姓．．．。
	ずっと大阪在住の父親に尋ねたところ「そんなもんは知らん。お前のおじいちゃんとおばあちゃん共に連れ子同士だから、とっくに血は絶えとるわ」という話をされました。
	とっくに絶えとるんかい。
Score:0.00163364491205
EACH_TAG_SCORE:
	image:0.000459954049406
	table:0.000461815405026
	graph:0.000285734608586
	flow:0.00042614084903
PARA:
Clueword:
	あたり:[0.0003,0.0000,0.0000,0.0006]
	共通:[0.0011,0.0002,0.0000,0.0000]
	しか:[0.0006,0.0007,0.0000,0.0011]
	繋がる:[0.0001,0.0001,0.0000,0.0000]
	しれる:[0.0002,0.0003,0.0000,0.0001]
	同じだ:[0.0013,0.0010,0.0005,0.0009]
	出会う:[0.0000,0.0001,0.0000,0.0000]
	一切:[0.0000,0.0000,0.0000,0.0001]
	そもそも:[0.0000,0.0000,0.0005,0.0001]
	知る:[0.0007,0.0006,0.0002,0.0007]
	れる:[0.0089,0.0087,0.0070,0.0045]
	さん:[0.0004,0.0007,0.0003,0.0007]
	いう:[0.0059,0.0048,0.0034,0.0042]
	日本:[0.0009,0.0006,0.0009,0.0018]
	する:[0.0382,0.0384,0.0461,0.0182]
	いる:[0.0126,0.0131,0.0081,0.0100]
	こと:[0.0098,0.0094,0.0087,0.0051]
	らしい:[0.0003,0.0001,0.0000,0.0001]
	以上:[0.0010,0.0009,0.0006,0.0017]
	ずっと:[0.0001,0.0000,0.0000,0.0001]
	だけ:[0.0014,0.0013,0.0014,0.0007]
	とく:[0.0000,0.0000,0.0001,0.0000]
	とき:[0.0006,0.0019,0.0029,0.0005]
	関西:[0.0001,0.0001,0.0000,0.0002]
	共に:[0.0001,0.0001,0.0001,0.0000]
	だす:[0.0001,0.0000,0.0000,0.0000]
	珍しい:[0.0000,0.0000,0.0000,0.0000]
	ところ:[0.0010,0.0004,0.0004,0.0007]
	苗字:[0.0000,0.0000,0.0000,0.0000]
	んだ:[0.0003,0.0006,0.0002,0.0003]
	大阪:[0.0001,0.0000,0.0001,0.0000]
	かも:[0.0003,0.0004,0.0000,0.0001]
	のだ:[0.0071,0.0069,0.0054,0.0039]
	から:[0.0058,0.0059,0.0058,0.0033]
	出身:[0.0000,0.0002,0.0000,0.0004]
	とる:[0.0004,0.0007,0.0005,0.0001]
	メール:[0.0004,0.0006,0.0010,0.0000]
	学年:[0.0000,0.0001,0.0000,0.0003]
	ます:[0.0231,0.0273,0.0228,0.0151]
	同士:[0.0000,0.0000,0.0000,0.0000]
	気づく:[0.0000,0.0001,0.0000,0.0000]
	過去:[0.0002,0.0001,0.0018,0.0009]
	なる:[0.0108,0.0091,0.0074,0.0069]
	ルーツ:[0.0000,0.0000,0.0000,0.0000]
	ない:[0.0106,0.0085,0.0077,0.0062]
	誘う:[0.0000,0.0000,0.0000,0.0000]
	立派だ:[0.0000,0.0000,0.0000,0.0000]
False-Positive

Section:1
	Ｆｌａｇ：：００００
	自分の「苗字」と同じ土地に行ったら衝撃の事実だらけだった
	こんにちは、ジモコロ編集長の徳谷柿次郎です。
	決して栄養失調のノッポさんではありません。
	今回兼ねてからの謎を解き明かすべく、高知県の「一宮徳谷（いっくとくだに）」地域に来ています。
Score:0.00157880473317
EACH_TAG_SCORE:
	image:0.000484987979941
	table:0.000460222923888
	graph:0.000279407999476
	flow:0.00035418582986
PARA:
Clueword:
	今回:[0.0001,0.0001,0.0002,0.0004]
	栄養:[0.0000,0.0000,0.0000,0.0000]
	兼ねる:[0.0001,0.0000,0.0000,0.0000]
	同じだ:[0.0013,0.0010,0.0005,0.0009]
	さん:[0.0004,0.0007,0.0003,0.0007]
	自分:[0.0013,0.0009,0.0013,0.0008]
	だに:[0.0000,0.0001,0.0003,0.0000]
	地域:[0.0008,0.0004,0.0000,0.0007]
	衝撃:[0.0001,0.0002,0.0000,0.0000]
	来る:[0.0002,0.0002,0.0002,0.0000]
	とく:[0.0000,0.0000,0.0001,0.0000]
	編集:[0.0001,0.0001,0.0003,0.0001]
	苗字:[0.0000,0.0000,0.0000,0.0000]
	高知:[0.0000,0.0001,0.0000,0.0000]
	いる:[0.0126,0.0131,0.0081,0.0100]
	ます:[0.0231,0.0273,0.0228,0.0151]
	行く:[0.0006,0.0004,0.0002,0.0002]
	から:[0.0058,0.0059,0.0058,0.0033]
	一宮:[0.0000,0.0000,0.0000,0.0000]
	土地:[0.0002,0.0001,0.0004,0.0000]
	ある:[0.0114,0.0105,0.0052,0.0037]
	事実:[0.0011,0.0010,0.0000,0.0000]
	べし:[0.0001,0.0003,0.0000,0.0001]
False-Positive

Section:6
	Ｆｌａｇ：：１０００
	車で数分のところに発見。
	四国八十八箇所の３０番・善楽寺の隣にあったんですが、国の重要文化財に指定されるほど立派なところのようです。
	入り口の時点で厳かさＭＡＸ。
	元祖平民の血がうずいて、思わず両膝を地面に下ろすところでした。
	それもそのはず、史実として土佐神社の記録が残っているのは６７５年（天武天皇４年）でした。
	１４００年以上前ってすごすぎ！
Score:0.00139798048243
EACH_TAG_SCORE:
	image:0.000394293489358
	table:0.000392517672496
	graph:0.00022468897676
	flow:0.000386480343811
PARA:
Clueword:
	あう:[0.0007,0.0005,0.0002,0.0001]
	平民:[0.0000,0.0000,0.0000,0.0000]
	って:[0.0005,0.0004,0.0000,0.0003]
	ところ:[0.0010,0.0004,0.0004,0.0007]
	重要だ:[0.0007,0.0004,0.0000,0.0004]
	箇所:[0.0000,0.0000,0.0000,0.0000]
	土佐:[0.0000,0.0001,0.0001,0.0000]
	すごい:[0.0001,0.0001,0.0000,0.0000]
	下ろす:[0.0000,0.0000,0.0000,0.0000]
	隣:[0.0000,0.0004,0.0000,0.0000]
	んだ:[0.0003,0.0006,0.0002,0.0003]
	神社:[0.0000,0.0001,0.0000,0.0000]
	八十八:[0.0000,0.0000,0.0000,0.0000]
	れる:[0.0089,0.0087,0.0070,0.0045]
	四国:[0.0000,0.0000,0.0000,0.0000]
	ころ:[0.0007,0.0000,0.0000,0.0000]
	両膝:[0.0000,0.0001,0.0001,0.0000]
	天皇:[0.0000,0.0000,0.0000,0.0000]
	文化:[0.0001,0.0000,0.0000,0.0000]
	する:[0.0382,0.0384,0.0461,0.0182]
	史実:[0.0000,0.0000,0.0000,0.0000]
	いる:[0.0126,0.0131,0.0081,0.0100]
	すぎる:[0.0006,0.0007,0.0004,0.0001]
	うずく:[0.0000,0.0000,0.0000,0.0000]
	思わず:[0.0000,0.0000,0.0000,0.0000]
	指定:[0.0003,0.0002,0.0000,0.0000]
	厳かだ:[0.0000,0.0000,0.0000,0.0000]
	ほど:[0.0009,0.0005,0.0000,0.0003]
	入り口:[0.0000,0.0000,0.0000,0.0000]
	元祖:[0.0000,0.0000,0.0000,0.0000]
	以上:[0.0010,0.0009,0.0006,0.0017]
	発見:[0.0001,0.0001,0.0000,0.0000]
	残る:[0.0001,0.0002,0.0002,0.0005]
	数分の:[0.0000,0.0000,0.0000,0.0000]
	地面:[0.0000,0.0001,0.0000,0.0000]
	記録:[0.0000,0.0001,0.0000,0.0000]
	ようだ:[0.0040,0.0046,0.0063,0.0016]
	時点:[0.0001,0.0001,0.0001,0.0018]
	立派だ:[0.0000,0.0000,0.0000,0.0000]
	はず:[0.0001,0.0001,0.0001,0.0001]
True-Positive

Section:5
	Ｆｌａｇ：：００００
	これは何か関係があるに違いない！
	そう思い込んで所縁ある（？）土地にノープランで足を踏み入れたんですけど、地名が書いてあるだけで徳谷の表札を掲げている家も見当たらず、真夏のムワっとした風だけが歓迎してくれているようでした。
	なんだよ、もっと劇的なヒントとかないの？六角レンチを使って回したら開く扉とかないの？
	そんな都合よくありません。
	というわけで、せっかくここまで来たんだからと最寄りの交番に飛び込みました。
	この土地を守り続けてきた警察なら何か知ってるはず！
	「すみません。この土地と同じ徳谷という共通点だけで東京からやってきたんですが、徳谷地域に詳しい方はいませんでしょうか？」
	「え、そんな理由だけで来たの？申し訳ないけど、徳谷地域の由来なんて聞いたことないなぁ。そもそも、徳谷地域に徳谷姓の家は一軒もないんだよね」
	「ええー！１人もいないんですか！？勝手に所縁があると思い込んでたんですが、全然関係なかったんですかね．．．」
	「ご期待に応えられなくてごめんね。あっ、この近くに土佐神社（しなねさま）があるから、そこの宮司さんなら何か知ってるかも」
	「ありがとうございます！早速行ってみます！」
Score:0.00103566838531
EACH_TAG_SCORE:
	image:0.000302432740121
	table:0.000302334048914
	graph:0.000168407831482
	flow:0.000262493764789
PARA:
Clueword:
	だろう:[0.0010,0.0005,0.0000,0.0003]
	っと:[0.0001,0.0001,0.0001,0.0000]
	もっと:[0.0001,0.0001,0.0000,0.0000]
	共通:[0.0011,0.0002,0.0000,0.0000]
	期待:[0.0001,0.0001,0.0001,0.0002]
	せっかく:[0.0001,0.0000,0.0000,0.0000]
	そもそも:[0.0000,0.0000,0.0005,0.0001]
	なあ:[0.0000,0.0001,0.0000,0.0000]
	さん:[0.0004,0.0007,0.0003,0.0007]
	なん:[0.0000,0.0001,0.0000,0.0000]
	いう:[0.0059,0.0048,0.0034,0.0042]
	由来:[0.0000,0.0001,0.0000,0.0000]
	なら:[0.0020,0.0012,0.0003,0.0013]
	勝手だ:[0.0002,0.0001,0.0000,0.0000]
	みる:[0.0012,0.0014,0.0005,0.0011]
	回す:[0.0001,0.0003,0.0009,0.0001]
	する:[0.0382,0.0384,0.0461,0.0182]
	られる:[0.0027,0.0025,0.0013,0.0015]
	劇的だ:[0.0001,0.0000,0.0001,0.0000]
	思う:[0.0011,0.0021,0.0027,0.0005]
	わけだ:[0.0004,0.0003,0.0000,0.0001]
	東京:[0.0001,0.0007,0.0002,0.0011]
	やってくる:[0.0001,0.0000,0.0000,0.0000]
	知る:[0.0007,0.0006,0.0002,0.0007]
	来る:[0.0002,0.0002,0.0002,0.0000]
	守る:[0.0001,0.0000,0.0000,0.0002]
	理由:[0.0005,0.0003,0.0001,0.0006]
	だけ:[0.0014,0.0013,0.0014,0.0007]
	いる:[0.0126,0.0131,0.0081,0.0100]
	ようだ:[0.0040,0.0046,0.0063,0.0016]
	近く:[0.0002,0.0005,0.0001,0.0000]
	ヒント:[0.0000,0.0000,0.0000,0.0002]
	はう:[0.0001,0.0000,0.0000,0.0000]
	同じだ:[0.0013,0.0010,0.0005,0.0009]
	ええ:[0.0000,0.0000,0.0000,0.0000]
	続ける:[0.0004,0.0002,0.0000,0.0005]
	んだ:[0.0003,0.0006,0.0002,0.0003]
	ます:[0.0231,0.0273,0.0228,0.0151]
	くる:[0.0012,0.0017,0.0007,0.0011]
	書く:[0.0018,0.0008,0.0006,0.0001]
	関係:[0.0031,0.0040,0.0003,0.0010]
	から:[0.0058,0.0059,0.0058,0.0033]
	くれる:[0.0004,0.0006,0.0000,0.0000]
	開く:[0.0001,0.0007,0.0025,0.0000]
	詳しい:[0.0002,0.0001,0.0000,0.0000]
	土地:[0.0002,0.0001,0.0004,0.0000]
	ありがとう:[0.0000,0.0000,0.0000,0.0000]
	込む:[0.0006,0.0010,0.0006,0.0004]
	まで:[0.0020,0.0015,0.0016,0.0015]
	都合:[0.0000,0.0000,0.0000,0.0000]
	かも:[0.0003,0.0004,0.0000,0.0001]
	掲げる:[0.0000,0.0001,0.0000,0.0001]
	すみません:[0.0000,0.0001,0.0000,0.0000]
	飛ぶ:[0.0001,0.0000,0.0001,0.0000]
	なんて:[0.0003,0.0002,0.0000,0.0003]
	ある:[0.0114,0.0105,0.0052,0.0037]
	はず:[0.0001,0.0001,0.0001,0.0001]
	さま:[0.0002,0.0001,0.0005,0.0000]
	聞く:[0.0003,0.0001,0.0012,0.0006]
	けど:[0.0003,0.0002,0.0000,0.0000]
	土佐:[0.0000,0.0001,0.0001,0.0000]
	よい:[0.0014,0.0014,0.0004,0.0004]
	神社:[0.0000,0.0001,0.0000,0.0000]
	える:[0.0001,0.0001,0.0000,0.0000]
	こと:[0.0098,0.0094,0.0087,0.0051]
	行く:[0.0006,0.0004,0.0002,0.0002]
	ない:[0.0106,0.0085,0.0077,0.0062]
	使う:[0.0029,0.0025,0.0010,0.0006]
	地域:[0.0008,0.0004,0.0000,0.0007]
False-Positive

Section:11
	Ｆｌａｇ：：００００
	いきなり訪ねるのも失礼かと思いつつ、長年疑問だった「徳谷の謎」が明らかになるかと思うと居ても立ってもいられませんでした。
	インディー・ジョーンズっていつもこんな気持ちなのかな。
	「山本先生、突然お邪魔してすみません。改めて徳谷と申します」
	「いやぁ、こんなところまでよくて来てくれました」
	「徳谷姓のルーツが想像以上に興味深かったので驚きました。殿様の一言で徳谷になっただなんて。ケチ谷のままだったら小学校でいじめられていたかもしれません」
	「先ほどの話の続きですが、明治の平民苗字必称義務令でこの徳谷地域に住んでいた人たちが徳谷と名乗ったんでしょう。その土地にちなんだ苗字を名乗る人が大半でしたからね。あなたも高知から全国に渡り住んだ人の子孫の可能性は高いでしょう」
	「おおおお．．．。なるほど、納得感あります。僕は大阪出身なんですが、高知と大阪の距離を考えると全然あり得ますね。一度会ったことのある徳谷（とくや）智史さんは京都出身でしたし」
	「とくだに、とくたに、とくや．．．など、そもそも苗字の読み方は戸籍に登録されとらんのです。読み方は自由でね。あなたが“とくたに”なのは先祖の誰かが決めたことなんでしょう」
	「えー！それも知りませんでした！昔から“とくや”と読み間違えられて生きてきたんですが、変えようと思ったら変えれるんですね」
Score:0.000957274143719
EACH_TAG_SCORE:
	image:0.000274219496271
	table:0.000271437659374
	graph:0.000172949731247
	flow:0.000238667256827
PARA:
Clueword:
	一言:[0.0001,0.0001,0.0000,0.0000]
	続く:[0.0004,0.0003,0.0004,0.0013]
	居る:[0.0000,0.0001,0.0000,0.0000]
	しれる:[0.0002,0.0003,0.0000,0.0001]
	れる:[0.0089,0.0087,0.0070,0.0045]
	さん:[0.0004,0.0007,0.0003,0.0007]
	なる:[0.0108,0.0091,0.0074,0.0069]
	たち:[0.0003,0.0002,0.0000,0.0005]
	読む:[0.0003,0.0005,0.0000,0.0000]
	つつ:[0.0001,0.0000,0.0000,0.0000]
	思う:[0.0011,0.0021,0.0027,0.0005]
	ちなむ:[0.0000,0.0000,0.0000,0.0000]
	義務:[0.0000,0.0000,0.0000,0.0000]
	訪ねる:[0.0000,0.0002,0.0000,0.0002]
	明治:[0.0000,0.0000,0.0000,0.0000]
	いつも:[0.0000,0.0002,0.0005,0.0000]
	登録:[0.0002,0.0001,0.0004,0.0000]
	間違える:[0.0001,0.0001,0.0007,0.0000]
	お邪魔:[0.0000,0.0000,0.0000,0.0000]
	小学校:[0.0000,0.0001,0.0000,0.0000]
	子孫:[0.0000,0.0000,0.0000,0.0000]
	んだ:[0.0003,0.0006,0.0002,0.0003]
	大阪:[0.0001,0.0000,0.0001,0.0000]
	くる:[0.0012,0.0017,0.0007,0.0011]
	殿様:[0.0000,0.0001,0.0003,0.0000]
	くれる:[0.0004,0.0006,0.0000,0.0000]
	可能だ:[0.0009,0.0006,0.0008,0.0009]
	いきなり:[0.0001,0.0000,0.0000,0.0000]
	距離:[0.0001,0.0001,0.0000,0.0000]
	渡る:[0.0000,0.0001,0.0001,0.0000]
	明らかだ:[0.0000,0.0001,0.0001,0.0000]
	驚く:[0.0001,0.0001,0.0000,0.0000]
	先生:[0.0000,0.0000,0.0001,0.0000]
	全国:[0.0001,0.0000,0.0000,0.0007]
	考える:[0.0013,0.0013,0.0004,0.0007]
	高い:[0.0015,0.0007,0.0005,0.0101]
	ある:[0.0114,0.0105,0.0052,0.0037]
	だろう:[0.0010,0.0005,0.0000,0.0003]
	想像:[0.0002,0.0000,0.0000,0.0005]
	など:[0.0054,0.0053,0.0021,0.0019]
	ルーツ:[0.0000,0.0000,0.0000,0.0000]
	生きる:[0.0000,0.0001,0.0000,0.0000]
	って:[0.0005,0.0004,0.0000,0.0003]
	ケチ:[0.0000,0.0002,0.0007,0.0000]
	そもそも:[0.0000,0.0000,0.0005,0.0001]
	疑問:[0.0000,0.0000,0.0000,0.0000]
	する:[0.0382,0.0384,0.0461,0.0182]
	変える:[0.0002,0.0002,0.0000,0.0001]
	いる:[0.0126,0.0131,0.0081,0.0100]
	こと:[0.0098,0.0094,0.0087,0.0051]
	高知:[0.0000,0.0001,0.0000,0.0000]
	苗字:[0.0000,0.0000,0.0000,0.0000]
	知る:[0.0007,0.0006,0.0002,0.0007]
	来る:[0.0002,0.0002,0.0002,0.0000]
	以上:[0.0010,0.0009,0.0006,0.0017]
	とく:[0.0000,0.0000,0.0001,0.0000]
	なるほど:[0.0000,0.0001,0.0000,0.0000]
	申す:[0.0000,0.0000,0.0000,0.0000]
	決める:[0.0004,0.0001,0.0004,0.0001]
	まま:[0.0003,0.0002,0.0001,0.0002]
	平民:[0.0000,0.0000,0.0000,0.0000]
	得る:[0.0003,0.0002,0.0002,0.0002]
	自由だ:[0.0002,0.0000,0.0000,0.0001]
	ところ:[0.0010,0.0004,0.0004,0.0007]
	気持ち:[0.0001,0.0001,0.0005,0.0000]
	まで:[0.0020,0.0015,0.0016,0.0015]
	すみません:[0.0000,0.0001,0.0000,0.0000]
	なんて:[0.0003,0.0002,0.0000,0.0003]
	のだ:[0.0071,0.0069,0.0054,0.0039]
	から:[0.0058,0.0059,0.0058,0.0033]
	土地:[0.0002,0.0001,0.0004,0.0000]
	ます:[0.0231,0.0273,0.0228,0.0151]
	とる:[0.0004,0.0007,0.0005,0.0001]
	だに:[0.0000,0.0001,0.0003,0.0000]
	出身:[0.0000,0.0002,0.0000,0.0004]
	かも:[0.0003,0.0004,0.0000,0.0001]
	先ほど:[0.0000,0.0000,0.0023,0.0000]
	立つ:[0.0004,0.0004,0.0009,0.0004]
	られる:[0.0027,0.0025,0.0013,0.0015]
	地域:[0.0008,0.0004,0.0000,0.0007]
	長年:[0.0000,0.0000,0.0000,0.0000]
	あなた:[0.0001,0.0007,0.0001,0.0000]
	よい:[0.0014,0.0014,0.0004,0.0004]
	大半:[0.0001,0.0001,0.0000,0.0000]
False-Positive

Section:7
	Ｆｌａｇ：：００００
	１５７０年には長宗我部元親公によって再建されたのだとか。
	高知取材はジモコロライター・ヨッピーさんの記事きっかけで訪れたんですが、ヨッピーさんって長宗我部元親の子孫らしいんですよね。
	なにこの偶然感。
	やっぱり何かあるんじゃないの！
	そんな歴史の深い土佐神社（しなねさま）の宮司さんに声をかけたところ．．．
	「あら、徳谷地域について調べてるの？徳谷地域のことなら山本先生が詳しいわよ。いま電話してあげるから、ちょっと待ってね。もしもし？山本先生ですか？突然すみません。徳谷姓の人が徳谷地域の由来について知りたがっているんです。代わってもいいですか？」
	ものすごいスピードで糸口を掴みました。
	どうやら山本先生（８９歳）は、徳谷地域に縁のある方で土地の歴史的背景に精通しているようです。
	行き当たりばったりで訪ねても、玉突き事故みたいにつながっていくのがすごい。
	徳谷姓のルーツを知る人物・山本先生に話を聞いてみた
	「もしもし。突然すみません。徳谷姓と徳谷地域の由来＆関係性について調べているんですが、何かご存知でしょうか？」
	「ああ、そうなんですか。あなたの名前が徳谷なんですか。それは珍しい．．．。私の一族は代々この土地に住んでいて、祖父が村長だったんです。私自身も全国の苗字について調べていたことがあるので。知っていることであればお話しますよ」
	「ありがとうございます。そもそも、この土地が徳谷地域と呼ばれている理由は何なんでしょうか。徳谷姓の人も住んでいないようですし」
Score:0.000863677204922
EACH_TAG_SCORE:
	image:0.000251140122421
	table:0.000249946798523
	graph:0.000141266137614
	flow:0.000221324146364
PARA:
Clueword:
	呼ぶ:[0.0011,0.0008,0.0003,0.0000]
	れる:[0.0089,0.0087,0.0070,0.0045]
	です:[0.0012,0.0010,0.0005,0.0006]
	みる:[0.0012,0.0014,0.0005,0.0011]
	なら:[0.0020,0.0012,0.0003,0.0013]
	電話:[0.0001,0.0001,0.0002,0.0000]
	話す:[0.0001,0.0002,0.0006,0.0007]
	スピード:[0.0000,0.0000,0.0001,0.0000]
	つく:[0.0013,0.0016,0.0009,0.0004]
	らしい:[0.0003,0.0001,0.0000,0.0001]
	理由:[0.0005,0.0003,0.0001,0.0006]
	きっかけ:[0.0001,0.0000,0.0002,0.0000]
	珍しい:[0.0000,0.0000,0.0000,0.0000]
	子孫:[0.0000,0.0000,0.0000,0.0000]
	んだ:[0.0003,0.0006,0.0002,0.0003]
	掴む:[0.0000,0.0000,0.0001,0.0000]
	たい:[0.0013,0.0013,0.0014,0.0010]
	歴史:[0.0003,0.0000,0.0000,0.0000]
	詳しい:[0.0002,0.0001,0.0000,0.0000]
	記事:[0.0002,0.0002,0.0000,0.0002]
	みたいだ:[0.0002,0.0001,0.0000,0.0002]
	さま:[0.0002,0.0001,0.0005,0.0000]
	先生:[0.0000,0.0000,0.0001,0.0000]
	全国:[0.0001,0.0000,0.0000,0.0007]
	ある:[0.0114,0.0105,0.0052,0.0037]
	なに:[0.0000,0.0000,0.0000,0.0001]
	かける:[0.0005,0.0008,0.0007,0.0003]
	すごい:[0.0001,0.0001,0.0000,0.0000]
	知る:[0.0007,0.0006,0.0002,0.0007]
	的だ:[0.0050,0.0029,0.0019,0.0013]
	ルーツ:[0.0000,0.0000,0.0000,0.0000]
	関係:[0.0031,0.0040,0.0003,0.0010]
	ない:[0.0106,0.0085,0.0077,0.0062]
	って:[0.0005,0.0004,0.0000,0.0003]
	よる:[0.0025,0.0031,0.0031,0.0025]
	さん:[0.0004,0.0007,0.0003,0.0007]
	偶然だ:[0.0001,0.0000,0.0000,0.0000]
	そもそも:[0.0000,0.0000,0.0005,0.0001]
	待つ:[0.0003,0.0003,0.0002,0.0001]
	由来:[0.0000,0.0001,0.0000,0.0000]
	名前:[0.0004,0.0005,0.0008,0.0000]
	背景:[0.0001,0.0002,0.0000,0.0000]
	する:[0.0382,0.0384,0.0461,0.0182]
	いる:[0.0126,0.0131,0.0081,0.0100]
	こと:[0.0098,0.0094,0.0087,0.0051]
	高知:[0.0000,0.0001,0.0000,0.0000]
	ありがとう:[0.0000,0.0000,0.0000,0.0000]
	ようだ:[0.0040,0.0046,0.0063,0.0016]
	やっぱり:[0.0000,0.0000,0.0000,0.0000]
	いく:[0.0011,0.0015,0.0023,0.0005]
	調べる:[0.0001,0.0001,0.0000,0.0002]
	いい:[0.0008,0.0008,0.0002,0.0005]
	ところ:[0.0010,0.0004,0.0004,0.0007]
	苗字:[0.0000,0.0000,0.0000,0.0000]
	自身:[0.0002,0.0001,0.0000,0.0000]
	すみません:[0.0000,0.0001,0.0000,0.0000]
	神社:[0.0000,0.0001,0.0000,0.0000]
	のだ:[0.0071,0.0069,0.0054,0.0039]
	から:[0.0058,0.0059,0.0058,0.0033]
	土地:[0.0002,0.0001,0.0004,0.0000]
	いま:[0.0000,0.0000,0.0000,0.0000]
	あげる:[0.0002,0.0005,0.0005,0.0009]
	ちょっと:[0.0002,0.0001,0.0000,0.0003]
	人物:[0.0001,0.0002,0.0000,0.0000]
	ます:[0.0231,0.0273,0.0228,0.0151]
	土佐:[0.0000,0.0001,0.0001,0.0000]
	深い:[0.0003,0.0001,0.0000,0.0000]
	聞く:[0.0003,0.0001,0.0012,0.0006]
	あなた:[0.0001,0.0007,0.0001,0.0000]
	事故:[0.0001,0.0000,0.0000,0.0000]
	代々:[0.0000,0.0001,0.0000,0.0002]
	訪ねる:[0.0000,0.0002,0.0000,0.0002]
	地域:[0.0008,0.0004,0.0000,0.0007]
	つながる:[0.0001,0.0001,0.0002,0.0003]
False-Positive

Section:13
	Ｆｌａｇ：：００００
	「つ、繋がったー！その徳谷トマトの存在がなければ、高知にルーツがあるかもしれない．．．と思わなかったです」
	「そんな歴史があるからね。これまで住所上は一宮（いっく）で、通称は徳谷地域とややこしいでしょう。特に郵便物がややこしくてね。だから約１７年前に、私が正式名称として登録してもらえるよう掛けあったんですわ。徳谷地域だけ特別扱いするなと当初は反対されたんですが、ゴリ押ししましてね。それで現在の一宮徳谷になったわけです」
	「！！！！山本先生が正式名称に登録していなければ、僕はここに辿りつくことができず、徳谷姓のルーツは分からなかったわけですね。なんて偶然なんだ．．．」
	「ははは、そうかもしれませんね。私も今年で８９歳ですが、徳谷姓の方とお会いしたのは初めてですよ」
	「おお、山本先生初の徳谷になれて光栄です。父親はもちろん、全国の徳谷姓の人がこの事実を知ればすごく喜ぶと思います。ちなみに山本先生の苗字のルーツってなんなんですか？」
	「私は山勘（やまかん）の語源となったといわれている武田信玄の軍師・山本勘助の子孫でね。２００７年のＮＨＫ大河ドラマ『風林火山』の題材になってましたな」
	「最後にすごいルーツの話出てきたー！！」
	まとめ
	・徳谷地域は元々「ケチ谷」と言われていた
	・江戸時代、当時の殿様が猟で訪れて大猟だったため「ケチ谷なんてケチくさい名前は止めて、徳のある徳谷にしろ」と通称が変わった
	・明治の平民苗字必称義務令でこの土地の人たちが「徳谷」姓を名乗ったのではないか
	・その徳谷姓の人たちが時代を経て全国散り散りに移り住んだ（徳谷地域には一人も住んでいない）
	・ちなみに山本先生は、武田信玄の軍師・山本勘助の子孫だった
	・山本先生が徳谷姓のルーツを唯一知る人物！
	・正式住所として徳谷を登録したのも山本先生
	・つまりすごい巡りあわせて徳谷姓のルーツに辿り着いた！
	思いつきで調べ始めた徳谷姓のルーツを探る旅は、たったの半日で運良く辿り着くことができました。
	全国の徳谷姓の人がこの記事を読んでくれれば、数年後、数十年後でも検索して辿り着いてくれれば、山本先生への恩返しにもなるかと思います。
	届け全国約８００人の徳谷へ！
Score:0.000667510750503
EACH_TAG_SCORE:
	image:0.00019311769406
	table:0.000194143928382
	graph:0.000109862292955
	flow:0.000170386835106
PARA:
Clueword:
	だろう:[0.0010,0.0005,0.0000,0.0003]
	くれる:[0.0004,0.0006,0.0000,0.0000]
	扱う:[0.0001,0.0001,0.0001,0.0000]
	特別:[0.0000,0.0000,0.0000,0.0000]
	しれる:[0.0002,0.0003,0.0000,0.0001]
	名称:[0.0002,0.0001,0.0002,0.0000]
	のだ:[0.0071,0.0069,0.0054,0.0039]
	できる:[0.0045,0.0045,0.0023,0.0015]
	当初:[0.0002,0.0000,0.0003,0.0008]
	れる:[0.0089,0.0087,0.0070,0.0045]
	です:[0.0012,0.0010,0.0005,0.0006]
	なん:[0.0000,0.0001,0.0000,0.0000]
	あう:[0.0007,0.0005,0.0002,0.0001]
	なる:[0.0108,0.0091,0.0074,0.0069]
	たつ:[0.0000,0.0000,0.0000,0.0001]
	たち:[0.0003,0.0002,0.0000,0.0005]
	義務:[0.0000,0.0000,0.0000,0.0000]
	特に:[0.0004,0.0003,0.0002,0.0003]
	分かる:[0.0002,0.0002,0.0001,0.0002]
	言う:[0.0010,0.0013,0.0005,0.0004]
	思う:[0.0011,0.0021,0.0027,0.0005]
	元々:[0.0000,0.0000,0.0027,0.0000]
	わけだ:[0.0004,0.0003,0.0000,0.0001]
	ちなむ:[0.0000,0.0000,0.0000,0.0000]
	届ける:[0.0001,0.0000,0.0000,0.0000]
	江戸:[0.0000,0.0000,0.0001,0.0000]
	まとめる:[0.0001,0.0002,0.0001,0.0002]
	明治:[0.0000,0.0000,0.0000,0.0000]
	変わる:[0.0005,0.0003,0.0003,0.0005]
	当時:[0.0002,0.0000,0.0000,0.0000]
	登録:[0.0002,0.0001,0.0004,0.0000]
	ちなみに:[0.0005,0.0003,0.0000,0.0000]
	経る:[0.0001,0.0000,0.0001,0.0001]
	子孫:[0.0000,0.0000,0.0000,0.0000]
	読む:[0.0003,0.0005,0.0000,0.0000]
	くる:[0.0012,0.0017,0.0007,0.0011]
	時代:[0.0002,0.0001,0.0001,0.0003]
	最後だ:[0.0001,0.0004,0.0009,0.0000]
	歴史:[0.0003,0.0000,0.0000,0.0000]
	高知:[0.0000,0.0001,0.0000,0.0000]
	半日:[0.0000,0.0000,0.0013,0.0000]
	記事:[0.0002,0.0002,0.0000,0.0002]
	良い:[0.0013,0.0011,0.0010,0.0006]
	先生:[0.0000,0.0000,0.0001,0.0000]
	全国:[0.0001,0.0000,0.0000,0.0007]
	語源:[0.0000,0.0000,0.0000,0.0000]
	ある:[0.0114,0.0105,0.0052,0.0037]
	すごい:[0.0001,0.0001,0.0000,0.0000]
	唯一:[0.0005,0.0001,0.0000,0.0000]
	ため:[0.0030,0.0033,0.0027,0.0025]
	知る:[0.0007,0.0006,0.0002,0.0007]
	始める:[0.0004,0.0003,0.0001,0.0004]
	ルーツ:[0.0000,0.0000,0.0000,0.0000]
	でも:[0.0029,0.0018,0.0004,0.0017]
	ない:[0.0106,0.0085,0.0077,0.0062]
	もちろん:[0.0003,0.0001,0.0005,0.0000]
	って:[0.0005,0.0004,0.0000,0.0003]
	繋がる:[0.0001,0.0001,0.0000,0.0000]
	ケチ:[0.0000,0.0002,0.0007,0.0000]
	偶然だ:[0.0001,0.0000,0.0000,0.0000]
	もらえる:[0.0001,0.0001,0.0001,0.0000]
	存在:[0.0004,0.0006,0.0005,0.0005]
	初めて:[0.0000,0.0002,0.0000,0.0000]
	くさい:[0.0000,0.0001,0.0001,0.0000]
	する:[0.0382,0.0384,0.0461,0.0182]
	いる:[0.0126,0.0131,0.0081,0.0100]
	現在:[0.0004,0.0003,0.0014,0.0003]
	こと:[0.0098,0.0094,0.0087,0.0051]
	押す:[0.0002,0.0004,0.0002,0.0000]
	だけ:[0.0014,0.0013,0.0014,0.0007]
	検索:[0.0000,0.0000,0.0000,0.0001]
	事実:[0.0011,0.0010,0.0000,0.0000]
	調べる:[0.0001,0.0001,0.0000,0.0002]
	いう:[0.0059,0.0048,0.0034,0.0042]
	平民:[0.0000,0.0000,0.0000,0.0000]
	ドラマ:[0.0001,0.0000,0.0000,0.0000]
	苗字:[0.0000,0.0000,0.0000,0.0000]
	まで:[0.0020,0.0015,0.0016,0.0015]
	喜ぶ:[0.0001,0.0000,0.0000,0.0000]
	かも:[0.0003,0.0004,0.0000,0.0001]
	なんて:[0.0003,0.0002,0.0000,0.0003]
	んだ:[0.0003,0.0006,0.0002,0.0003]
	今年:[0.0000,0.0000,0.0000,0.0001]
	から:[0.0058,0.0059,0.0058,0.0033]
	一宮:[0.0000,0.0000,0.0000,0.0000]
	土地:[0.0002,0.0001,0.0004,0.0000]
	人物:[0.0001,0.0002,0.0000,0.0000]
	ます:[0.0231,0.0273,0.0228,0.0151]
	地域:[0.0008,0.0004,0.0000,0.0007]
	正式だ:[0.0000,0.0000,0.0000,0.0000]
	せる:[0.0005,0.0017,0.0030,0.0006]
	トマト:[0.0000,0.0002,0.0000,0.0001]
	反対:[0.0004,0.0018,0.0001,0.0000]
	よう:[0.0002,0.0001,0.0004,0.0000]
	出る:[0.0010,0.0008,0.0004,0.0006]
	殿様:[0.0000,0.0001,0.0003,0.0000]
	名前:[0.0004,0.0005,0.0008,0.0000]
	つまる:[0.0001,0.0000,0.0001,0.0000]
	数十:[0.0000,0.0000,0.0000,0.0000]
False-Positive

True-Negative:0
False-Positive:7
True-Positive:5
False-Negative:0
precision = 0.416667
recall = 1.000000
fvalue = 0.588235