Section:3
	Ｆｌａｇ：：００１０
	『心配事の９割は起こらない』なんて本が話題になりましたが、実際アメリカで行われた研究の結果、「心配したことの“８５％”は、結局“いい結果”か“良くも悪くもない中立の結果”に終わる」んだとか。
	また、実際に心配事が現実になってしまった場合でも、約８割の人が「自分が想像していたよりも上手く出来事に対処できた！」と語っているそうです。
	「不安はそもそも現実にならないし、もしそうなっても何とかなる！」と科学的に証明されているのはなんだか心強いですね。
	心が押しつぶされてしまいそうな時は、ぜひこの結果を思い出してみて。
Score:0.00215230447883
EACH_TAG_SCORE:
	image:0.000544800090761
	table:0.000673704684481
	graph:0.000447020696942
	flow:0.000486779006642
PARA:
Clueword:
	より:[0.0022,0.0013,0.0003,0.0013]
	終わる:[0.0002,0.0003,0.0004,0.0001]
	できる:[0.0045,0.0045,0.0023,0.0015]
	れる:[0.0089,0.0087,0.0070,0.0045]
	です:[0.0012,0.0010,0.0005,0.0006]
	しまう:[0.0018,0.0023,0.0025,0.0012]
	なる:[0.0108,0.0091,0.0074,0.0069]
	悪い:[0.0006,0.0002,0.0001,0.0005]
	みる:[0.0012,0.0014,0.0005,0.0011]
	自分:[0.0013,0.0009,0.0013,0.0008]
	％:[0.0004,0.0000,0.0000,0.0261]
	いる:[0.0126,0.0131,0.0081,0.0100]
	研究:[0.0000,0.0003,0.0003,0.0004]
	何とか:[0.0000,0.0000,0.0000,0.0001]
	アメリカ:[0.0000,0.0002,0.0001,0.0003]
	こと:[0.0098,0.0094,0.0087,0.0051]
	中立:[0.0000,0.0000,0.0000,0.0001]
	科学:[0.0000,0.0000,0.0000,0.0001]
	話題:[0.0000,0.0001,0.0000,0.0002]
	ぜひ:[0.0000,0.0001,0.0000,0.0003]
	結果:[0.0004,0.0004,0.0007,0.0011]
	出来事:[0.0000,0.0000,0.0000,0.0001]
	実際:[0.0001,0.0003,0.0004,0.0007]
	いい:[0.0008,0.0008,0.0002,0.0005]
	する:[0.0382,0.0384,0.0461,0.0182]
	そうだ:[0.0003,0.0008,0.0005,0.0007]
	的だ:[0.0050,0.0029,0.0019,0.0013]
	場合:[0.0357,0.0045,0.0023,0.0045]
	んだ:[0.0003,0.0006,0.0002,0.0003]
	対処:[0.0005,0.0000,0.0000,0.0004]
	行う:[0.0007,0.0006,0.0022,0.0001]
	ます:[0.0231,0.0273,0.0228,0.0151]
	なんて:[0.0003,0.0002,0.0000,0.0003]
	また:[0.0013,0.0021,0.0018,0.0011]
	不安だ:[0.0001,0.0001,0.0001,0.0008]
	押しつぶす:[0.0000,0.0000,0.0000,0.0001]
	結局:[0.0000,0.0000,0.0000,0.0001]
	証明:[0.0005,0.0005,0.0003,0.0001]
	そもそも:[0.0000,0.0000,0.0005,0.0001]
	心配事:[0.0000,0.0000,0.0000,0.0003]
	心配:[0.0000,0.0000,0.0000,0.0003]
	良い:[0.0013,0.0011,0.0010,0.0006]
	ない:[0.0106,0.0085,0.0077,0.0062]
	語る:[0.0000,0.0000,0.0000,0.0001]
	想像:[0.0002,0.0000,0.0000,0.0005]
	現実:[0.0000,0.0000,0.0000,0.0003]
	起こる:[0.0004,0.0004,0.0000,0.0005]
	もし:[0.0002,0.0000,0.0001,0.0006]
	でも:[0.0029,0.0018,0.0004,0.0017]
	上手い:[0.0000,0.0001,0.0001,0.0002]
	思い出す:[0.0000,0.0000,0.0000,0.0001]
	なんだか:[0.0000,0.0000,0.0000,0.0001]
	心強い:[0.0000,0.0000,0.0000,0.0001]
True-Positive

Section:2
	Ｆｌａｇ：：００００
	「××だったらどうしよう．．．．．．」「もしも××になったら．．．．．．」そんな考えに心が押しつぶされそうになってしまうことはありませんか？不安に心をどっぷり支配されている時には、なかなか気持ちが切り替えられないもの。
	もがけばもがくほど深みにはまってしまいます。
	そこで今回は、不安で心がいっぱいの時に思い出してほしい４つの事実をご紹介します。
	不安になるのは当たり前
	どんなに明るく前向きに見える人でも、人間なら必ず不安になることはあります。
	心配事や気がかりなことがあるときに、不安を感じるのは人としてごく自然なこと。
	心理学で有名な“白クマのことだけは考えるな！”という実験にあるように「考えてはダメ」と強く拒絶すると、よりそのことばかりを考えるようになってしまいます。
	まずは“不安に思っていること自体”を拒絶せず、「私はこれを不安に思っているんだ」とその気持ちを受け入れてしまいましょう。
	心配性の方が失敗を回避できる
	不安で心がいっぱいになってしまった時には、そんな自分に自己嫌悪に陥ってしまうのでは？でも、実際に最悪のシナリオを予想して、それに合わせた解決策を考えることで失敗を未然に防げることもあるのです。
	実際「心配性の人の方が仕事のパフォーマンスが高かった」なんて研究結果も。
	「××が起こったらどうしよう．．．．．．」と不安に思うところから、もう一歩進んで「××が起こった時のために、こんな対処法を練っておこう！」と解決策を考えてみて。
	対処法も一緒に想像することで不安を和らげることができるはず。
	他人の目線で見てみる
	例えば“出産”について不安に感じたとき。
	「本当に母親になれるだろうか．．．．．．」という漠然とした不安から始まり「子育てがうまくいかなかったら．．．．．．」「もし夫が病気で働けなくなったら．．．．．．」なんてあることないこと、どんどんと不安のスパイラルにはまってしまいますよね。
	そんな時は自分の考えにどっぷりと浸かってしまう前に、“これは友人の不安事”として捉えてみて。
	もし、あなたの友人が「子どもが産まれるんだけど、主人が病気で働けなくなったらどうしよう．．．．．．」と相談してきたら、あなたはきっと冷静に「今そんなこと考えても仕方ないじゃん！」と答えるはず。
	不安にどっぷり心を占領されてしまったら、心の中にもう一人相談役を見つけてみましょう。
	統計的には．．．．．．起こらない！
Score:0.000718396160913
EACH_TAG_SCORE:
	image:0.000206111010294
	table:0.000203458156212
	graph:0.000129092636706
	flow:0.000179734357701
PARA:
Clueword:
	だろう:[0.0010,0.0005,0.0000,0.0003]
	おく:[0.0014,0.0010,0.0010,0.0012]
	病気:[0.0004,0.0001,0.0000,0.0003]
	できる:[0.0045,0.0045,0.0023,0.0015]
	子育て:[0.0000,0.0000,0.0000,0.0000]
	ごく:[0.0000,0.0001,0.0000,0.0000]
	れる:[0.0089,0.0087,0.0070,0.0045]
	みる:[0.0012,0.0014,0.0005,0.0011]
	なら:[0.0020,0.0012,0.0003,0.0013]
	なる:[0.0108,0.0091,0.0074,0.0069]
	人間:[0.0001,0.0002,0.0001,0.0000]
	ダメだ:[0.0000,0.0000,0.0000,0.0000]
	的だ:[0.0050,0.0029,0.0019,0.0013]
	つく:[0.0013,0.0016,0.0009,0.0004]
	スパイラル:[0.0000,0.0004,0.0000,0.0000]
	出産:[0.0000,0.0000,0.0000,0.0000]
	思う:[0.0011,0.0021,0.0027,0.0005]
	陥る:[0.0000,0.0000,0.0001,0.0000]
	結果:[0.0004,0.0004,0.0007,0.0011]
	自体:[0.0004,0.0004,0.0000,0.0000]
	けど:[0.0003,0.0002,0.0000,0.0000]
	自然だ:[0.0002,0.0004,0.0003,0.0001]
	まずは:[0.0001,0.0002,0.0092,0.0002]
	心理:[0.0000,0.0001,0.0000,0.0001]
	クマ:[0.0000,0.0000,0.0000,0.0000]
	目線:[0.0001,0.0001,0.0000,0.0000]
	進む:[0.0002,0.0001,0.0002,0.0003]
	統計:[0.0004,0.0000,0.0000,0.0015]
	ばかり:[0.0000,0.0001,0.0000,0.0000]
	んだ:[0.0003,0.0006,0.0002,0.0003]
	紹介:[0.0003,0.0004,0.0000,0.0000]
	受け入れる:[0.0001,0.0000,0.0000,0.0000]
	くる:[0.0012,0.0017,0.0007,0.0011]
	不安だ:[0.0001,0.0001,0.0001,0.0008]
	もしも:[0.0000,0.0000,0.0000,0.0000]
	だけ:[0.0014,0.0013,0.0014,0.0007]
	見つける:[0.0001,0.0000,0.0001,0.0000]
	うまい:[0.0002,0.0001,0.0000,0.0000]
	心配事:[0.0000,0.0000,0.0000,0.0003]
	考える:[0.0013,0.0013,0.0004,0.0007]
	自己:[0.0002,0.0001,0.0000,0.0002]
	高い:[0.0015,0.0007,0.0005,0.0101]
	ある:[0.0114,0.0105,0.0052,0.0037]
	なかなか:[0.0000,0.0000,0.0005,0.0000]
	想像:[0.0002,0.0000,0.0000,0.0005]
	はず:[0.0001,0.0001,0.0001,0.0001]
	解決:[0.0002,0.0004,0.0000,0.0001]
	必ず:[0.0002,0.0003,0.0004,0.0002]
	ため:[0.0030,0.0033,0.0027,0.0025]
	明るい:[0.0001,0.0010,0.0000,0.0000]
	気持ち:[0.0001,0.0001,0.0005,0.0000]
	でも:[0.0029,0.0018,0.0004,0.0017]
	ない:[0.0106,0.0085,0.0077,0.0062]
	始まる:[0.0002,0.0000,0.0015,0.0001]
	今回:[0.0001,0.0001,0.0002,0.0004]
	失敗:[0.0001,0.0002,0.0004,0.0000]
	感じる:[0.0009,0.0010,0.0004,0.0003]
	実験:[0.0001,0.0000,0.0000,0.0000]
	相談:[0.0006,0.0001,0.0001,0.0003]
	より:[0.0022,0.0013,0.0003,0.0013]
	はまる:[0.0000,0.0000,0.0000,0.0000]
	最悪だ:[0.0000,0.0001,0.0000,0.0000]
	本当だ:[0.0001,0.0000,0.0000,0.0000]
	きっと:[0.0000,0.0000,0.0000,0.0000]
	捉える:[0.0001,0.0000,0.0000,0.0000]
	しまう:[0.0018,0.0023,0.0025,0.0012]
	自分:[0.0013,0.0009,0.0013,0.0008]
	子ども:[0.0000,0.0000,0.0000,0.0005]
	いっぱいだ:[0.0000,0.0001,0.0000,0.0000]
	もう:[0.0002,0.0002,0.0006,0.0002]
	いる:[0.0126,0.0131,0.0081,0.0100]
	研究:[0.0000,0.0003,0.0003,0.0004]
	こと:[0.0098,0.0094,0.0087,0.0051]
	あるく:[0.0000,0.0000,0.0000,0.0000]
	有名だ:[0.0004,0.0001,0.0000,0.0000]
	回避:[0.0000,0.0001,0.0000,0.0000]
	見る:[0.0008,0.0020,0.0005,0.0013]
	予想:[0.0000,0.0004,0.0013,0.0011]
	もの:[0.0027,0.0031,0.0016,0.0008]
	和らげる:[0.0000,0.0000,0.0000,0.0001]
	ほしい:[0.0002,0.0002,0.0000,0.0000]
	とき:[0.0006,0.0019,0.0029,0.0005]
	ようだ:[0.0040,0.0046,0.0063,0.0016]
	事実:[0.0011,0.0010,0.0000,0.0000]
	合わせる:[0.0004,0.0009,0.0001,0.0001]
	実際:[0.0001,0.0003,0.0004,0.0007]
	いう:[0.0059,0.0048,0.0034,0.0042]
	当たり前だ:[0.0000,0.0000,0.0000,0.0000]
	ところ:[0.0010,0.0004,0.0004,0.0007]
	そうだ:[0.0003,0.0008,0.0005,0.0007]
	答える:[0.0001,0.0001,0.0000,0.0001]
	一緒だ:[0.0001,0.0001,0.0000,0.0003]
	パフォーマンス:[0.0000,0.0000,0.0000,0.0001]
	ます:[0.0231,0.0273,0.0228,0.0151]
	なんて:[0.0003,0.0002,0.0000,0.0003]
	どんどん:[0.0000,0.0001,0.0000,0.0001]
	のだ:[0.0071,0.0069,0.0054,0.0039]
	から:[0.0058,0.0059,0.0058,0.0033]
	押しつぶす:[0.0000,0.0000,0.0000,0.0001]
	例えば:[0.0008,0.0053,0.0003,0.0003]
	見える:[0.0005,0.0008,0.0008,0.0001]
	対処:[0.0005,0.0000,0.0000,0.0004]
	仕事:[0.0003,0.0003,0.0005,0.0003]
	他人:[0.0000,0.0000,0.0001,0.0000]
	する:[0.0382,0.0384,0.0461,0.0182]
	心配:[0.0000,0.0000,0.0000,0.0003]
	られる:[0.0027,0.0025,0.0013,0.0015]
	強い:[0.0006,0.0005,0.0000,0.0001]
	思い出す:[0.0000,0.0000,0.0000,0.0001]
	深い:[0.0003,0.0001,0.0000,0.0000]
	冷静だ:[0.0000,0.0001,0.0000,0.0000]
	あなた:[0.0001,0.0007,0.0001,0.0000]
	ほど:[0.0009,0.0005,0.0000,0.0003]
	起こる:[0.0004,0.0004,0.0000,0.0005]
	いく:[0.0011,0.0015,0.0023,0.0005]
	もし:[0.0002,0.0000,0.0001,0.0006]
	練る:[0.0000,0.0000,0.0000,0.0001]
False-Positive

Section:1
	Ｆｌａｇ：：００００
	心配心はご法度の心１
	心配ごころは、毒素を発散しているとは多くの人の知らないことだと思います。
	「御法度の心」であることを不思議に思う人もあるのでは？と思います。
	まずに
	吉丸房江さんの「あのねだいじょうぶだいじょうぶ」の本の一部文をお読みください。
	～～～～
	何かあるごとに、すぐに心配をしてくれる人がよくいます。
	そういう人を私たちは「やさしい人」と思うことがあります。
	でも、それはまちがいです。
	心配はたいへん悪いこと、マイナスのエネルギーを出すものです。
	顔見知りの誰かに、「あなた、顔が青いよ。どこか具合が悪いんじゃない」「早くお薬飲んで休まないとたいへんだよ」といわれたら、「ああ、そうかな。そういえば、ちょっと体がだるいし、熱っぽいかもしれない」という氣になります。
	そして、そんな忠告をしてくれた相手に「心配してくれて、ありがとう」と感謝します。
	でも、これは感謝するどころの話ではありません。
	マイナスエネルギーを頭からかけられたのと一緒だからです。
	「風邪をひいたのね。でも、大丈夫よ。すぐに治るから」という言い方をしてくれるのならいいのです。
	これは、プラスのエネルギーがいっぱいこもっている心くばりです。
	ところが、「放っておくとたいへんよ」「早く医者に行きなさい」というような言い方をされると、不安になってしまいます。
	自分ではそれほどでもないと感じているのに、大変な病氣にかかっているのではないかと恐怖におそわれます。
	そんな氣持ちを抱いていると、どこも悪くないのに、本当の病氣になってしまうこともあります。
	心配はマイナスのエネルギーを持っているというのは、こういう意味です。
	心配と心くばりは違います。
	あるとき、私の家に一人のおばあさんが訪ねていらっしゃいました。
	おばあさんは、「一つだけあなたに聞きたいことがあります」
	といわれ、こんな話をしはじめました。
	私の両親はとても宗教心のある人たちで、私も両親のような生き方をつづけてきました。
	自分の子供たちにも、怒ったり、人をだましたり、むさぼったりしないようにいってきました。
	お釈迦様の説かれたことは守るように努力してきました。
	それなのに、両親も私も幸せではありません。
	私は不幸せのまま死んでいくのは嫌です。
	あなたはこれをどう説かれますか？あなたの本にも、人をうらんだり、ねたんだり、だましたりしてはいけないと書いてありました。
	でも、そうやって生きているのに私は幸せになれないのです。
	私の本には、その答えも書いてあるはずでしたが、おばあさんはその部分を読んでおられないようです。
	そこで私は聞いてみました。
	「あなたのお母さんは人をねたんだり、うらんだりしなかったのね。むさぼることもなかったのね」
	「そうです。だから私もしませんでした」
	「ああ、そうなの。よかったわね。だけどね、一つ聞きますけれど、心配はどう？あなたは心配もなさらなかったの？」
	すると、おばあさんは答えました。
	「朝から晩まで心配ばかりしています。子供が出かければ交通事故に遭わないか、雨が降れば濡れないか、寒ければ風邪をひかないかと、朝から晩まで私の頭の中は心配ばっかりです」
	「その心配がいけないのですよ。あなたの心配があなたの人生をマイナス方向に向けてしまったのですよ」
	私がそういうと、おばあさんは怪訝（けげん）な顔をなさいました。
	「いや、私がしたのは心配ですよ。うらんだり、ねたんだり、むさぼったりじゃない。心配をしただけです」
	心配の意味をうまく理解できないようなので、私はさらにいいました。
	その心配がいけないんです。
	病氣のときに『××さんも同じような症状があったのに、ほっといてガンになったらしいですよ、私もあなたのことを心配しています』といったら、その人はどうなるでしょう。
	病氣はよくなりますか。
	もしかして自分もガンの前兆かもしれないと思うでしょう。
	心配は、人をどんどんマイナスに導いてしまうのですよ。
	あなたはご両親から心配のエネルギーをいっぱいふりかけられて、あなたもまたいっぱい心配をして、それを悪いことだとは思っていないようです。
	けれども、それは人をうらんだり、ねたんだり、むさぼったりするのと同じマイナスのエネルギーなんです。
	マイナスはマイナスを呼ぶのです。
	心配すれば心配が、心配しながら心配事を集めて心配にきます」
	私がこのように説明をすると、おばあさんはようやく納得されたように、こうおっしゃいました。
	「朝から晩まで心配の一日でした。心配をするということは、自分をへりくだり、人に親切にするやさしい言葉だと私は思っていました。私の親も同じように思っていたのでしょう」
	心配は無用です。
	心配したからといって、病氣も仕事もよくなるものではありません。
	これからは、大丈夫で生きましょう。
	『大丈夫、大丈夫』といつもいっていれば、それが神様に通じて、何でも大丈夫になりますよ。
	そして、その次は『ありがとうございます、ありがとうございます』というのです」
	私がそういうと、おばあさんは
	「わかりました。本当にそうですね」
	とホッとした表情を浮かべ、うなずいてくれました。
	そのときのお顔がとても印象的でした。
	心配はやさしさの表現ではありません。
	心配をするのなら、代わりに「大丈夫！！」と腹を決めて、「ありがとうございます」と感謝をする習慣をつけるように心がけましょう。
	心配の種が心に芽生えたら、すぐに「大丈夫」とささやきかけてください。
	明るく感謝して「大丈夫」で生きていけば、すべては好転していきます。
	なぜならば、それは宇宙のリズムに沿った生き方だからです。
	単純明快は神の心、複雑怪奇は悪魔のささやきなのです。
Score:0.000332644869049
EACH_TAG_SCORE:
	image:9.40500503274e-05
	table:9.43963665549e-05
	graph:5.66699680157e-05
	flow:8.75284841514e-05
PARA:
Clueword:
	呼ぶ:[0.0011,0.0008,0.0003,0.0000]
	あう:[0.0007,0.0005,0.0002,0.0001]
	やる:[0.0004,0.0003,0.0011,0.0001]
	出かける:[0.0000,0.0000,0.0000,0.0000]
	守る:[0.0001,0.0000,0.0000,0.0002]
	しれる:[0.0002,0.0003,0.0000,0.0001]
	意味:[0.0005,0.0005,0.0001,0.0001]
	できる:[0.0045,0.0045,0.0023,0.0015]
	嫌だ:[0.0000,0.0000,0.0005,0.0002]
	はずだ:[0.0003,0.0003,0.0000,0.0001]
	です:[0.0012,0.0010,0.0005,0.0006]
	れる:[0.0089,0.0087,0.0070,0.0045]
	さん:[0.0004,0.0007,0.0003,0.0007]
	人生:[0.0000,0.0000,0.0000,0.0000]
	みる:[0.0012,0.0014,0.0005,0.0011]
	なら:[0.0020,0.0012,0.0003,0.0013]
	かかる:[0.0011,0.0002,0.0002,0.0002]
	なる:[0.0108,0.0091,0.0074,0.0069]
	遭う:[0.0000,0.0000,0.0000,0.0009]
	方向:[0.0000,0.0003,0.0001,0.0000]
	たち:[0.0003,0.0002,0.0000,0.0005]
	はじめる:[0.0002,0.0003,0.0000,0.0000]
	的だ:[0.0050,0.0029,0.0019,0.0013]
	読む:[0.0003,0.0005,0.0000,0.0000]
	さらに:[0.0005,0.0007,0.0031,0.0008]
	言葉:[0.0003,0.0001,0.0000,0.0000]
	思う:[0.0011,0.0021,0.0027,0.0005]
	大変だ:[0.0001,0.0000,0.0000,0.0000]
	宗教:[0.0000,0.0000,0.0000,0.0000]
	いらっしゃる:[0.0000,0.0001,0.0000,0.0001]
	大丈夫だ:[0.0000,0.0001,0.0000,0.0000]
	どころ:[0.0000,0.0001,0.0000,0.0000]
	子供:[0.0001,0.0001,0.0000,0.0000]
	いつも:[0.0000,0.0002,0.0005,0.0000]
	っぽい:[0.0002,0.0002,0.0000,0.0000]
	多く:[0.0005,0.0006,0.0001,0.0054]
	ばかり:[0.0000,0.0001,0.0000,0.0000]
	表現:[0.0008,0.0010,0.0000,0.0000]
	へりくだる:[0.0000,0.0000,0.0000,0.0000]
	相手:[0.0001,0.0006,0.0003,0.0008]
	たい:[0.0013,0.0013,0.0014,0.0010]
	くる:[0.0012,0.0017,0.0007,0.0011]
	書く:[0.0018,0.0008,0.0006,0.0001]
	不安だ:[0.0001,0.0001,0.0001,0.0008]
	くれる:[0.0004,0.0006,0.0000,0.0000]
	放っておく:[0.0000,0.0001,0.0000,0.0000]
	らしい:[0.0003,0.0001,0.0000,0.0001]
	寒い:[0.0000,0.0001,0.0000,0.0000]
	だけ:[0.0014,0.0013,0.0014,0.0007]
	不思議だ:[0.0000,0.0000,0.0001,0.0001]
	うまい:[0.0002,0.0001,0.0000,0.0000]
	心配事:[0.0000,0.0000,0.0000,0.0003]
	症状:[0.0045,0.0018,0.0003,0.0008]
	ある:[0.0114,0.0105,0.0052,0.0037]
	つづける:[0.0000,0.0001,0.0000,0.0000]
	飲む:[0.0002,0.0003,0.0006,0.0001]
	ようだ:[0.0040,0.0046,0.0063,0.0016]
	かける:[0.0005,0.0008,0.0007,0.0003]
	一部:[0.0008,0.0002,0.0000,0.0011]
	何でも:[0.0001,0.0000,0.0000,0.0000]
	エネルギー:[0.0001,0.0001,0.0000,0.0001]
	交通:[0.0001,0.0000,0.0000,0.0003]
	でも:[0.0029,0.0018,0.0004,0.0017]
	いけない:[0.0004,0.0002,0.0001,0.0001]
	ない:[0.0106,0.0085,0.0077,0.0062]
	わかる:[0.0006,0.0009,0.0004,0.0002]
	違う:[0.0011,0.0009,0.0003,0.0008]
	向ける:[0.0000,0.0003,0.0017,0.0003]
	感じる:[0.0009,0.0010,0.0004,0.0003]
	説明:[0.0005,0.0003,0.0001,0.0001]
	なさる:[0.0000,0.0000,0.0000,0.0000]
	おる:[0.0001,0.0006,0.0000,0.0003]
	たいへん:[0.0000,0.0001,0.0000,0.0000]
	それほど:[0.0001,0.0000,0.0000,0.0000]
	降る:[0.0003,0.0002,0.0000,0.0000]
	とても:[0.0002,0.0002,0.0000,0.0001]
	通ずる:[0.0001,0.0001,0.0000,0.0000]
	決める:[0.0004,0.0001,0.0004,0.0001]
	部分:[0.0021,0.0038,0.0011,0.0001]
	本当だ:[0.0001,0.0000,0.0000,0.0000]
	集める:[0.0001,0.0001,0.0000,0.0000]
	印象:[0.0010,0.0008,0.0001,0.0001]
	しまう:[0.0018,0.0023,0.0025,0.0012]
	出す:[0.0007,0.0008,0.0006,0.0003]
	悪い:[0.0006,0.0002,0.0001,0.0005]
	自分:[0.0013,0.0009,0.0013,0.0008]
	死ぬ:[0.0000,0.0000,0.0005,0.0000]
	早い:[0.0000,0.0001,0.0001,0.0003]
	プラス:[0.0011,0.0004,0.0002,0.0009]
	怒る:[0.0000,0.0000,0.0000,0.0000]
	神様:[0.0000,0.0000,0.0000,0.0000]
	する:[0.0382,0.0384,0.0461,0.0182]
	いる:[0.0126,0.0131,0.0081,0.0100]
	仕事:[0.0003,0.0003,0.0005,0.0003]
	宇宙:[0.0000,0.0000,0.0000,0.0001]
	風邪:[0.0002,0.0001,0.0000,0.0000]
	こと:[0.0098,0.0094,0.0087,0.0051]
	明るい:[0.0001,0.0010,0.0000,0.0000]
	まま:[0.0003,0.0002,0.0001,0.0002]
	沿う:[0.0001,0.0000,0.0001,0.0001]
	くださる:[0.0005,0.0014,0.0021,0.0009]
	きる:[0.0006,0.0002,0.0001,0.0001]
	知る:[0.0007,0.0006,0.0002,0.0007]
	もの:[0.0027,0.0031,0.0016,0.0008]
	休む:[0.0000,0.0000,0.0000,0.0003]
	ありがとう:[0.0000,0.0000,0.0000,0.0000]
	とき:[0.0006,0.0019,0.0029,0.0005]
	つける:[0.0004,0.0008,0.0020,0.0000]
	いく:[0.0011,0.0015,0.0023,0.0005]
	感謝:[0.0000,0.0001,0.0002,0.0000]
	だるい:[0.0002,0.0002,0.0000,0.0004]
	いう:[0.0059,0.0048,0.0034,0.0042]
	いい:[0.0008,0.0008,0.0002,0.0005]
	発散:[0.0000,0.0000,0.0000,0.0000]
	答える:[0.0001,0.0001,0.0000,0.0001]
	一緒だ:[0.0001,0.0001,0.0000,0.0003]
	ごと:[0.0002,0.0004,0.0001,0.0000]
	すぐ:[0.0003,0.0004,0.0005,0.0002]
	言う:[0.0010,0.0013,0.0005,0.0004]
	まで:[0.0020,0.0015,0.0016,0.0015]
	ます:[0.0231,0.0273,0.0228,0.0151]
	まず:[0.0007,0.0007,0.0190,0.0001]
	んだ:[0.0003,0.0006,0.0002,0.0003]
	どんどん:[0.0000,0.0001,0.0000,0.0001]
	持つ:[0.0008,0.0008,0.0014,0.0001]
	事故:[0.0001,0.0000,0.0000,0.0000]
	また:[0.0013,0.0021,0.0018,0.0011]
	のだ:[0.0071,0.0069,0.0054,0.0039]
	行く:[0.0006,0.0004,0.0002,0.0002]
	すると:[0.0000,0.0001,0.0001,0.0000]
	頭から:[0.0000,0.0001,0.0000,0.0000]
	具合:[0.0000,0.0001,0.0001,0.0000]
	同じだ:[0.0013,0.0010,0.0005,0.0009]
	すべて:[0.0004,0.0009,0.0002,0.0006]
	マイナスだ:[0.0001,0.0002,0.0000,0.0000]
	ちょっと:[0.0002,0.0001,0.0000,0.0003]
	だけど:[0.0000,0.0001,0.0000,0.0000]
	心配:[0.0000,0.0000,0.0000,0.0003]
	かも:[0.0003,0.0004,0.0000,0.0001]
	単純だ:[0.0001,0.0001,0.0000,0.0001]
	られる:[0.0027,0.0025,0.0013,0.0015]
	生きる:[0.0000,0.0001,0.0000,0.0000]
	聞く:[0.0003,0.0001,0.0012,0.0006]
	あなた:[0.0001,0.0007,0.0001,0.0000]
	ながら:[0.0001,0.0005,0.0011,0.0005]
	よい:[0.0014,0.0014,0.0004,0.0004]
	そして:[0.0004,0.0004,0.0025,0.0001]
	努力:[0.0001,0.0000,0.0000,0.0000]
	理解:[0.0003,0.0005,0.0000,0.0001]
	ところが:[0.0000,0.0000,0.0000,0.0002]
	マイナス:[0.0007,0.0002,0.0004,0.0053]
	訪ねる:[0.0000,0.0002,0.0000,0.0002]
	もし:[0.0002,0.0000,0.0001,0.0006]
	習慣:[0.0000,0.0001,0.0000,0.0002]
	ガン:[0.0000,0.0001,0.0001,0.0000]
	治る:[0.0000,0.0001,0.0000,0.0000]
	表情:[0.0000,0.0008,0.0000,0.0000]
	から:[0.0058,0.0059,0.0058,0.0033]
	だろう:[0.0010,0.0005,0.0000,0.0003]
True-Negative

True-Negative:1
False-Positive:1
True-Positive:1
False-Negative:0
precision = 0.500000
recall = 1.000000
fvalue = 0.666667