Section:1
	Ｆｌａｇ：：００００
	菊（もってのほか）｜バランスアルファの原材料
	菊の【歴史・由来】
	キク科キク属。
	中国において、菊は古代より長寿の花として菊茶菊花酒漢方薬として飲まれていましたが・・・
	食用菊は、苦みが少なく花弁を大きく改良された品種のこと。
	日本で食用菊として栽培されている延命楽は奈良時代に中国から伝来し、江戸時代から一般的に食べられるようになったと言われています。
	延命楽は山形県では、「もってのほか」「もって菊」と呼ばれていますが、名前の由来は・・・
	「食べて見ると、もってのほか美味しい」など様々ですが、
	まさに思いの外美味しいのがこの品種。
	味の良さで『食用菊の横綱』と評価されています。
	もってのほかは一般的な食用菊とは違い、花びらは筒状になっていて調理の際に型崩れしにくいという特徴があり、苦みが少なく、繊維質が豊富で、カロテン、カリウム、カルシウム、リンを多く含んでいます。
	菊の【効果・効能】
	中国の薬草の古典「神農本草経」には、長い間菊花を服用しているといつまでも若さを保てるという内容が記されています。
	民間療法では・・・
	目の痛みや視力改善、高血圧症状の改善に有効とされていて、特にお湯で花を浸したものをまぶたの上に乗せることで、疲れ目の回復に用いられています。
	漢方の世界では・・・
	風邪をはじめ、悪寒や発熱といった症状に対して煎じ汁が飲用されています。
Score:0.000252522359137
EACH_TAG_SCORE:
	image:7.03016109498e-05
	table:9.55296576288e-05
	graph:5.24772323667e-05
	flow:3.42138581916e-05
PARA:
Clueword:
	呼ぶ:[0.0015,0.0010,0.0005,0.0000]
	古典:[0.0002,0.0001,0.0000,0.0000]
	美味しい:[0.0001,0.0001,0.0000,0.0000]
	多い:[0.0042,0.0032,0.0009,0.0037]
	評価:[0.0000,0.0000,0.0002,0.0001]
	風邪:[0.0003,0.0001,0.0000,0.0000]
	発熱:[0.0002,0.0000,0.0000,0.0002]
	特徴:[0.0136,0.0027,0.0000,0.0002]
	一般:[0.0012,0.0008,0.0010,0.0000]
	品種:[0.0000,0.0001,0.0000,0.0000]
	由来:[0.0001,0.0001,0.0000,0.0000]
	用いる:[0.0004,0.0003,0.0000,0.0000]
	日本:[0.0013,0.0009,0.0012,0.0021]
	含む:[0.0006,0.0012,0.0006,0.0008]
	言う:[0.0015,0.0018,0.0007,0.0004]
	疲れる:[0.0001,0.0002,0.0000,0.0000]
	少ない:[0.0009,0.0017,0.0000,0.0017]
	古代:[0.0001,0.0000,0.0000,0.0000]
	世界:[0.0010,0.0007,0.0010,0.0010]
	乗せる:[0.0001,0.0000,0.0000,0.0000]
	バランス:[0.0004,0.0028,0.0004,0.0065]
	長寿:[0.0000,0.0001,0.0000,0.0000]
	漢方:[0.0000,0.0001,0.0000,0.0000]
	民間:[0.0001,0.0000,0.0000,0.0001]
	食べる:[0.0006,0.0008,0.0005,0.0001]
	江戸:[0.0000,0.0000,0.0002,0.0000]
	見る:[0.0011,0.0028,0.0008,0.0016]
	菊花:[0.0000,0.0001,0.0000,0.0000]
	山形:[0.0000,0.0001,0.0000,0.0000]
	効果:[0.0021,0.0015,0.0000,0.0006]
	飲用:[0.0001,0.0000,0.0000,0.0000]
	花びら:[0.0000,0.0001,0.0000,0.0000]
	様々だ:[0.0004,0.0002,0.0000,0.0000]
	栽培:[0.0001,0.0002,0.0000,0.0000]
	特に:[0.0005,0.0004,0.0003,0.0003]
	崩れる:[0.0002,0.0001,0.0004,0.0002]
	療法:[0.0002,0.0001,0.0000,0.0000]
	時代:[0.0003,0.0002,0.0002,0.0004]
	名前:[0.0005,0.0007,0.0013,0.0000]
	歴史:[0.0003,0.0000,0.0000,0.0000]
	大きい:[0.0015,0.0025,0.0022,0.0035]
	回復:[0.0004,0.0002,0.0005,0.0005]
	原材料:[0.0000,0.0001,0.0000,0.0000]
	リン:[0.0001,0.0000,0.0000,0.0000]
	記す:[0.0001,0.0000,0.0000,0.0000]
	良い:[0.0018,0.0015,0.0014,0.0008]
	有効だ:[0.0004,0.0001,0.0002,0.0000]
	症状:[0.0062,0.0025,0.0003,0.0009]
	飲む:[0.0003,0.0004,0.0008,0.0001]
	豊富だ:[0.0001,0.0001,0.0000,0.0002]
	調理:[0.0004,0.0003,0.0000,0.0000]
	痛む:[0.0006,0.0009,0.0003,0.0002]
	対する:[0.0012,0.0007,0.0005,0.0000]
	長い:[0.0007,0.0019,0.0004,0.0026]
	血圧:[0.0001,0.0001,0.0000,0.0000]
	改善:[0.0004,0.0002,0.0001,0.0000]
	的だ:[0.0068,0.0040,0.0029,0.0016]
	繊維:[0.0008,0.0006,0.0000,0.0006]
	内容:[0.0018,0.0010,0.0009,0.0002]
	食用:[0.0001,0.0001,0.0000,0.0002]
	違う:[0.0015,0.0012,0.0004,0.0010]
True-Negative

Section:2
	Ｆｌａｇ：：１０００
	これは、菊の花に鎮痛作用や解毒作用、解熱作用があると考えられているためで、動脈硬化の漢方薬に配合されることもあります。
	日本大学薬学部・理学部の研究では・・・
	食用菊に含まれているクロロゲン酸とイソクロロゲン酸は、動脈硬化などの生活習慣病を引き起こす元凶となる悪玉コレステロールの低下、中性脂肪を低下させる効果があると発表されています。
	「もってのほか」には、クロロゲン酸とイソクロロゲン酸が特に多く含まれているそうです。
	また、山形県衛生研究所では、「もってのほか」の花びらに含まれるヘリアントリオールＣとファラジオールが発ガン予防に優れた効果を示していると実証されています。
	自律神経を安定させる働きも。
	これは、菊花の香りの成分（テルペン）は、リラックス効果が高くイライラを取り除いてくれるためだと言われています。
	最近の研究では菊の花の匂い成分が脳神経の機能を回復し、脳の老化を予防するという研究報告もあります。
Score:0.000249597286795
EACH_TAG_SCORE:
	image:5.97701880043e-05
	table:5.46063507088e-05
	graph:9.72993205532e-05
	flow:3.7921427529e-05
PARA:
Clueword:
	香る:[0.0001,0.0004,0.0000,0.0000]
	配合:[0.0000,0.0001,0.0000,0.0000]
	自律:[0.0001,0.0001,0.0000,0.0002]
	実証:[0.0000,0.0001,0.0000,0.0000]
	テルペン:[0.0000,0.0001,0.0000,0.0000]
	機能:[0.0009,0.0005,0.0000,0.0000]
	脂肪:[0.0006,0.0011,0.0000,0.0000]
	成分:[0.0007,0.0016,0.0000,0.0048]
	動脈:[0.0000,0.0002,0.0000,0.0000]
	理学部:[0.0000,0.0001,0.0000,0.0000]
	解毒:[0.0000,0.0001,0.0000,0.0000]
	作用:[0.0003,0.0002,0.0002,0.0001]
	日本:[0.0013,0.0009,0.0012,0.0021]
	特に:[0.0005,0.0004,0.0003,0.0003]
	含む:[0.0006,0.0012,0.0006,0.0008]
	研究:[0.0001,0.0005,0.0003,0.0005]
	引き起こす:[0.0000,0.0002,0.0003,0.0000]
	安定:[0.0001,0.0004,0.0000,0.0000]
	硬化:[0.0000,0.0004,0.0008,0.0000]
	鎮痛:[0.0001,0.0001,0.0000,0.0000]
	解熱:[0.0002,0.0001,0.0000,0.0000]
	漢方:[0.0000,0.0001,0.0000,0.0000]
	優れる:[0.0004,0.0001,0.0000,0.0000]
	薬学:[0.0000,0.0001,0.0000,0.0000]
	中性:[0.0001,0.0001,0.0000,0.0000]
	低下:[0.0002,0.0007,0.0048,0.0088]
	ファラジ:[0.0000,0.0001,0.0000,0.0000]
	花びら:[0.0000,0.0001,0.0000,0.0000]
	イライラ:[0.0000,0.0001,0.0000,0.0002]
	菊花:[0.0000,0.0001,0.0000,0.0000]
	言う:[0.0015,0.0018,0.0007,0.0004]
	山形:[0.0000,0.0001,0.0000,0.0000]
	効果:[0.0021,0.0015,0.0000,0.0006]
	取り除く:[0.0001,0.0001,0.0000,0.0000]
	働く:[0.0005,0.0005,0.0008,0.0002]
	発表:[0.0001,0.0002,0.0000,0.0003]
	多い:[0.0042,0.0032,0.0009,0.0037]
	イソクロロゲン:[0.0000,0.0001,0.0000,0.0000]
	オール:[0.0001,0.0002,0.0000,0.0000]
	リラックス:[0.0001,0.0001,0.0000,0.0001]
	習慣:[0.0001,0.0001,0.0000,0.0002]
	示す:[0.0004,0.0012,0.0007,0.0001]
	クロロゲン酸:[0.0000,0.0001,0.0000,0.0000]
	報告:[0.0015,0.0004,0.0000,0.0001]
	生活:[0.0005,0.0006,0.0000,0.0002]
	予防:[0.0004,0.0002,0.0000,0.0004]
	回復:[0.0004,0.0002,0.0005,0.0005]
	発ガン:[0.0000,0.0001,0.0000,0.0000]
	匂う:[0.0000,0.0002,0.0000,0.0000]
	コレステロール:[0.0001,0.0001,0.0000,0.0000]
	衛生:[0.0000,0.0001,0.0000,0.0000]
	考える:[0.0018,0.0017,0.0005,0.0009]
	高い:[0.0020,0.0010,0.0007,0.0121]
	大学:[0.0006,0.0008,0.0000,0.0008]
	最近:[0.0005,0.0003,0.0027,0.0022]
	神経:[0.0001,0.0002,0.0000,0.0002]
	ヘリアントリオール:[0.0000,0.0001,0.0000,0.0000]
	老化:[0.0000,0.0001,0.0000,0.0000]
	悪玉:[0.0000,0.0001,0.0000,0.0000]
	食用:[0.0001,0.0001,0.0000,0.0002]
	元凶:[0.0000,0.0001,0.0000,0.0000]
False-Negative

Section:3
	Ｆｌａｇ：：１０００
	菊（もってのほか）の栽培農家を訪ねて
	山形県真室川の遠田さんの菊畑にお邪魔しました。
	遠田さんの畑は、真室川でも山側に位置し、時々クマも遊びに来るそうです。
	ハウスの中は、紫色の食用菊「もってのほか」がこれでもかと咲き誇り、あとは、摘み取りを待つばかり。
	天にむかって、花びらを突き上げる姿に、強い強い野生を感じました。
Score:0.000120105211299
EACH_TAG_SCORE:
	image:7.90723174727e-05
	table:2.34283615939e-05
	graph:6.79173831865e-06
	flow:1.08127939142e-05
PARA:
Clueword:
	感じる:[0.0012,0.0014,0.0005,0.0004]
	栽培:[0.0001,0.0002,0.0000,0.0000]
	クマ:[0.0000,0.0001,0.0000,0.0000]
	遠田:[0.0000,0.0001,0.0000,0.0000]
	摘み取る:[0.0000,0.0001,0.0000,0.0000]
	突き上げる:[0.0001,0.0001,0.0000,0.0000]
	農家:[0.0000,0.0001,0.0000,0.0000]
	強い:[0.0008,0.0006,0.0000,0.0001]
	待つ:[0.0004,0.0004,0.0003,0.0001]
	遊ぶ:[0.0001,0.0001,0.0000,0.0000]
	紫色:[0.0000,0.0006,0.0000,0.0000]
	真室川:[0.0000,0.0001,0.0000,0.0000]
	時々:[0.0000,0.0001,0.0000,0.0000]
	位置:[0.0008,0.0085,0.0007,0.0001]
	咲き誇る:[0.0000,0.0001,0.0000,0.0000]
	ハウス:[0.0000,0.0001,0.0000,0.0000]
	野生:[0.0001,0.0001,0.0000,0.0000]
	来る:[0.0003,0.0003,0.0003,0.0000]
	訪ねる:[0.0000,0.0003,0.0000,0.0003]
	山形:[0.0000,0.0001,0.0000,0.0000]
	食用:[0.0001,0.0001,0.0000,0.0002]
	花びら:[0.0000,0.0001,0.0000,0.0000]
False-Negative

Section:4
	Ｆｌａｇ：：００００
	遠田さんに伺うと・・・
	“観賞用の菊を栽培していたときは、もっとずっと穏やかな花で、すぐアブラ虫がついて、その対策に大わらわだったけれど、高橋剛さんのご指導を受け、土にボカシ肥を混ぜて、食用菊「もってのほか」を育てるようになったら、無農薬でも虫も全くつかず、菊が荒々しく咲き誇るようになった”そうです。
	遠田さんの丹精こめた「もってのほか」は、すべて「バランスアルファ」の材料として、完全無農薬・無化学肥料で栽培されており、外側の緑色のガクもいっしょに摘み取られて、そのまま玄米等といっしょに醗酵させます。
Score:9.63437871777e-05
EACH_TAG_SCORE:
	image:3.43935599254e-05
	table:1.08684317893e-05
	graph:3.14933408038e-05
	flow:1.95884546592e-05
PARA:
Clueword:
	完全だ:[0.0000,0.0001,0.0000,0.0001]
	遠田:[0.0000,0.0001,0.0000,0.0000]
	対策:[0.0007,0.0006,0.0018,0.0004]
	摘み取る:[0.0000,0.0001,0.0000,0.0000]
	混ぜる:[0.0001,0.0002,0.0003,0.0002]
	農薬:[0.0000,0.0000,0.0002,0.0000]
	受ける:[0.0006,0.0002,0.0003,0.0003]
	緑色:[0.0000,0.0006,0.0000,0.0000]
	栽培:[0.0001,0.0002,0.0000,0.0000]
	指導:[0.0000,0.0002,0.0000,0.0003]
	肥料:[0.0000,0.0003,0.0000,0.0002]
	材料:[0.0000,0.0001,0.0000,0.0000]
	全く:[0.0001,0.0002,0.0000,0.0000]
	咲き誇る:[0.0000,0.0001,0.0000,0.0000]
	化学:[0.0004,0.0001,0.0005,0.0000]
	外側:[0.0004,0.0030,0.0017,0.0000]
	食用:[0.0001,0.0001,0.0000,0.0002]
	玄米:[0.0000,0.0001,0.0000,0.0002]
	バランス:[0.0004,0.0028,0.0004,0.0065]
True-Negative

True-Negative:2
False-Positive:0
True-Positive:0
False-Negative:2
precision = 0.000000
recall = 0.000000
fvalue = 0.000000