Section:1
	Ｆｌａｇ：：００００
	ＴＶ番組『ダウンタウンのガキの使いやあらへんで！！』内の企画で人気の高い「笑ってはいけない」シリーズ。
	何があっても絶対に「笑ってはいけない」というルールで、出演者は収録に挑みます。
	もし、笑ってしまった場合はその場で罰を受けます。
	「笑ってはいけない」という緊張感がまた、笑いを誘発するのです。
	そんな同企画の仕込みかと思うような広告が、年始早々にＳＮＳを中心に話題となりました。
	その広告とは、小林製薬の鼻うがい製品「ハナノア」。
	鼻うがいとは、鼻の穴からダイレクトに洗浄液を注入するうがいの方法で、これが花粉症などにも効果がみられるのです。
	専用の洗浄液を鼻に入れて流すことで、鼻の奥に入った花粉、ハウスダスト、雑菌などをまるごと洗い流す同製品。
	花粉の時期に「鼻をとってまるごと洗いたい」と思う方には、もってこいの花粉対策といえるでしょう。
Score:0.000442836510068
EACH_TAG_SCORE:
	image:7.40853373978e-05
	table:0.000181462604542
	graph:9.03986597192e-05
	flow:9.6889908409e-05
PARA:
Clueword:
	製薬:[0.0000,0.0002,0.0000,0.0000]
	絶対:[0.0001,0.0002,0.0006,0.0000]
	時期:[0.0001,0.0003,0.0000,0.0105]
	対策:[0.0007,0.0006,0.0018,0.0004]
	受ける:[0.0006,0.0002,0.0003,0.0003]
	方法:[0.0052,0.0026,0.0194,0.0002]
	シリーズ:[0.0001,0.0001,0.0000,0.0001]
	花粉:[0.0006,0.0005,0.0020,0.0000]
	ハウス:[0.0000,0.0001,0.0000,0.0000]
	話題:[0.0000,0.0002,0.0000,0.0003]
	入れる:[0.0006,0.0005,0.0003,0.0000]
	入る:[0.0006,0.0014,0.0012,0.0003]
	製品:[0.0001,0.0005,0.0004,0.0000]
	効果:[0.0021,0.0015,0.0000,0.0006]
	ダイレクトだ:[0.0001,0.0001,0.0000,0.0000]
	広告:[0.0001,0.0005,0.0000,0.0001]
	中心:[0.0004,0.0025,0.0001,0.0024]
	場合:[0.0488,0.0062,0.0034,0.0053]
	タウン:[0.0001,0.0000,0.0000,0.0001]
	専用:[0.0000,0.0002,0.0000,0.0000]
	笑う:[0.0000,0.0001,0.0000,0.0000]
	人気:[0.0007,0.0005,0.0001,0.0002]
	洗う:[0.0001,0.0000,0.0000,0.0000]
	ダウン:[0.0001,0.0001,0.0000,0.0000]
	洗浄:[0.0000,0.0004,0.0000,0.0000]
	高い:[0.0020,0.0010,0.0007,0.0121]
	ハナノア:[0.0000,0.0002,0.0000,0.0000]
	流す:[0.0001,0.0005,0.0006,0.0000]
	収録:[0.0001,0.0000,0.0000,0.0000]
	ルール:[0.0002,0.0000,0.0000,0.0002]
	緊張:[0.0002,0.0001,0.0000,0.0000]
	思う:[0.0015,0.0029,0.0045,0.0006]
	小林:[0.0000,0.0002,0.0000,0.0000]
	使う:[0.0040,0.0035,0.0014,0.0008]
True-Negative

Section:2
	Ｆｌａｇ：：１０００
	鼻の洗浄方法と簡単に言いましたが、見た目のインパクトが非常に強いのが特徴。
	何より、広告ビジュアルが強烈でした。
	あるユーザーが電車内でハナノアの広告を目の当たりにし、その衝撃を画像とともに伝えたツイートは、１万以上もリツイートされることに。
	この広告、確かに見過ごすことのできないインパクトです。
	電車のなかなど「笑ってはいけない」状況で見てしまうと、堪えきれずにＳＮＳに投稿したくなってしまう気持ちもわかります。
	■鼻に水が入ったときに感じる痛みをクリア
	この、片方の鼻の穴から液体を入れて、反対の鼻の穴から出す製品は、「ハナノアシャワータイプ」。
	洗浄器具を押す圧力で、洗浄液をシャワー状に鼻に流し込みます。
	ここで気になるのが、プールなどで鼻に水が入ったときに経験するツーンとした痛みです。
	花粉もツラいが、あの痛みもツラい。
	そこで痛みを回避するために、同製品では人間の鼻がツーンとならないような、体液に近い成分で構成されているのです。
	なるほど、それなら安心。
	さらに体液にはミントの香りも付いています。
	鼻が痛くなるどころか、むしろスッキリ爽やかな気分になるという寸法です。
	さて、そんな鼻うがい製品「ハナノア」ですが、この広告を作る際にどのような狙いがあったのでしょうか。
	まだまだ一般的に馴染みのない鼻うがい。
	「それを周知し、簡単に痛みなく洗浄できることを知ってほしかった」と小林製薬の広報担当者がこたえてくれました。
	“鼻うがい”という行為はまだ一般に馴染みがなく、方法としても難しいイメージがあります。
	どなたでも簡便に使える『ハナノアシャワー』の特徴をわかりやすく伝えたいという意図で制作しました。
	（小林製薬・広報）
	まだ馴染みがあまりなく、使うのが難しそうな鼻うがいのメリットをわかりやすく伝えるため、このようなビジュアルを採用したそう。
	インパクトある広告は、確信犯だったということですね。
	その効果は、先述したＳＮＳの反応をみても大きかったと言えるでしょう。
Score:0.000236640676162
EACH_TAG_SCORE:
	image:7.77753912158e-05
	table:7.34158001568e-05
	graph:3.30836696422e-05
	flow:5.23658151473e-05
PARA:
Clueword:
	ツイート:[0.0000,0.0001,0.0000,0.0000]
	香る:[0.0001,0.0004,0.0000,0.0000]
	プール:[0.0000,0.0001,0.0000,0.0000]
	非常だ:[0.0008,0.0008,0.0000,0.0003]
	狙う:[0.0001,0.0001,0.0000,0.0000]
	片方:[0.0001,0.0012,0.0000,0.0000]
	製薬:[0.0000,0.0002,0.0000,0.0000]
	堪える:[0.0000,0.0001,0.0000,0.0000]
	圧力:[0.0001,0.0001,0.0000,0.0001]
	一般:[0.0012,0.0008,0.0010,0.0000]
	成分:[0.0007,0.0016,0.0000,0.0048]
	方法:[0.0052,0.0026,0.0194,0.0002]
	大きい:[0.0015,0.0025,0.0022,0.0035]
	人間:[0.0001,0.0002,0.0001,0.0000]
	効果:[0.0021,0.0015,0.0000,0.0006]
	投稿:[0.0001,0.0001,0.0000,0.0000]
	言う:[0.0015,0.0018,0.0007,0.0004]
	状況:[0.0024,0.0004,0.0003,0.0005]
	笑う:[0.0000,0.0001,0.0000,0.0000]
	言える:[0.0002,0.0003,0.0000,0.0004]
	スッキリ:[0.0000,0.0001,0.0000,0.0000]
	簡単だ:[0.0006,0.0004,0.0009,0.0002]
	痛む:[0.0006,0.0009,0.0003,0.0002]
	見過ごす:[0.0000,0.0001,0.0000,0.0000]
	見た目:[0.0002,0.0057,0.0001,0.0002]
	担当:[0.0003,0.0002,0.0000,0.0004]
	回避:[0.0000,0.0001,0.0000,0.0000]
	制作:[0.0000,0.0002,0.0000,0.0000]
	広告:[0.0001,0.0005,0.0000,0.0001]
	確かだ:[0.0001,0.0002,0.0000,0.0001]
	痛い:[0.0002,0.0003,0.0000,0.0000]
	意図:[0.0000,0.0001,0.0000,0.0000]
	構成:[0.0012,0.0026,0.0004,0.0077]
	込む:[0.0008,0.0014,0.0009,0.0005]
	簡便だ:[0.0000,0.0001,0.0000,0.0000]
	採用:[0.0001,0.0003,0.0000,0.0002]
	ミント:[0.0001,0.0005,0.0000,0.0000]
	反応:[0.0001,0.0004,0.0015,0.0000]
	付く:[0.0009,0.0007,0.0000,0.0000]
	流す:[0.0001,0.0005,0.0006,0.0000]
	周知:[0.0000,0.0001,0.0000,0.0000]
	ユーザー:[0.0000,0.0003,0.0000,0.0002]
	的だ:[0.0068,0.0040,0.0029,0.0016]
	経験:[0.0004,0.0002,0.0012,0.0002]
	ビジュアルだ:[0.0001,0.0003,0.0000,0.0000]
	電車:[0.0000,0.0005,0.0000,0.0000]
	確信:[0.0000,0.0001,0.0000,0.0000]
	感じる:[0.0012,0.0014,0.0005,0.0004]
	一般に:[0.0001,0.0005,0.0000,0.0000]
	クリア:[0.0000,0.0001,0.0000,0.0000]
	メリット:[0.0062,0.0003,0.0000,0.0000]
	リツイート:[0.0000,0.0001,0.0000,0.0000]
	イメージ:[0.0005,0.0004,0.0011,0.0000]
	出す:[0.0010,0.0010,0.0009,0.0004]
	体液:[0.0000,0.0002,0.0000,0.0000]
	画像:[0.0001,0.0059,0.0006,0.0000]
	寸法:[0.0000,0.0001,0.0000,0.0000]
	ハナノアシャワー:[0.0000,0.0002,0.0000,0.0000]
	伝える:[0.0004,0.0007,0.0001,0.0003]
	花粉:[0.0006,0.0005,0.0020,0.0000]
	行為:[0.0001,0.0002,0.0000,0.0000]
	気持ち:[0.0001,0.0001,0.0008,0.0000]
	知る:[0.0009,0.0009,0.0004,0.0008]
	入る:[0.0006,0.0014,0.0012,0.0003]
	以上:[0.0013,0.0012,0.0008,0.0020]
	見る:[0.0011,0.0028,0.0008,0.0016]
	目の当たり:[0.0000,0.0001,0.0000,0.0000]
	押す:[0.0002,0.0006,0.0004,0.0000]
	製品:[0.0001,0.0005,0.0004,0.0000]
	近い:[0.0006,0.0016,0.0000,0.0003]
	ハナノアシャワータイプ:[0.0000,0.0001,0.0000,0.0000]
	入れる:[0.0006,0.0005,0.0003,0.0000]
	インパクト:[0.0001,0.0004,0.0000,0.0000]
	気分:[0.0001,0.0002,0.0000,0.0002]
	爽やかだ:[0.0001,0.0002,0.0000,0.0000]
	使える:[0.0010,0.0006,0.0002,0.0000]
	安心:[0.0002,0.0003,0.0000,0.0001]
	特徴:[0.0136,0.0027,0.0000,0.0002]
	先述:[0.0000,0.0001,0.0000,0.0000]
	強烈だ:[0.0000,0.0001,0.0000,0.0000]
	シャワー:[0.0000,0.0001,0.0000,0.0000]
	ツラ:[0.0000,0.0002,0.0000,0.0000]
	反対だ:[0.0002,0.0002,0.0001,0.0000]
	馴染む:[0.0001,0.0005,0.0001,0.0000]
	作る:[0.0016,0.0015,0.0027,0.0002]
	洗浄:[0.0000,0.0004,0.0000,0.0000]
	液体:[0.0000,0.0002,0.0000,0.0000]
	器具:[0.0000,0.0001,0.0000,0.0000]
	小林:[0.0000,0.0002,0.0000,0.0000]
	強い:[0.0008,0.0006,0.0000,0.0001]
	ハナノア:[0.0000,0.0002,0.0000,0.0000]
	衝撃:[0.0002,0.0003,0.0000,0.0000]
	広報:[0.0000,0.0002,0.0000,0.0000]
	ツーン:[0.0000,0.0002,0.0000,0.0000]
	何より:[0.0000,0.0001,0.0000,0.0000]
	難しい:[0.0004,0.0007,0.0002,0.0002]
	使う:[0.0040,0.0035,0.0014,0.0008]
False-Negative

True-Negative:1
False-Positive:0
True-Positive:0
False-Negative:1
precision = 0.000000
recall = 0.000000
fvalue = 0.000000