Section:8
	Ｆｌａｇ：：１０００
	デリケートな話題に気をつけて
	とても気さくで、おしゃべり好きなモンテネグロの人々。
	モンテネグロの民族構成は少し複雑で、モンテネグロ人、セルビア人、アルバニア人など、様々な民族が暮らしています。
	旧ユーゴスラビア内戦やセルビア・モンテネグロからの独立をはじめとする、民族的・宗教的・政治的な話題は思わぬ誤解に発展してしまう可能性もあります。
	相手から話してくれる場合は別ですが、そうでなければこちらからそのような話題を持ち出すのは控えましょう。
Score:0.000525332400424
EACH_TAG_SCORE:
	image:0.000115753193684
	table:0.000293614708753
	graph:4.09508531558e-05
	flow:7.50136448312e-05
PARA:
Clueword:
	控える:[0.0000,0.0004,0.0000,0.0000]
	様々だ:[0.0039,0.0002,0.0000,0.0000]
	持ち出す:[0.0000,0.0000,0.0000,0.0000]
	好きだ:[0.0000,0.0000,0.0004,0.0000]
	的だ:[0.0000,0.0022,0.0000,0.0000]
	気さくだ:[0.0000,0.0000,0.0000,0.0000]
	ます:[0.0000,0.0000,0.0000,0.0156]
	人々:[0.0000,0.0000,0.0000,0.0000]
	アルバニア:[0.0000,0.0000,0.0000,0.0000]
	別だ:[0.0000,0.0000,0.0000,0.0000]
	セルビア:[0.0000,0.0000,0.0000,0.0000]
	構成:[0.0047,0.0008,0.0000,0.0000]
	場合:[0.0082,0.0621,0.0064,0.0016]
	発展:[0.0000,0.0000,0.0000,0.0000]
	民族:[0.0000,0.0000,0.0000,0.0000]
	する:[0.0012,0.0000,0.0000,0.0000]
	政治:[0.0000,0.0000,0.0000,0.0000]
	いる:[0.0012,0.0000,0.0000,0.0000]
	相手:[0.0008,0.0001,0.0000,0.0000]
	話す:[0.0000,0.0001,0.0006,0.0000]
	独立:[0.0000,0.0000,0.0000,0.0000]
	誤解:[0.0000,0.0000,0.0000,0.0000]
	可能だ:[0.0011,0.0015,0.0014,0.0000]
	話題:[0.0000,0.0000,0.0007,0.0000]
	宗教:[0.0000,0.0000,0.0000,0.0000]
	内戦:[0.0000,0.0000,0.0000,0.0000]
	モンテネグロ:[0.0000,0.0000,0.0000,0.0000]
	暮らす:[0.0000,0.0000,0.0000,0.0000]
	から:[0.0009,0.0000,0.0000,0.0001]
	複雑だ:[0.0047,0.0004,0.0000,0.0000]
True-Positive

Section:4
	Ｆｌａｇ：：００１０
	海外旅行で一番遭う確率の高い犯罪のひとつといえばスリ・置き引き。
	モンテネグロでも、旅行者が一番被害に遭う確率の高い犯罪のひとつがスリです。
	せっかくの楽しい旅行も、スリや置き引きに遭ってしまうと一気に雰囲気が台無しになってしまいます。
	嫌な気分になるだけでなく、特にパスポートを紛失してしまうと貴重な現地での時間も無駄に。
Score:0.000467745770841
EACH_TAG_SCORE:
	image:2.75147650118e-05
	table:3.33611465765e-05
	graph:0.000314851011329
	flow:9.20188479235e-05
PARA:
Clueword:
	気分:[0.0000,0.0000,0.0000,0.0000]
	スリ:[0.0000,0.0000,0.0000,0.0000]
	嫌だ:[0.0000,0.0000,0.0000,0.0000]
	置く:[0.0002,0.0000,0.0000,0.0000]
	特に:[0.0000,0.0006,0.0000,0.0000]
	無駄だ:[0.0000,0.0000,0.0000,0.0000]
	ます:[0.0000,0.0000,0.0000,0.0156]
	紛失:[0.0000,0.0000,0.0000,0.0000]
	犯罪:[0.0000,0.0000,0.0000,0.0000]
	確率:[0.0000,0.0000,0.0000,0.0000]
	一気だ:[0.0000,0.0000,0.0000,0.0000]
	海外:[0.0003,0.0003,0.0000,0.0000]
	引く:[0.0002,0.0002,0.0000,0.0000]
	なる:[0.0000,0.0000,0.0049,0.0000]
	雰囲気:[0.0007,0.0003,0.0000,0.0000]
	旅行:[0.0000,0.0002,0.0008,0.0000]
	する:[0.0012,0.0000,0.0000,0.0000]
	遭う:[0.0000,0.0000,0.0000,0.0000]
	現地:[0.0000,0.0000,0.0000,0.0000]
	高い:[0.0014,0.0015,0.0321,0.0000]
	貴重だ:[0.0000,0.0000,0.0000,0.0000]
	パスポート:[0.0000,0.0000,0.0000,0.0000]
	時間:[0.0000,0.0007,0.0037,0.0000]
	一番:[0.0006,0.0019,0.0121,0.0000]
	モンテネグロ:[0.0000,0.0000,0.0000,0.0000]
	被害:[0.0000,0.0000,0.0000,0.0000]
	でも:[0.0000,0.0000,0.0000,0.0000]
False-Negative

Section:1
	Ｆｌａｇ：：１０００
	バルカン半島に位置する小さな小さな国、モンテネグロ。
	「アドリア海の秘宝」と呼ばれるこの国には、小さくも美しい町がたくさん点在します。
	クロアチアのドブロブニクからの日帰り旅行先としても人気で、近年少しずつではありますが、日本での知名度も上がってきているようです。
Score:0.000437948348504
EACH_TAG_SCORE:
	image:0.000183274576305
	table:4.36803687305e-05
	graph:8.36281117234e-05
	flow:0.000127365291745
PARA:
Clueword:
	呼ぶ:[0.0019,0.0011,0.0000,0.0023]
	点在:[0.0000,0.0000,0.0000,0.0000]
	日本:[0.0008,0.0007,0.0000,0.0000]
	ドブロブニク:[0.0000,0.0000,0.0000,0.0000]
	クロアチア:[0.0000,0.0000,0.0000,0.0000]
	少しずつ:[0.0000,0.0000,0.0000,0.0000]
	近年:[0.0000,0.0000,0.0000,0.0000]
	ます:[0.0000,0.0000,0.0000,0.0156]
	くる:[0.0018,0.0000,0.0000,0.0000]
	半島:[0.0000,0.0000,0.0000,0.0000]
	れる:[0.0012,0.0000,0.0000,0.0000]
	旅行:[0.0000,0.0002,0.0008,0.0000]
	小さな:[0.0008,0.0009,0.0000,0.0000]
	する:[0.0012,0.0000,0.0000,0.0000]
	いる:[0.0012,0.0000,0.0000,0.0000]
	位置:[0.0034,0.0000,0.0000,0.0000]
	日帰り:[0.0000,0.0000,0.0000,0.0000]
	バルカン:[0.0000,0.0000,0.0000,0.0000]
	人気:[0.0003,0.0000,0.0010,0.0000]
	モンテネグロ:[0.0000,0.0000,0.0000,0.0000]
	小さい:[0.0039,0.0030,0.0100,0.0000]
	美しい:[0.0002,0.0000,0.0000,0.0000]
	アドリア:[0.0000,0.0000,0.0000,0.0000]
	知名度:[0.0000,0.0000,0.0000,0.0000]
	ようだ:[0.0074,0.0000,0.0000,0.0000]
	から:[0.0009,0.0000,0.0000,0.0001]
	上がる:[0.0007,0.0003,0.0000,0.0000]
False-Negative

Section:6
	要チェック！スリのターゲットになりやすい人の６つの特徴
	ぼったくりタクシーにご用心！
	モンテネグロの観光地はどの町も見所がコンパクトにまとまっているため、基本的に観光中にタクシーを利用することはありません。
	また個人旅行をする際も、各都市間の移動はバスの利用が一般的なため、タクシーを利用する機会はあまりないかもしれません。
Score:0.000409395878422
EACH_TAG_SCORE:
	image:9.73834776273e-05
	table:0.000139152385932
	graph:4.27638486522e-05
	flow:0.000130096166211
PARA:
Clueword:
	スリ:[0.0000,0.0000,0.0000,0.0000]
	モンテネグロ:[0.0000,0.0000,0.0000,0.0000]
	利用:[0.0008,0.0017,0.0000,0.0000]
	的だ:[0.0000,0.0022,0.0000,0.0000]
	特徴:[0.0043,0.0106,0.0000,0.0000]
	ます:[0.0000,0.0000,0.0000,0.0156]
	くる:[0.0018,0.0000,0.0000,0.0000]
	一般:[0.0007,0.0015,0.0000,0.0039]
	なる:[0.0000,0.0000,0.0049,0.0000]
	用心:[0.0000,0.0000,0.0000,0.0000]
	ターゲット:[0.0008,0.0002,0.0000,0.0000]
	基本:[0.0029,0.0037,0.0000,0.0000]
	旅行:[0.0000,0.0002,0.0008,0.0000]
	する:[0.0012,0.0000,0.0000,0.0000]
	バス:[0.0000,0.0000,0.0000,0.0000]
	いる:[0.0012,0.0000,0.0000,0.0000]
	都市:[0.0000,0.0000,0.0000,0.0000]
	個人:[0.0002,0.0007,0.0000,0.0014]
	チェック:[0.0018,0.0017,0.0013,0.0000]
	機会:[0.0000,0.0000,0.0000,0.0000]
	タクシー:[0.0000,0.0000,0.0000,0.0000]
worng file


Section:7
	Ｆｌａｇ：：００１０
	ですが、もしタクシーを使う機会があれば、くれぐれもぼったくりタクシーにご注意ください！残念ながら、旅行者の足元を見て通常料金の３倍、４倍の値段をふっかける悪質なドライバーなどが稀にいるようです。
	でも、事前に対策をしていれば、ぼったくり被害に遭う確率をぐっと減らすことができます。
	下記記事をヒントに、被害に遭わないように用心してくださいね。
	ぼったくりタクシーに遭わないために、知っておきたいポイント
Score:0.000300681445171
EACH_TAG_SCORE:
	image:0.000111773819545
	table:4.79651727014e-05
	graph:3.53809299953e-05
	flow:0.000105561522929
PARA:
Clueword:
	足元:[0.0000,0.0000,0.0000,0.0000]
	ヒント:[0.0000,0.0000,0.0000,0.0000]
	記事:[0.0000,0.0000,0.0000,0.0000]
	機会:[0.0000,0.0000,0.0000,0.0000]
	ます:[0.0000,0.0000,0.0000,0.0156]
	くる:[0.0018,0.0000,0.0000,0.0000]
	確率:[0.0000,0.0000,0.0000,0.0000]
	ポイント:[0.0006,0.0012,0.0000,0.0000]
	対策:[0.0010,0.0007,0.0000,0.0055]
	注意:[0.0018,0.0014,0.0007,0.0000]
	用心:[0.0000,0.0000,0.0000,0.0000]
	残念だ:[0.0000,0.0000,0.0000,0.0000]
	旅行:[0.0000,0.0002,0.0008,0.0000]
	する:[0.0012,0.0000,0.0000,0.0000]
	遭う:[0.0000,0.0000,0.0000,0.0000]
	いる:[0.0012,0.0000,0.0000,0.0000]
	事前:[0.0000,0.0000,0.0000,0.0000]
	使う:[0.0047,0.0030,0.0009,0.0000]
	料金:[0.0000,0.0000,0.0000,0.0000]
	値段:[0.0003,0.0010,0.0036,0.0000]
	悪質だ:[0.0000,0.0000,0.0000,0.0000]
	稀だ:[0.0000,0.0000,0.0000,0.0000]
	下記:[0.0011,0.0000,0.0000,0.0000]
	知る:[0.0000,0.0009,0.0000,0.0011]
	見る:[0.0021,0.0015,0.0014,0.0000]
	ドライバー:[0.0000,0.0000,0.0000,0.0000]
	減らす:[0.0000,0.0000,0.0000,0.0000]
	被害:[0.0000,0.0000,0.0000,0.0000]
	通常:[0.0003,0.0003,0.0000,0.0000]
	でも:[0.0000,0.0000,0.0000,0.0000]
	ようだ:[0.0074,0.0000,0.0000,0.0000]
	タクシー:[0.0000,0.0000,0.0000,0.0000]
False-Negative

Section:5
	Ｆｌａｇ：：００００
	しかも、モンテネグロ国内には日本大使館はなく、お隣のセルビアの日本大使館が兼務しているため、パスポートの再発行などの手続きには、通常以上に時間や手間がかかります。
	くれぐれもパスポートだけは失くさない、盗まれないようにご注意ください！
	※万が一パスポートの盗難被害に遭ってしまった際は、帰国するためにパスポートの再発行の手続きを速やかに行う必要があります。
	パスポートの再発行の手順については「【クロアチア治安情報】旅行中スリ・盗難に遭ったらどうする？」をご参照ください（モンテネグロでもクロアチア語が問題なく通じるので、記事内で紹介しているクロアチア語フレーズがそのまま通じます）。
	パスポート再発行の手続きも、必要書類などクロアチアのものとほとんど同じです。
	スリをする相手もプロ、ターゲットとなる人物をしっかりと品定めしています。
	混雑したバスなどの車内はもちろん、散策中も貴重品には常に気を配りましょう。
	スリのターゲットになりやすい人の特徴を学んで、標的にならないようにしっかりと対策をしてくださいね。
Score:0.000249697594753
EACH_TAG_SCORE:
	image:7.64866212165e-05
	table:5.75377802554e-05
	graph:2.49039250303e-05
	flow:9.07692682511e-05
PARA:
Clueword:
	常に:[0.0005,0.0000,0.0000,0.0000]
	スリ:[0.0000,0.0000,0.0000,0.0000]
	対策:[0.0010,0.0007,0.0000,0.0055]
	同じだ:[0.0034,0.0012,0.0000,0.0017]
	手順:[0.0000,0.0000,0.0000,0.0146]
	フレーズ:[0.0033,0.0000,0.0000,0.0000]
	れる:[0.0012,0.0000,0.0000,0.0000]
	なる:[0.0000,0.0000,0.0049,0.0000]
	通ずる:[0.0002,0.0000,0.0000,0.0000]
	情報:[0.0005,0.0017,0.0000,0.0014]
	ターゲット:[0.0008,0.0002,0.0000,0.0000]
	日本:[0.0008,0.0007,0.0000,0.0000]
	する:[0.0012,0.0000,0.0000,0.0000]
	遭う:[0.0000,0.0000,0.0000,0.0000]
	いる:[0.0012,0.0000,0.0000,0.0000]
	盗む:[0.0001,0.0000,0.0000,0.0000]
	必要だ:[0.0027,0.0051,0.0008,0.0016]
	問題:[0.0014,0.0013,0.0000,0.0000]
	以上:[0.0007,0.0009,0.0000,0.0000]
	モンテネグロ:[0.0000,0.0000,0.0000,0.0000]
	ようだ:[0.0074,0.0000,0.0000,0.0000]
	記事:[0.0000,0.0000,0.0000,0.0000]
	万が一:[0.0000,0.0000,0.0000,0.0000]
	特徴:[0.0043,0.0106,0.0000,0.0000]
	行う:[0.0007,0.0010,0.0007,0.0016]
	ます:[0.0000,0.0000,0.0000,0.0156]
	紹介:[0.0008,0.0004,0.0000,0.0000]
	参照:[0.0001,0.0000,0.0000,0.0000]
	クロアチア:[0.0000,0.0000,0.0000,0.0000]
	手間:[0.0001,0.0000,0.0000,0.0000]
	セルビア:[0.0000,0.0000,0.0000,0.0000]
	書類:[0.0000,0.0000,0.0000,0.0000]
	注意:[0.0018,0.0014,0.0007,0.0000]
	手続き:[0.0000,0.0000,0.0000,0.0000]
	発行:[0.0000,0.0000,0.0000,0.0000]
	バス:[0.0000,0.0000,0.0000,0.0000]
	人物:[0.0000,0.0000,0.0000,0.0000]
	学ぶ:[0.0000,0.0000,0.0000,0.0000]
	相手:[0.0008,0.0001,0.0000,0.0000]
	貴重だ:[0.0000,0.0000,0.0000,0.0000]
	パスポート:[0.0000,0.0000,0.0000,0.0000]
	時間:[0.0000,0.0007,0.0037,0.0000]
	速やかだ:[0.0000,0.0000,0.0000,0.0000]
	被害:[0.0000,0.0000,0.0000,0.0000]
	通常:[0.0003,0.0003,0.0000,0.0000]
	でも:[0.0000,0.0000,0.0000,0.0000]
	旅行:[0.0000,0.0002,0.0008,0.0000]
True-Negative

Section:2
	Ｆｌａｇ：：００００
	「今度クルーズ旅行でモンテネグロのコトルに立ち寄る予定なのですが、治安はどうですか？」「ドブロブニクから日帰りでモンテネグロのコトルに行こうと思っているのですが、ひとり旅でも安全ですか？」このようなご質問を時折頂戴します。
	日本では「どんな国か全く想像がつかない」という方がほとんどのモンテネグロ。
	治安面が心配になるのは自然なことですよね。
	ですが、モンテネグロは隣国のクロアチアと同じく、安心して旅を楽しめる平和な国。
	海外旅行ではつい気持ちが大きくなってしまいますが、普段日本で気を付けていることを守り、夜道や人気のない場所を歩かないなど、常識的な行動をすれば危険な目に遭うこともほとんどありません。
	あくまでも個人的な体験ではありますが、筆者も女性ひとりでモンテネグロを訪れたことがありますが、身の危険を感じたり、怖い体験を一度もしたことがありません。
	そんな平和なモンテネグロですが、やはり油断は禁物です。
	今回はモンテネグロ旅行をトラブルに巻き込まれることなく楽しんでいただくために気をつけてもらいたいポイントをお伝えします。
Score:0.000171069823555
EACH_TAG_SCORE:
	image:4.45024971597e-05
	table:3.3822862666e-05
	graph:4.87440523908e-05
	flow:4.40004113382e-05
PARA:
Clueword:
	予定:[0.0005,0.0002,0.0000,0.0000]
	今回:[0.0000,0.0000,0.0004,0.0000]
	感じる:[0.0013,0.0012,0.0007,0.0000]
	ドブロブニク:[0.0000,0.0000,0.0000,0.0000]
	伝える:[0.0000,0.0002,0.0000,0.0000]
	同じだ:[0.0034,0.0012,0.0000,0.0017]
	危険だ:[0.0000,0.0000,0.0000,0.0000]
	込む:[0.0008,0.0011,0.0010,0.0000]
	トラブル:[0.0000,0.0008,0.0000,0.0000]
	常識:[0.0000,0.0001,0.0000,0.0000]
	れる:[0.0012,0.0000,0.0000,0.0000]
	行動:[0.0000,0.0000,0.0000,0.0000]
	なる:[0.0000,0.0000,0.0049,0.0000]
	安全だ:[0.0000,0.0000,0.0000,0.0000]
	遭う:[0.0000,0.0000,0.0000,0.0000]
	日本:[0.0008,0.0007,0.0000,0.0000]
	する:[0.0012,0.0000,0.0000,0.0000]
	付ける:[0.0014,0.0002,0.0008,0.0000]
	いる:[0.0012,0.0000,0.0000,0.0000]
	思う:[0.0005,0.0001,0.0010,0.0000]
	日帰り:[0.0000,0.0000,0.0000,0.0000]
	女性:[0.0016,0.0008,0.0009,0.0000]
	モンテネグロ:[0.0000,0.0000,0.0000,0.0000]
	ポイント:[0.0006,0.0012,0.0000,0.0000]
	質問:[0.0008,0.0000,0.0000,0.0022]
	全く:[0.0002,0.0002,0.0000,0.0000]
	自然だ:[0.0008,0.0008,0.0010,0.0000]
	旅行:[0.0000,0.0002,0.0008,0.0000]
	的だ:[0.0000,0.0022,0.0000,0.0000]
	安心:[0.0005,0.0002,0.0000,0.0000]
	ます:[0.0000,0.0000,0.0000,0.0156]
	行く:[0.0000,0.0000,0.0000,0.0000]
	から:[0.0009,0.0000,0.0000,0.0001]
	楽しめる:[0.0000,0.0000,0.0004,0.0000]
	大きい:[0.0020,0.0024,0.0079,0.0000]
	頂戴:[0.0000,0.0000,0.0000,0.0000]
	海外:[0.0003,0.0003,0.0000,0.0000]
	歩く:[0.0001,0.0001,0.0000,0.0000]
	人気:[0.0003,0.0000,0.0010,0.0000]
	気持ち:[0.0000,0.0000,0.0000,0.0000]
	楽しむ:[0.0000,0.0000,0.0000,0.0000]
	想像:[0.0000,0.0005,0.0023,0.0000]
	個人:[0.0002,0.0007,0.0000,0.0014]
	場所:[0.0006,0.0009,0.0000,0.0000]
	巻く:[0.0000,0.0000,0.0000,0.0000]
	クロアチア:[0.0000,0.0000,0.0000,0.0000]
	でも:[0.0000,0.0000,0.0000,0.0000]
True-Negative

Section:9
	Ｆｌａｇ：：００００
	ビーチに貴重品を持っていかない
	アドリア海が美しいモンテネグロ。
	「せっかく夏に来たのだから、アドリア海で泳ぎたい！」という方もいらっしゃると思います。
	ビーチに行く際はお財布やカメラ、スマホなどの貴重品は、できるだけ持って行かないようにしましょう。
	とくに一人旅の際は要注意。
	ビーチを離れて海で泳いでいる間に盗まれてしまう可能性があります。
	海水浴に行く際は、最低限のお金、荷物だけを持って行くようにしてくださいね。
	支払い内容を必ず確認する
	特にコトルなどの観光地のレストランではお勘定時にレシート（支払い内容）をしっかりと確認しましょう。
	これはモンテネグロに限った話ではありませんが、「食べていないはずの料理や、飲んでいないはずのドリンクがお勘定に入っていた」なんてことがしばしば起こり得ます。
	「何かおかしい」と思ったら、すぐにその場で伝えましょう。
	もちろん悪意なくミスをしまった可能性もありますが、なかには故意に割り増し料金を請求をする悪質なウェイターもいるので、毎回しっかりと確認を行ってくださいね。
	以上を頭の片隅に置いて、モンテネグロ旅行を安全に楽しんでくださいね！
Score:0.000126082441827
EACH_TAG_SCORE:
	image:4.03522546217e-05
	table:3.10740553783e-05
	graph:1.28465666016e-05
	flow:4.18095652254e-05
PARA:
Clueword:
	スマホ:[0.0001,0.0000,0.0000,0.0000]
	カメラ:[0.0000,0.0000,0.0000,0.0000]
	ドリンク:[0.0000,0.0000,0.0000,0.0000]
	確認:[0.0008,0.0026,0.0000,0.0000]
	れる:[0.0012,0.0000,0.0000,0.0000]
	毎回:[0.0007,0.0007,0.0000,0.0000]
	安全だ:[0.0000,0.0000,0.0000,0.0000]
	旅行:[0.0000,0.0002,0.0008,0.0000]
	する:[0.0012,0.0000,0.0000,0.0000]
	いる:[0.0012,0.0000,0.0000,0.0000]
	盗む:[0.0001,0.0000,0.0000,0.0000]
	得る:[0.0002,0.0008,0.0000,0.0000]
	最低:[0.0000,0.0000,0.0000,0.0000]
	思う:[0.0005,0.0001,0.0010,0.0000]
	伝える:[0.0000,0.0002,0.0000,0.0000]
	必ず:[0.0001,0.0006,0.0005,0.0000]
	料金:[0.0000,0.0000,0.0000,0.0000]
	食べる:[0.0000,0.0000,0.0000,0.0000]
	入る:[0.0011,0.0004,0.0000,0.0019]
	来る:[0.0000,0.0000,0.0000,0.0000]
	以上:[0.0007,0.0009,0.0000,0.0000]
	モンテネグロ:[0.0000,0.0000,0.0000,0.0000]
	ようだ:[0.0074,0.0000,0.0000,0.0000]
	起こる:[0.0007,0.0012,0.0026,0.0000]
	特に:[0.0000,0.0006,0.0000,0.0000]
	置く:[0.0002,0.0000,0.0000,0.0000]
	レストラン:[0.0000,0.0000,0.0000,0.0000]
	支払う:[0.0000,0.0000,0.0000,0.0000]
	料理:[0.0000,0.0000,0.0000,0.0000]
	アドリア:[0.0000,0.0000,0.0000,0.0000]
	ます:[0.0000,0.0000,0.0000,0.0156]
	持つ:[0.0002,0.0002,0.0000,0.0014]
	行く:[0.0000,0.0000,0.0000,0.0000]
	から:[0.0009,0.0000,0.0000,0.0001]
	可能だ:[0.0011,0.0015,0.0014,0.0000]
	荷物:[0.0000,0.0000,0.0000,0.0000]
	貴重だ:[0.0000,0.0000,0.0000,0.0000]
	楽しむ:[0.0000,0.0000,0.0000,0.0000]
	飲む:[0.0000,0.0007,0.0000,0.0000]
	限る:[0.0004,0.0004,0.0000,0.0000]
	悪質だ:[0.0000,0.0000,0.0000,0.0000]
	請求:[0.0000,0.0000,0.0000,0.0000]
	美しい:[0.0002,0.0000,0.0000,0.0000]
	内容:[0.0012,0.0042,0.0000,0.0017]
	離れる:[0.0000,0.0000,0.0000,0.0000]
True-Negative

Section:3
	スリ・置き引きに注意
	集団行動をしている際はつい気が緩みがちですが、スリはそんなあなたを狙っています！
CUTOFF SECTION:worng file


True-Negative:3
False-Positive:0
Too Short:0
True-Positive:1
False-Negative:3
precision = 1.000000
recall = 0.250000
fvalue = 0.400000