Section:4
	Ｆｌａｇ：：１０００
	下の図を見てほしい。
	例えば１００万円で買った株式が期間終了時に３０万円に値下がりしていると、その株式の取得価格は３０万円となる。
	その後、５０万円で売却した場合、本来なら５０万円の損なのに、新取得価格との差額の２０万円が利益と見なされ課税されてしまうのだ。
Score:0.00076544195813
EACH_TAG_SCORE:
	image:0.000136228248514
	table:0.000468301535971
	graph:0.000149137786094
	flow:1.17743875507e-05
PARA:
Clueword:
	損だ:[0.0000,0.0000,0.0000,0.0000]
	期間:[0.0000,0.0002,0.0073,0.0000]
	終了:[0.0002,0.0000,0.0000,0.0000]
	れる:[0.0012,0.0000,0.0000,0.0000]
	場合:[0.0082,0.0621,0.0064,0.0016]
	取得:[0.0007,0.0000,0.0000,0.0000]
	課税:[0.0000,0.0000,0.0000,0.0000]
	価格:[0.0005,0.0000,0.0000,0.0000]
	差額:[0.0000,0.0000,0.0000,0.0000]
	売却:[0.0000,0.0000,0.0000,0.0000]
	買う:[0.0000,0.0000,0.0000,0.0000]
	利益:[0.0000,0.0000,0.0006,0.0000]
	なら:[0.0000,0.0000,0.0000,0.0000]
	なる:[0.0000,0.0000,0.0049,0.0000]
	する:[0.0012,0.0000,0.0000,0.0000]
	いる:[0.0012,0.0000,0.0000,0.0000]
	例えば:[0.0032,0.0002,0.0000,0.0000]
	本来:[0.0000,0.0000,0.0000,0.0000]
	見なす:[0.0000,0.0000,0.0000,0.0000]
	値下がり:[0.0000,0.0000,0.0000,0.0000]
	見る:[0.0021,0.0015,0.0014,0.0000]
	株式:[0.0001,0.0006,0.0000,0.0000]
True-Positive

Section:5
	Ｆｌａｇ：：００００
	ＮＩＳＡ口座の期間が終了すると実際は損失なのに課税される
	ＮＩＳＡ口座で投資したがゆえに、損失が出ていても課税されてしまうリスクがあるのだ。
	向いてそうで不向きな高リターン狙いの商品
	ついつい「売却益が非課税なので、ＮＩＳＡでは高リターンを狙える商品を買おう」と考えがちだ。
	しかし、高いリターンが望める商品は当然、高リスクで裏目に出れば大きなマイナスになる。
	値下がりに弱いＮＩＳＡ向きとは言いがたい。
	それでも高リスクの株式投資で高リターンを狙いたい投資家もいるだろう。
	その場合、個別株ではなく株式投信の、積み立て投資が選択肢となる。
	売買タイミングを分散することでリスクを下げることができ、ＮＩＳＡ向けの中リスク・中リターン投資に近づけることができるからだ。
Score:0.000488006399405
EACH_TAG_SCORE:
	image:7.82211643695e-05
	table:0.000211834135777
	graph:0.000186514656287
	flow:1.14364429707e-05
PARA:
Clueword:
	期間:[0.0000,0.0002,0.0073,0.0000]
	狙う:[0.0000,0.0000,0.0000,0.0000]
	弱い:[0.0002,0.0000,0.0000,0.0000]
	売却:[0.0000,0.0000,0.0000,0.0000]
	買う:[0.0000,0.0000,0.0000,0.0000]
	積む:[0.0003,0.0000,0.0000,0.0000]
	れる:[0.0012,0.0000,0.0000,0.0000]
	なる:[0.0000,0.0000,0.0049,0.0000]
	する:[0.0012,0.0000,0.0000,0.0000]
	いる:[0.0012,0.0000,0.0000,0.0000]
	個別:[0.0000,0.0002,0.0000,0.0000]
	口座:[0.0000,0.0000,0.0000,0.0000]
	選択肢:[0.0000,0.0025,0.0000,0.0000]
	大きな:[0.0034,0.0014,0.0010,0.0000]
	実際:[0.0002,0.0000,0.0020,0.0000]
	当然だ:[0.0001,0.0000,0.0000,0.0000]
	商品:[0.0008,0.0000,0.0000,0.0022]
	場合:[0.0082,0.0621,0.0064,0.0016]
	タイミング:[0.0000,0.0000,0.0000,0.0000]
	課税:[0.0000,0.0000,0.0000,0.0000]
	投信:[0.0000,0.0000,0.0000,0.0000]
	立てる:[0.0000,0.0002,0.0009,0.0000]
	マイナスだ:[0.0000,0.0000,0.0000,0.0000]
	から:[0.0009,0.0000,0.0000,0.0001]
	がちだ:[0.0000,0.0000,0.0049,0.0000]
	投資:[0.0021,0.0002,0.0008,0.0000]
	向き:[0.0018,0.0000,0.0000,0.0000]
	向く:[0.0008,0.0011,0.0000,0.0000]
	終了:[0.0002,0.0000,0.0000,0.0000]
	考える:[0.0006,0.0010,0.0018,0.0000]
	高い:[0.0014,0.0015,0.0321,0.0000]
	下げる:[0.0000,0.0000,0.0000,0.0000]
	損失:[0.0000,0.0000,0.0000,0.0000]
	売買:[0.0006,0.0000,0.0000,0.0000]
	値下がり:[0.0000,0.0000,0.0000,0.0000]
	出る:[0.0011,0.0012,0.0015,0.0000]
	株式:[0.0001,0.0006,0.0000,0.0000]
	でも:[0.0000,0.0000,0.0000,0.0000]
	リスク:[0.0000,0.0000,0.0000,0.0000]
True-Negative

Section:2
	Ｆｌａｇ：：０１００
	ＮＩＳＡ口座は金融機関によって使い勝手が異なるため、まず商品やコストで比較してみよう！また、一度開設すると金融機関の変更が不可能なので、自分の投資スタイルに適した金融機関を選びたい。
	ＮＩＳＡ向きの商品やＮＩＳＡの落とし穴、誤解されやすいポイントも紹介しよう！
	制度や運用の相談をするなら大手証券の窓口も候補に
	ＮＩＳＡの難点をどこまでカバーできるか、利用者の多い６種類の金融機関を比較してみた。
	株式投資を念頭に入れるなら、証券会社での開設が絶対条件となる。
	コスト面や品ぞろえではネット証券が有利だ。
	ただし、複雑なＮＩＳＡの説明を受けたい、運用の相談がしたい人は対面の証券や銀行がいい。
	大手証券なら投信の品ぞろえも豊富な上、コストの安いネット取引も併用可能なので有力な候補となる。
	身近で全国展開するゆうちょ銀行は居住地の移転への対応は万全だが、投信の品ぞろえの拡充に期待。
Score:0.00045036260097
EACH_TAG_SCORE:
	image:9.35413493659e-05
	table:0.000185230349005
	graph:0.0001660056691
	flow:5.58523349875e-06
PARA:
Clueword:
	説明:[0.0004,0.0004,0.0000,0.0000]
	運用:[0.0000,0.0000,0.0000,0.0000]
	カバー:[0.0000,0.0004,0.0000,0.0000]
	誤解:[0.0000,0.0000,0.0000,0.0000]
	変更:[0.0000,0.0000,0.0000,0.0000]
	よる:[0.0000,0.0000,0.0000,0.0000]
	取引:[0.0002,0.0000,0.0000,0.0000]
	窓口:[0.0000,0.0000,0.0000,0.0000]
	対面:[0.0000,0.0000,0.0000,0.0000]
	選ぶ:[0.0029,0.0020,0.0000,0.0000]
	安い:[0.0002,0.0007,0.0016,0.0000]
	絶対:[0.0002,0.0000,0.0000,0.0000]
	銀行:[0.0000,0.0000,0.0000,0.0000]
	れる:[0.0012,0.0000,0.0000,0.0000]
	落とし穴:[0.0000,0.0000,0.0000,0.0000]
	なら:[0.0000,0.0000,0.0000,0.0000]
	展開:[0.0001,0.0000,0.0000,0.0000]
	勝手だ:[0.0007,0.0008,0.0000,0.0000]
	条件:[0.0018,0.0004,0.0000,0.0000]
	受ける:[0.0002,0.0006,0.0000,0.0000]
	自分:[0.0009,0.0011,0.0017,0.0000]
	有力だ:[0.0000,0.0000,0.0000,0.0000]
	有利だ:[0.0000,0.0000,0.0000,0.0000]
	する:[0.0012,0.0000,0.0000,0.0000]
	なる:[0.0000,0.0000,0.0049,0.0000]
	口座:[0.0000,0.0000,0.0000,0.0000]
	豊富だ:[0.0001,0.0000,0.0006,0.0000]
	種類:[0.0009,0.0410,0.0023,0.0000]
	ネット:[0.0000,0.0001,0.0000,0.0000]
	入れる:[0.0007,0.0006,0.0000,0.0000]
	利用:[0.0008,0.0017,0.0000,0.0000]
	コスト:[0.0000,0.0003,0.0073,0.0000]
	併用:[0.0000,0.0000,0.0000,0.0000]
	ポイント:[0.0006,0.0012,0.0000,0.0000]
	比較:[0.0002,0.0066,0.0235,0.0000]
	制度:[0.0000,0.0000,0.0000,0.0000]
	多い:[0.0036,0.0037,0.0188,0.0000]
	不可能だ:[0.0000,0.0000,0.0000,0.0000]
	品ぞろえ:[0.0000,0.0000,0.0000,0.0000]
	証券:[0.0002,0.0006,0.0000,0.0000]
	商品:[0.0008,0.0000,0.0000,0.0022]
	投信:[0.0000,0.0000,0.0000,0.0000]
	期待:[0.0002,0.0002,0.0008,0.0000]
	まで:[0.0000,0.0014,0.0000,0.0000]
	適す:[0.0007,0.0008,0.0000,0.0000]
	対応:[0.0000,0.0001,0.0000,0.0000]
	異なる:[0.0020,0.0008,0.0000,0.0000]
	会社:[0.0000,0.0009,0.0000,0.0000]
	念頭:[0.0000,0.0000,0.0000,0.0000]
	相談:[0.0006,0.0011,0.0016,0.0000]
	可能だ:[0.0011,0.0015,0.0014,0.0000]
	投資:[0.0021,0.0002,0.0008,0.0000]
	向き:[0.0018,0.0000,0.0000,0.0000]
	全国:[0.0000,0.0000,0.0000,0.0000]
	紹介:[0.0008,0.0004,0.0000,0.0000]
	開設:[0.0000,0.0000,0.0000,0.0000]
	移転:[0.0000,0.0000,0.0000,0.0000]
	候補:[0.0000,0.0000,0.0000,0.0000]
	スタイル:[0.0003,0.0003,0.0000,0.0000]
	複雑だ:[0.0047,0.0004,0.0000,0.0000]
	株式:[0.0001,0.0006,0.0000,0.0000]
	使う:[0.0047,0.0030,0.0009,0.0000]
	大手:[0.0003,0.0000,0.0000,0.0000]
	機関:[0.0000,0.0000,0.0000,0.0000]
False-Negative

Section:6
	Ｆｌａｇ：：００１０
	バランス型投信がオススメの理由【１】
	長期＋分散投資なら元本割れは避けられる
	３０年以上のデータから（下図）、１０年間の長期分散投資を続ければ、最終的な投資結果でマイナス（元本割れ）を避けられることがわかる。
	運用成績は１００万円を投資していた場合、平均で１９１万円にもなった。
	ＮＩＳＡ口座なら１０年間なら課税ゼロ。
	ＮＩＳＡの非課税期間である５年間投資（ロールオーバーはしない）だったとしても、マイナスは３８回中３回だけと１割以下の確率でしかない。
	運用成績は１００万円を投資していた場合、平均で１３６万円となった。
	積み立てのように時間を分散して投資すれば、高リスク・高リターンの部類に入る株式型の投信も中リスク・中リターンに近づけることができ、ＮＩＳＡ口座での投資に使える商品となる。
	毎月５万円ずつ積み立てても年間６０万円で、分配金を再投資しても非課税枠は十分に足りる。
	非課税口座の積み立てなら資産形成のペースも早くなる。
	１４年から、ＮＩＳＡを利用した投信の積み立ては、資産形成の最も有力な手段となる。
Score:0.000407521386202
EACH_TAG_SCORE:
	image:9.03998924657e-05
	table:0.000176363683773
	graph:0.000115778875736
	flow:2.49789342275e-05
PARA:
Clueword:
	最も:[0.0019,0.0026,0.0073,0.0000]
	運用:[0.0000,0.0000,0.0000,0.0000]
	成績:[0.0000,0.0000,0.0000,0.0000]
	確率:[0.0000,0.0000,0.0000,0.0000]
	最終だ:[0.0000,0.0000,0.0000,0.0000]
	積む:[0.0003,0.0000,0.0000,0.0000]
	なら:[0.0000,0.0000,0.0000,0.0000]
	なる:[0.0000,0.0000,0.0049,0.0000]
	形成:[0.0000,0.0000,0.0000,0.0000]
	する:[0.0012,0.0000,0.0000,0.0000]
	いる:[0.0012,0.0000,0.0000,0.0000]
	オススメ:[0.0014,0.0015,0.0000,0.0000]
	期間:[0.0000,0.0002,0.0073,0.0000]
	口座:[0.0000,0.0000,0.0000,0.0000]
	バランス:[0.0041,0.0015,0.0131,0.0023]
	株式:[0.0001,0.0006,0.0000,0.0000]
	割る:[0.0000,0.0002,0.0009,0.0000]
	入る:[0.0011,0.0004,0.0000,0.0019]
	以下:[0.0070,0.0007,0.0000,0.0019]
	以上:[0.0007,0.0009,0.0000,0.0000]
	結果:[0.0000,0.0006,0.0037,0.0016]
	ようだ:[0.0074,0.0000,0.0000,0.0000]
	続ける:[0.0000,0.0000,0.0000,0.0000]
	手段:[0.0001,0.0000,0.0000,0.0000]
	商品:[0.0008,0.0000,0.0000,0.0022]
	場合:[0.0082,0.0621,0.0064,0.0016]
	使える:[0.0011,0.0009,0.0000,0.0000]
	課税:[0.0000,0.0000,0.0000,0.0000]
	早い:[0.0000,0.0000,0.0005,0.0000]
	投信:[0.0000,0.0000,0.0000,0.0000]
	立てる:[0.0000,0.0002,0.0009,0.0000]
	理由:[0.0006,0.0007,0.0000,0.0000]
	有力だ:[0.0000,0.0000,0.0000,0.0000]
	十分だ:[0.0000,0.0000,0.0000,0.0000]
	から:[0.0009,0.0000,0.0000,0.0001]
	立つ:[0.0007,0.0013,0.0000,0.0000]
	資産:[0.0000,0.0001,0.0000,0.0000]
	長期:[0.0003,0.0000,0.0000,0.0000]
	投資:[0.0021,0.0002,0.0008,0.0000]
	避ける:[0.0001,0.0000,0.0000,0.0000]
	年間:[0.0000,0.0000,0.0000,0.0000]
	られる:[0.0000,0.0022,0.0000,0.0000]
	時間:[0.0000,0.0007,0.0037,0.0000]
	ゼロ:[0.0000,0.0002,0.0000,0.0000]
	平均:[0.0000,0.0004,0.0000,0.0000]
	オーバー:[0.0000,0.0000,0.0000,0.0000]
	部類:[0.0000,0.0000,0.0000,0.0000]
	ずつ:[0.0000,0.0000,0.0000,0.0000]
	ペース:[0.0000,0.0000,0.0000,0.0000]
	マイナス:[0.0000,0.0000,0.0046,0.0000]
	的だ:[0.0000,0.0022,0.0000,0.0000]
	利用:[0.0008,0.0017,0.0000,0.0000]
	リスク:[0.0000,0.0000,0.0000,0.0000]
False-Negative

Section:3
	Ｆｌａｇ：：０１００
	通常の口座で取引と比較し、損をすることもある！
	ＮＩＳＡ向きの商品や投資法は、ＮＩＳＡのデメリットに注意し、ＮＩＳＡ口座に不向きな商品や投資法を考えると見えてくる。
	じつはＮＩＳＡで購入した株式や投信が値下がりして損失が確定すると、大きなデメリットが発生する。
	通常の口座なら、損失が出ると他の投資商品で得た利益と相殺（損益通算）して税金を減らせる。
	だがＮＩＳＡの損失は損益通算の対象外。
	通常の口座で若干の利益が出る一方で、ＮＩＳＡ口座内で損失が大きく、トータルではマイナスだったとしても課税されてしまうのだ。
	さらに資産が値下がりしたまま非課税期間の終了を迎えると、取得価格は非課税期間が終了した時の時価に変更（値洗い）される。
	将来の価格回復を期待して一般口座などに移し持ち続け、若干値上がりしたところで売却すると、課税されるのだ。
Score:0.000370467948497
EACH_TAG_SCORE:
	image:8.62304232169e-05
	table:0.000106472425278
	graph:0.000143825127138
	flow:3.39399728651e-05
PARA:
Clueword:
	期間:[0.0000,0.0002,0.0073,0.0000]
	変更:[0.0000,0.0000,0.0000,0.0000]
	取引:[0.0002,0.0000,0.0000,0.0000]
	対象:[0.0008,0.0008,0.0000,0.0000]
	期待:[0.0002,0.0002,0.0008,0.0000]
	売却:[0.0000,0.0000,0.0000,0.0000]
	れる:[0.0012,0.0000,0.0000,0.0000]
	一般:[0.0007,0.0015,0.0000,0.0039]
	損益:[0.0000,0.0000,0.0000,0.0000]
	なら:[0.0000,0.0000,0.0000,0.0000]
	時価:[0.0001,0.0001,0.0000,0.0000]
	する:[0.0012,0.0000,0.0000,0.0000]
	迎える:[0.0000,0.0008,0.0000,0.0000]
	口座:[0.0000,0.0000,0.0000,0.0000]
	トータル:[0.0000,0.0000,0.0000,0.0000]
	通算:[0.0000,0.0000,0.0000,0.0000]
	一方:[0.0003,0.0082,0.0000,0.0000]
	株式:[0.0001,0.0006,0.0000,0.0000]
	移す:[0.0000,0.0000,0.0000,0.0000]
	購入:[0.0007,0.0000,0.0000,0.0031]
	税金:[0.0000,0.0000,0.0000,0.0000]
	比較:[0.0002,0.0066,0.0235,0.0000]
	続ける:[0.0000,0.0000,0.0000,0.0000]
	大きな:[0.0034,0.0014,0.0010,0.0000]
	損だ:[0.0000,0.0000,0.0000,0.0000]
	得る:[0.0002,0.0008,0.0000,0.0000]
	商品:[0.0008,0.0000,0.0000,0.0022]
	取得:[0.0007,0.0000,0.0000,0.0000]
	課税:[0.0000,0.0000,0.0000,0.0000]
	投信:[0.0000,0.0000,0.0000,0.0000]
	価格:[0.0005,0.0000,0.0000,0.0000]
	マイナスだ:[0.0000,0.0000,0.0000,0.0000]
	発生:[0.0010,0.0011,0.0073,0.0021]
	くる:[0.0018,0.0000,0.0000,0.0000]
	持つ:[0.0002,0.0002,0.0000,0.0014]
	デメリット:[0.0000,0.0074,0.0000,0.0000]
	大きい:[0.0020,0.0024,0.0079,0.0000]
	回復:[0.0007,0.0008,0.0010,0.0000]
	見える:[0.0034,0.0018,0.0000,0.0000]
	資産:[0.0000,0.0001,0.0000,0.0000]
	注意:[0.0018,0.0014,0.0007,0.0000]
	値上がり:[0.0000,0.0000,0.0000,0.0000]
	投資:[0.0021,0.0002,0.0008,0.0000]
	若干:[0.0040,0.0011,0.0000,0.0000]
	向き:[0.0018,0.0000,0.0000,0.0000]
	洗う:[0.0000,0.0002,0.0000,0.0000]
	終了:[0.0002,0.0000,0.0000,0.0000]
	考える:[0.0006,0.0010,0.0018,0.0000]
	損失:[0.0000,0.0000,0.0000,0.0000]
	値下がり:[0.0000,0.0000,0.0000,0.0000]
	出る:[0.0011,0.0012,0.0015,0.0000]
	利益:[0.0000,0.0000,0.0006,0.0000]
	通常:[0.0003,0.0003,0.0000,0.0000]
	将来:[0.0001,0.0000,0.0000,0.0000]
False-Negative

Section:1
	Ｆｌａｇ：：００００
	金融機関別にＮＩＳＡ口座を比較！
	ＮＩＳＡ向きの商品、ＮＩＳＡの落とし穴も紹介！
CUTOFF SECTION:Too Short

True-Negative:1
False-Positive:0
Too Short:1
True-Positive:1
False-Negative:3
precision = 1.000000
recall = 0.250000
fvalue = 0.400000