Section:14
	Ｆｌａｇ：：００００
	農地の査定について
	後で述べるように、農地を農地のまま売買する場合は、農業関連機関を介して行うか、個人間で売買することが多くなっています。
	不動産会社も上記の通り、手数料が安い上に買い手が限られ、さらに手間も多いとなれば、積極的に取り扱いたい案件ではないでしょう。
	ただ、転用を前提とすれば話は違います。
	農地は一般的に広大であるため、場所によってはそのような広大な土地を探すことも難しく、マンション需要などで求められることがあります。
	（実際、私の実家の近くでは、１年ほど前に遊休農地にマンションが建ちました）
	農地売買に必要な手続きと手数料
	農地売買では、農地として売るか農地以外で売るかによって必要な手続きは異なり、いずれにしても農業委員会から許可を得なくてはなりません。
	どちらも売買の流れとして大きく変わりないですが、許可なくされた売買は無効になることから、通常の不動産売買とは少し流れが違います。
Score:0.000788102035232
EACH_TAG_SCORE:
	image:7.80060689234e-05
	table:0.000267511136633
	graph:0.000104571028541
	flow:0.000338013801134
PARA:
Clueword:
	建つ:[0.0000,0.0000,0.0000,0.0000]
	転用:[0.0000,0.0000,0.0000,0.0000]
	無効だ:[0.0000,0.0000,0.0000,0.0000]
	需要:[0.0000,0.0000,0.0000,0.0000]
	実際:[0.0002,0.0000,0.0021,0.0000]
	安い:[0.0002,0.0007,0.0016,0.0000]
	大きい:[0.0021,0.0024,0.0080,0.0000]
	案件:[0.0000,0.0000,0.0000,0.0000]
	一般:[0.0007,0.0015,0.0000,0.0040]
	場所:[0.0006,0.0009,0.0000,0.0000]
	不動産:[0.0000,0.0000,0.0000,0.0000]
	探す:[0.0002,0.0002,0.0000,0.0000]
	関連:[0.0000,0.0001,0.0000,0.0000]
	必要だ:[0.0027,0.0051,0.0008,0.0016]
	流れる:[0.0002,0.0002,0.0000,0.1286]
	変わる:[0.0006,0.0012,0.0025,0.0013]
	前提:[0.0000,0.0000,0.0000,0.0000]
	限る:[0.0004,0.0004,0.0000,0.0000]
	上記:[0.0043,0.0001,0.0000,0.0000]
	多い:[0.0037,0.0038,0.0190,0.0000]
	得る:[0.0002,0.0008,0.0000,0.0000]
	場合:[0.0084,0.0623,0.0065,0.0017]
	求める:[0.0000,0.0000,0.0000,0.0000]
	委員:[0.0000,0.0000,0.0000,0.0000]
	行う:[0.0008,0.0010,0.0007,0.0016]
	農地:[0.0000,0.0000,0.0000,0.0000]
	異なる:[0.0020,0.0008,0.0000,0.0000]
	査定:[0.0000,0.0000,0.0000,0.0000]
	土地:[0.0000,0.0000,0.0000,0.0000]
	手間:[0.0001,0.0000,0.0000,0.0000]
	取り扱う:[0.0000,0.0000,0.0000,0.0000]
	手続き:[0.0000,0.0000,0.0000,0.0000]
	許可:[0.0000,0.0000,0.0000,0.0000]
	積極:[0.0000,0.0000,0.0000,0.0000]
	個人:[0.0002,0.0007,0.0000,0.0014]
	売る:[0.0000,0.0000,0.0000,0.0000]
	売買:[0.0006,0.0000,0.0000,0.0000]
	買い手:[0.0003,0.0000,0.0000,0.0000]
	的だ:[0.0000,0.0022,0.0000,0.0000]
	難しい:[0.0007,0.0006,0.0000,0.0000]
	会社:[0.0000,0.0009,0.0000,0.0000]
	手数:[0.0000,0.0000,0.0000,0.0000]
	通常:[0.0003,0.0003,0.0000,0.0000]
	農業:[0.0000,0.0000,0.0000,0.0000]
	違う:[0.0029,0.0249,0.0022,0.0000]
	機関:[0.0000,0.0000,0.0000,0.0000]
False-Positive

Section:15
	Ｆｌａｇ：：１００１
	農地売買の大まかな流れ
	どのような農地売買でも、売買契約は農業委員会の許可を前提として締結されます。
	農地として売るなら農地法第３条による売買（所有権移転）許可、農地以外で売るなら農地法第５条による転用許可です（届出の場合もあります）。
	農地売買では、通常の不動産取引ではあまりない、「仮登記」を行うのが通常です。
	許可を条件とした売買契約を締結
	農業委員会に許可申請
	許可前に所有権移転請求権仮登記
	許可後に代金支払いと所有権移転登記（本登記）
	２．の農業委員会への許可申請と３．の仮登記は、順番が前後することに問題はなく、どちらも売買契約締結後、遅滞なく行う条項を１．の売買契約書に盛り込みます。
	また、３．仮登記は売買契約の絶対条件ではないですが、４．の許可まで買主が所有権を得られないために、買主による将来の確実な所有権移転を保全する目的で行われます。
	許可されると農業委員会から許可指令書が交付され、許可指令書がなければ農地の所有権移転登記は受け付けてもらえません。
	許可のない違法な所有権移転を防ぐために、このような仕組みになっています。
Score:0.000676651599773
EACH_TAG_SCORE:
	image:4.25671155345e-05
	table:0.000146013267674
	graph:1.72480458559e-05
	flow:0.000470823170709
PARA:
Clueword:
	転用:[0.0000,0.0000,0.0000,0.0000]
	申請:[0.0000,0.0000,0.0000,0.0000]
	盛り込む:[0.0000,0.0000,0.0000,0.0000]
	取引:[0.0002,0.0000,0.0000,0.0000]
	条件:[0.0019,0.0004,0.0000,0.0000]
	絶対:[0.0002,0.0000,0.0000,0.0000]
	遅滞:[0.0000,0.0000,0.0000,0.0000]
	前後:[0.0009,0.0024,0.0012,0.0000]
	不動産:[0.0000,0.0000,0.0000,0.0000]
	受け付ける:[0.0003,0.0000,0.0000,0.0000]
	代金:[0.0000,0.0000,0.0000,0.0000]
	保全:[0.0000,0.0000,0.0000,0.0000]
	防ぐ:[0.0002,0.0000,0.0000,0.0000]
	交付:[0.0000,0.0000,0.0000,0.0000]
	得る:[0.0002,0.0008,0.0000,0.0000]
	支払う:[0.0000,0.0000,0.0000,0.0000]
	買主:[0.0000,0.0000,0.0000,0.0000]
	問題:[0.0014,0.0013,0.0000,0.0000]
	流れる:[0.0002,0.0002,0.0000,0.1286]
	場合:[0.0084,0.0623,0.0065,0.0017]
	委員:[0.0000,0.0000,0.0000,0.0000]
	行う:[0.0008,0.0010,0.0007,0.0016]
	農地:[0.0000,0.0000,0.0000,0.0000]
	届出:[0.0000,0.0000,0.0000,0.0000]
	登記:[0.0000,0.0000,0.0000,0.0000]
	締結:[0.0000,0.0000,0.0000,0.0000]
	確実だ:[0.0000,0.0000,0.0000,0.0000]
	仕組む:[0.0040,0.0000,0.0000,0.0969]
	指令:[0.0000,0.0000,0.0000,0.0000]
	契約:[0.0000,0.0000,0.0000,0.0000]
	許可:[0.0000,0.0000,0.0000,0.0000]
	前提:[0.0000,0.0000,0.0000,0.0000]
	将来:[0.0001,0.0000,0.0000,0.0000]
	目的:[0.0007,0.0016,0.0000,0.0000]
	所有:[0.0004,0.0004,0.0000,0.0000]
	移転:[0.0000,0.0000,0.0000,0.0000]
	大まかだ:[0.0000,0.0000,0.0000,0.0000]
	違法だ:[0.0000,0.0000,0.0000,0.0000]
	売る:[0.0000,0.0000,0.0000,0.0000]
	請求:[0.0000,0.0000,0.0000,0.0000]
	売買:[0.0006,0.0000,0.0000,0.0000]
	条項:[0.0000,0.0000,0.0000,0.0000]
	通常:[0.0003,0.0003,0.0000,0.0000]
	農業:[0.0000,0.0000,0.0000,0.0000]
	順番:[0.0000,0.0003,0.0000,0.0000]
True-Positive

Section:17
	Ｆｌａｇ：：０１００
	転用して売買する場合の注意点
	農地転用には２種類あります。
	農地の所有者が自ら農地以外の用途で使用する目的
	他者への売買を目的
	農地の所有者が自ら使用するための転用は、農地法４条による転用許可で、売買が目的の農地法５条による転用許可とは扱いが異なります。
	ただ、最終的に他者へ売却するのなら、２つの違いは転用のタイミングに過ぎません。
	先に転用してから売却するか、売却と同時に転用するかという違いです。
	転用はどちらが先でも同じように思えますが、転用許可の制度上、単に転用する許可申請は認められず、転用後の事業計画を必要とします。
	例えば、「とりあえず農地から宅地や雑種地にしておき、後から買主が現れるまで待つ」というような転用許可申請は認められません。
Score:0.00059338639375
EACH_TAG_SCORE:
	image:8.98193272907e-05
	table:0.000439025868151
	graph:3.68472595126e-05
	flow:2.76939387949e-05
PARA:
Clueword:
	他者:[0.0000,0.0000,0.0000,0.0000]
	転用:[0.0000,0.0000,0.0000,0.0000]
	申請:[0.0000,0.0000,0.0000,0.0000]
	同じだ:[0.0035,0.0013,0.0000,0.0017]
	雑種:[0.0000,0.0000,0.0000,0.0000]
	売却:[0.0000,0.0000,0.0000,0.0000]
	計画:[0.0006,0.0000,0.0000,0.0001]
	最終だ:[0.0000,0.0000,0.0000,0.0000]
	待つ:[0.0003,0.0015,0.0000,0.0000]
	自ら:[0.0000,0.0000,0.0000,0.0000]
	単に:[0.0000,0.0000,0.0000,0.0000]
	例えば:[0.0033,0.0002,0.0000,0.0000]
	思える:[0.0000,0.0000,0.0000,0.0000]
	種類:[0.0009,0.0412,0.0023,0.0000]
	扱う:[0.0000,0.0000,0.0000,0.0000]
	買主:[0.0000,0.0000,0.0000,0.0000]
	用途:[0.0003,0.0000,0.0000,0.0000]
	現れる:[0.0004,0.0033,0.0000,0.0000]
	制度:[0.0000,0.0000,0.0000,0.0000]
	事業:[0.0000,0.0000,0.0000,0.0000]
	的だ:[0.0000,0.0022,0.0000,0.0000]
	場合:[0.0084,0.0623,0.0065,0.0017]
	使用:[0.0008,0.0003,0.0000,0.0043]
	タイミング:[0.0000,0.0000,0.0000,0.0000]
	農地:[0.0000,0.0000,0.0000,0.0000]
	異なる:[0.0020,0.0008,0.0000,0.0000]
	注意:[0.0018,0.0014,0.0007,0.0000]
	必要だ:[0.0027,0.0051,0.0008,0.0016]
	認める:[0.0000,0.0007,0.0000,0.0000]
	許可:[0.0000,0.0000,0.0000,0.0000]
	所有:[0.0004,0.0004,0.0000,0.0000]
	目的:[0.0007,0.0016,0.0000,0.0000]
	同時に:[0.0000,0.0003,0.0000,0.0000]
	売買:[0.0006,0.0000,0.0000,0.0000]
	過ぎる:[0.0007,0.0010,0.0000,0.0000]
	宅地:[0.0000,0.0000,0.0000,0.0000]
	違う:[0.0029,0.0249,0.0022,0.0000]
True-Positive

Section:19
	Ｆｌａｇ：：１０００
	農地売買の手数料
	農地として売る場合、個人間売買や農業関連機関の斡旋（あっせん）を利用する形態が主で、手数料は登記費用（登録免許税や司法書士報酬）くらいしか発生しません。
	転用による売買では、不動産会社に仲介依頼して売買できるので、登記費用の他にも不動産会社に対して仲介手数料を支払います。
	転用による売買では、転用前提であることを明示すれば、転用許可後に地目変更できるので、農地であっても宅地や雑種地同様に買いやすく、広く買主を探せます。
	したがって、売買価格も農地のまま売るよりも高くなることが想定され、不動産会社への仲介手数料も多くなります。
Score:0.00057421683108
EACH_TAG_SCORE:
	image:6.48100498722e-05
	table:0.000261797028866
	graph:0.000229462691141
	flow:1.81470612002e-05
PARA:
Clueword:
	司法書士:[0.0000,0.0000,0.0000,0.0000]
	想定:[0.0000,0.0004,0.0000,0.0000]
	利用:[0.0008,0.0017,0.0000,0.0000]
	多い:[0.0037,0.0038,0.0190,0.0000]
	雑種:[0.0000,0.0000,0.0000,0.0000]
	買う:[0.0000,0.0000,0.0000,0.0000]
	変更:[0.0000,0.0000,0.0000,0.0000]
	不動産:[0.0000,0.0000,0.0000,0.0000]
	報酬:[0.0000,0.0000,0.0000,0.0000]
	関連:[0.0000,0.0001,0.0000,0.0000]
	転用:[0.0000,0.0000,0.0000,0.0000]
	手数:[0.0000,0.0000,0.0000,0.0000]
	費用:[0.0000,0.0000,0.0000,0.0000]
	買主:[0.0000,0.0000,0.0000,0.0000]
	斡旋:[0.0004,0.0000,0.0000,0.0000]
	前提:[0.0000,0.0000,0.0000,0.0000]
	宅地:[0.0000,0.0000,0.0000,0.0000]
	探せる:[0.0000,0.0000,0.0000,0.0000]
	登録:[0.0002,0.0000,0.0000,0.0000]
	支払う:[0.0000,0.0000,0.0000,0.0000]
	広い:[0.0003,0.0003,0.0000,0.0000]
	明示:[0.0000,0.0000,0.0000,0.0000]
	主だ:[0.0010,0.0010,0.0000,0.0000]
	免許:[0.0000,0.0000,0.0000,0.0000]
	場合:[0.0084,0.0623,0.0065,0.0017]
	同様だ:[0.0000,0.0000,0.0000,0.0000]
	価格:[0.0005,0.0000,0.0000,0.0000]
	仲介:[0.0000,0.0000,0.0000,0.0000]
	農地:[0.0000,0.0000,0.0000,0.0000]
	依頼:[0.0000,0.0000,0.0000,0.0000]
	登記:[0.0000,0.0000,0.0000,0.0000]
	許可:[0.0000,0.0000,0.0000,0.0000]
	対する:[0.0000,0.0007,0.0000,0.0000]
	高い:[0.0015,0.0015,0.0325,0.0000]
	個人:[0.0002,0.0007,0.0000,0.0014]
	売る:[0.0000,0.0000,0.0000,0.0000]
	売買:[0.0006,0.0000,0.0000,0.0000]
	形態:[0.0000,0.0000,0.0000,0.0000]
	会社:[0.0000,0.0009,0.0000,0.0000]
	発生:[0.0010,0.0011,0.0074,0.0021]
	農業:[0.0000,0.0000,0.0000,0.0000]
	機関:[0.0000,0.0000,0.0000,0.0000]
True-Positive

Section:18
	Ｆｌａｇ：：００００
	宅地なら建物を建てる計画、雑種地なら駐車場や資材置き場などの計画が必要とされ、転用許可後は速やかに計画を実行する必要があります。
	そのため、先に転用する場合は、申請した転用目的を一旦は達成しなくてはならなくなり、売買が目的なら先に転用する方法は非効率です。
	もっとも、すぐには売れなくても、耕作もできない事情があるなら、一旦は比較的費用がかからない駐車場に転用して、長期的に売り出す方法は十分考えられます。
Score:0.000571334699071
EACH_TAG_SCORE:
	image:8.75042377965e-05
	table:0.000372560685188
	graph:8.30138975455e-05
	flow:2.82558785409e-05
PARA:
Clueword:
	転用:[0.0000,0.0000,0.0000,0.0000]
	売る:[0.0000,0.0000,0.0000,0.0000]
	建てる:[0.0000,0.0000,0.0000,0.0000]
	達成:[0.0000,0.0000,0.0000,0.0000]
	場合:[0.0084,0.0623,0.0065,0.0017]
	効率:[0.0000,0.0003,0.0000,0.0000]
	速やかだ:[0.0000,0.0000,0.0000,0.0000]
	事情:[0.0000,0.0000,0.0000,0.0000]
	売買:[0.0006,0.0000,0.0000,0.0000]
	比較的:[0.0000,0.0000,0.0069,0.0000]
	雑種:[0.0000,0.0000,0.0000,0.0000]
	方法:[0.0042,0.0063,0.0006,0.0027]
	許可:[0.0000,0.0000,0.0000,0.0000]
	的だ:[0.0000,0.0022,0.0000,0.0000]
	計画:[0.0006,0.0000,0.0000,0.0001]
	必要だ:[0.0027,0.0051,0.0008,0.0016]
	考える:[0.0006,0.0010,0.0019,0.0000]
	目的:[0.0007,0.0016,0.0000,0.0000]
	長期:[0.0003,0.0000,0.0000,0.0000]
	費用:[0.0000,0.0000,0.0000,0.0000]
	申請:[0.0000,0.0000,0.0000,0.0000]
	一旦:[0.0000,0.0005,0.0012,0.0000]
	出す:[0.0005,0.0005,0.0000,0.0000]
	宅地:[0.0000,0.0000,0.0000,0.0000]
False-Positive

Section:20
	Ｆｌａｇ：：００００
	登記については、買主負担となる商習慣から、売主の負担はほとんど発生しませんが、費用負担は売買契約によって定められるので、売主負担になることもあります。
	まとめ
	農地の売買は、農地が持つ重要な役割から、法律で規制されています。
	また、農地以外に転用できるかどうかで、売買価格も買い手も異なります。
	農地転用が可能かどうかを知りたいのであれば、農地区分を農業委員会に確認してみるのが確実でしょう。
	また、売買や転用には農業委員会の許可が必要で、しかも許可されるまでには１ヶ月程度（届出による場合は１０日程度）要するため、手間も時間もかける覚悟は必要です。
Score:0.000444780866758
EACH_TAG_SCORE:
	image:6.68902331473e-05
	table:0.000272702537403
	graph:7.70321317233e-05
	flow:2.81559644847e-05
PARA:
Clueword:
	転用:[0.0000,0.0000,0.0000,0.0000]
	確認:[0.0008,0.0026,0.0000,0.0000]
	費用:[0.0000,0.0000,0.0000,0.0000]
	負担:[0.0000,0.0001,0.0000,0.0000]
	区分:[0.0000,0.0000,0.0000,0.0000]
	要する:[0.0000,0.0003,0.0000,0.0000]
	必要だ:[0.0027,0.0051,0.0008,0.0016]
	手間:[0.0001,0.0000,0.0000,0.0000]
	役割:[0.0000,0.0000,0.0000,0.0000]
	買主:[0.0000,0.0000,0.0000,0.0000]
	重要だ:[0.0008,0.0012,0.0015,0.0000]
	売主:[0.0000,0.0000,0.0000,0.0000]
	場合:[0.0084,0.0623,0.0065,0.0017]
	習慣:[0.0000,0.0000,0.0000,0.0000]
	価格:[0.0005,0.0000,0.0000,0.0000]
	委員:[0.0000,0.0000,0.0000,0.0000]
	農地:[0.0000,0.0000,0.0000,0.0000]
	異なる:[0.0020,0.0008,0.0000,0.0000]
	登記:[0.0000,0.0000,0.0000,0.0000]
	確実だ:[0.0000,0.0000,0.0000,0.0000]
	可能だ:[0.0011,0.0015,0.0014,0.0000]
	契約:[0.0000,0.0000,0.0000,0.0000]
	法律:[0.0000,0.0000,0.0000,0.0000]
	許可:[0.0000,0.0000,0.0000,0.0000]
	程度:[0.0006,0.0013,0.0008,0.0000]
	時間:[0.0000,0.0007,0.0037,0.0000]
	規制:[0.0000,0.0000,0.0000,0.0000]
	持つ:[0.0002,0.0002,0.0000,0.0015]
	売買:[0.0006,0.0000,0.0000,0.0000]
	届出:[0.0000,0.0000,0.0000,0.0000]
	知る:[0.0000,0.0009,0.0000,0.0012]
	買い手:[0.0003,0.0000,0.0000,0.0000]
	発生:[0.0010,0.0011,0.0074,0.0021]
	農業:[0.0000,0.0000,0.0000,0.0000]
True-Negative

Section:16
	Ｆｌａｇ：：００００
	農業委員会で不許可になった場合
	売買許可または転用許可は、必ずしも許可されるとは限らないため、農地の売買契約書では、不許可になった場合の条項も定めておきます。
	不許可になった場合は、売買契約が許可を前提としている性質上、当事者からの申し入れがなくても、当然に売買契約が失効して違約金も通常発生しません。
	手付金においても、不許可であればそのまま返還される、いわゆる白紙解除です。
	ただし、不許可を理由としない一方の都合による解約では、一般的な不動産取引と同様に、買主の手付金放棄または売主の手付金倍返しになります。
Score:0.000420852380545
EACH_TAG_SCORE:
	image:5.0686768946e-05
	table:0.000289553255184
	graph:5.16652212691e-05
	flow:2.89471351454e-05
PARA:
Clueword:
	転用:[0.0000,0.0000,0.0000,0.0000]
	取引:[0.0002,0.0000,0.0000,0.0000]
	一般:[0.0007,0.0015,0.0000,0.0040]
	不動産:[0.0000,0.0000,0.0000,0.0000]
	必ずしも:[0.0008,0.0009,0.0000,0.0000]
	買主:[0.0000,0.0000,0.0000,0.0000]
	性質:[0.0000,0.0000,0.0000,0.0000]
	前提:[0.0000,0.0000,0.0000,0.0000]
	限る:[0.0004,0.0004,0.0000,0.0000]
	農業:[0.0000,0.0000,0.0000,0.0000]
	当然だ:[0.0001,0.0000,0.0000,0.0000]
	的だ:[0.0000,0.0022,0.0000,0.0000]
	場合:[0.0084,0.0623,0.0065,0.0017]
	同様だ:[0.0000,0.0000,0.0000,0.0000]
	売主:[0.0000,0.0000,0.0000,0.0000]
	委員:[0.0000,0.0000,0.0000,0.0000]
	農地:[0.0000,0.0000,0.0000,0.0000]
	契約:[0.0000,0.0000,0.0000,0.0000]
	違約:[0.0000,0.0000,0.0000,0.0000]
	一方:[0.0003,0.0082,0.0000,0.0000]
	都合:[0.0001,0.0000,0.0000,0.0000]
	許可:[0.0000,0.0000,0.0000,0.0000]
	理由:[0.0007,0.0007,0.0000,0.0000]
	売買:[0.0006,0.0000,0.0000,0.0000]
	条項:[0.0000,0.0000,0.0000,0.0000]
	発生:[0.0010,0.0011,0.0074,0.0021]
	通常:[0.0003,0.0003,0.0000,0.0000]
True-Negative

Section:3
	Ｆｌａｇ：：００００
	農地を売却する場合、宅地など農地以外へ転用できる農地と、農地として利用しなくてはならない農地では、買い手も異なり手続きも変わってきます。
	農地の売買で、知っておくべきことをまとめました。
	農地は用途が耕作と決まっており、農家や農業参入者以外は買うことができません。
	ただし、この制限は“農地”であって、“元は農地”なら誰にでも売ることができます。
	つまり、農地を農地以外にしてしまえば、買い手が農家や農業参入者に制限されないということで、農地以外にできるかどうかが１つの分かれ目です。
Score:0.000368299969752
EACH_TAG_SCORE:
	image:5.25309166406e-05
	table:0.00026407782778
	graph:3.530780967e-05
	flow:1.63834156617e-05
PARA:
Clueword:
	転用:[0.0000,0.0000,0.0000,0.0000]
	利用:[0.0008,0.0017,0.0000,0.0000]
	買う:[0.0000,0.0000,0.0000,0.0000]
	農家:[0.0000,0.0000,0.0000,0.0000]
	知る:[0.0000,0.0009,0.0000,0.0012]
	用途:[0.0003,0.0000,0.0000,0.0000]
	制限:[0.0002,0.0000,0.0000,0.0000]
	変わる:[0.0006,0.0012,0.0025,0.0013]
	宅地:[0.0000,0.0000,0.0000,0.0000]
	分かれ目:[0.0000,0.0000,0.0000,0.0000]
	場合:[0.0084,0.0623,0.0065,0.0017]
	異なる:[0.0020,0.0008,0.0000,0.0000]
	手続き:[0.0000,0.0000,0.0000,0.0000]
	売却:[0.0000,0.0000,0.0000,0.0000]
	農地:[0.0000,0.0000,0.0000,0.0000]
	売る:[0.0000,0.0000,0.0000,0.0000]
	売買:[0.0006,0.0000,0.0000,0.0000]
	買い手:[0.0003,0.0000,0.0000,0.0000]
	農業:[0.0000,0.0000,0.0000,0.0000]
True-Negative

Section:9
	Ｆｌａｇ：：０１００
	農地売買の相場
	一言で農地といっても、都市近郊型の農地から山間部の農地まで広く、同じ規模の農地でも、売買価格が異なって当然です。
	そこで、全国農業会議所が公表している、田畑売買価格の調査結果を１つの目安として、どのくらいで取引されているか確認してみました。
Score:0.000296640561325
EACH_TAG_SCORE:
	image:7.65785797296e-05
	table:7.73994958324e-05
	graph:0.00011895545731
	flow:2.37070284531e-05
PARA:
Clueword:
	一言:[0.0000,0.0000,0.0000,0.0000]
	調査:[0.0003,0.0003,0.0000,0.0000]
	山間:[0.0000,0.0000,0.0000,0.0000]
	当然だ:[0.0001,0.0000,0.0000,0.0000]
	広い:[0.0003,0.0003,0.0000,0.0000]
	取引:[0.0002,0.0000,0.0000,0.0000]
	同じだ:[0.0035,0.0013,0.0000,0.0017]
	価格:[0.0005,0.0000,0.0000,0.0000]
	農地:[0.0000,0.0000,0.0000,0.0000]
	異なる:[0.0020,0.0008,0.0000,0.0000]
	公表:[0.0000,0.0000,0.0000,0.0000]
	都市:[0.0000,0.0000,0.0000,0.0000]
	会議:[0.0004,0.0012,0.0000,0.0000]
	目安:[0.0002,0.0000,0.0000,0.0000]
	田畑:[0.0000,0.0000,0.0000,0.0000]
	確認:[0.0008,0.0026,0.0000,0.0000]
	規模:[0.0000,0.0000,0.0000,0.0000]
	相場:[0.0018,0.0037,0.0128,0.0000]
	売買:[0.0006,0.0000,0.0000,0.0000]
	結果:[0.0000,0.0006,0.0038,0.0016]
	農業:[0.0000,0.0000,0.0000,0.0000]
	近郊:[0.0000,0.0000,0.0000,0.0000]
	全国:[0.0000,0.0000,0.0000,0.0000]
False-Negative

Section:1
	Ｆｌａｇ：：００００
	農地の売買について。
	現在の価格相場と売却方法
	都市部を少し離れて田舎に向かうだけで、何も作られていない休耕地や、荒れてしまった耕作放棄地を目にすることは珍しくありません。
	農家の高齢化が問題になってから久しく、後継ぎがいないために農地を売却したい人、農地を相続した結果、農業ができずに不要になっている人が増えていると言います。
	ところが、国民の食料自給の礎となるべき農地は、その保護目的から売却に対し法律で極めて厳しい制限があり、自由に売却することができなくなっています。
Score:0.000235924369057
EACH_TAG_SCORE:
	image:5.49349959598e-05
	table:7.82802481322e-05
	graph:7.19314287622e-05
	flow:3.07776962031e-05
PARA:
Clueword:
	売却:[0.0000,0.0000,0.0000,0.0000]
	農家:[0.0000,0.0000,0.0000,0.0000]
	制限:[0.0002,0.0000,0.0000,0.0000]
	相場:[0.0018,0.0037,0.0128,0.0000]
	方法:[0.0042,0.0063,0.0006,0.0027]
	何も:[0.0004,0.0006,0.0000,0.0000]
	言う:[0.0011,0.0013,0.0000,0.0000]
	食料:[0.0000,0.0000,0.0000,0.0000]
	現在:[0.0011,0.0009,0.0000,0.0000]
	自給:[0.0000,0.0000,0.0000,0.0000]
	問題:[0.0014,0.0013,0.0000,0.0000]
	向かう:[0.0000,0.0000,0.0000,0.0000]
	結果:[0.0000,0.0006,0.0038,0.0016]
	自由だ:[0.0000,0.0005,0.0006,0.0000]
	価格:[0.0005,0.0000,0.0000,0.0000]
	農地:[0.0000,0.0000,0.0000,0.0000]
	作る:[0.0006,0.0002,0.0000,0.0033]
	法律:[0.0000,0.0000,0.0000,0.0000]
	都市:[0.0000,0.0000,0.0000,0.0000]
	目的:[0.0007,0.0016,0.0000,0.0000]
	不要だ:[0.0009,0.0010,0.0000,0.0000]
	増える:[0.0000,0.0003,0.0000,0.0000]
	対する:[0.0000,0.0007,0.0000,0.0000]
	売買:[0.0006,0.0000,0.0000,0.0000]
	高齢:[0.0000,0.0004,0.0000,0.0000]
	厳しい:[0.0000,0.0000,0.0000,0.0000]
	離れる:[0.0000,0.0000,0.0000,0.0000]
	農業:[0.0000,0.0000,0.0000,0.0000]
True-Negative

Section:11
	Ｆｌａｇ：：０１００
	標準的な営農水準における農地価格平均（１０アール：約１反）
	地域	田	畑
	純農業地域	１２７．０万円	９２．４万円
	都市的農業地域	３５８．９万円	３４６．７万円
	平成２７年田畑売買価格等に関する調査結果（平成２８年３月２１日発表）
	「純農業地域」とは、かんたんに言えば農村部（非線引き区域の農用地区域）で、「都市的農業地域」とは都市部周辺部（市街化調整区域の農用地区域）です。
	１０アールは１０００ｍ２で３０２．５坪ですから、価格の高い都市的農業地域でも、平均値で坪１万円強の世界です。
Score:0.000201475020699
EACH_TAG_SCORE:
	image:1.80105607784e-05
	table:2.47998095956e-05
	graph:0.000142349594425
	flow:1.63150559004e-05
PARA:
Clueword:
	周辺:[0.0000,0.0000,0.0000,0.0000]
	水準:[0.0001,0.0000,0.0000,0.0010]
	調整:[0.0000,0.0000,0.0000,0.0000]
	営農:[0.0000,0.0000,0.0000,0.0000]
	調査:[0.0003,0.0003,0.0000,0.0000]
	世界:[0.0002,0.0000,0.0000,0.0000]
	地域:[0.0000,0.0000,0.0000,0.0000]
	線引き:[0.0000,0.0000,0.0000,0.0000]
	結果:[0.0000,0.0006,0.0038,0.0016]
	発表:[0.0000,0.0000,0.0000,0.0000]
	平成:[0.0000,0.0000,0.0000,0.0000]
	的だ:[0.0000,0.0022,0.0000,0.0000]
	言う:[0.0011,0.0013,0.0000,0.0000]
	価格:[0.0005,0.0000,0.0000,0.0000]
	標準:[0.0002,0.0000,0.0000,0.0016]
	農地:[0.0000,0.0000,0.0000,0.0000]
	アール:[0.0000,0.0000,0.0000,0.0000]
	都市:[0.0000,0.0000,0.0000,0.0000]
	農用:[0.0000,0.0000,0.0000,0.0000]
	田畑:[0.0000,0.0000,0.0000,0.0000]
	農村:[0.0000,0.0000,0.0000,0.0000]
	高い:[0.0015,0.0015,0.0325,0.0000]
	市街:[0.0000,0.0000,0.0000,0.0000]
	平均:[0.0000,0.0004,0.0000,0.0000]
	売買:[0.0006,0.0000,0.0000,0.0000]
	区域:[0.0000,0.0000,0.0000,0.0000]
	関する:[0.0001,0.0000,0.0000,0.0000]
	農業:[0.0000,0.0000,0.0000,0.0000]
False-Negative

Section:7
	Ｆｌａｇ：：１０００
	農地を売買するからには、利用目的の主体が買主にあるため、売買での転用許可申請は、売主と買主の両方が申請者になり、おおむね次のような基準で判断されます。
	申請目的を実現できる資力や信用がある
	転用する農地の関係権利者から同意を得ている
	転用許可後速やかに申請目的のために使う見込みがある
	許認可が必要な事業で許認可を受けられる見込みがある
	事業のために必要な協議を行政と行っている
	転用する農地と一体に使用する土地を利用できる見込みがある
	事業の目的に適正な広さの農地である
	周囲の農地等への影響に適切な措置を講じる見込みがある
	一時的な転用では農地に戻されることが確実と認められる
	これらの条件から、「きちんと使えないなら転用させません」と分かります。
Score:0.000145330997052
EACH_TAG_SCORE:
	image:5.04199420079e-05
	table:6.48251035036e-05
	graph:1.23721273883e-05
	flow:1.77138241521e-05
PARA:
Clueword:
	転用:[0.0000,0.0000,0.0000,0.0000]
	申請:[0.0000,0.0000,0.0000,0.0000]
	利用:[0.0008,0.0017,0.0000,0.0000]
	措置:[0.0000,0.0000,0.0000,0.0000]
	講じる:[0.0000,0.0000,0.0000,0.0000]
	条件:[0.0019,0.0004,0.0000,0.0000]
	速やかだ:[0.0000,0.0000,0.0000,0.0000]
	同意:[0.0000,0.0000,0.0000,0.0000]
	受ける:[0.0002,0.0006,0.0000,0.0000]
	分かる:[0.0005,0.0009,0.0000,0.0000]
	信用:[0.0000,0.0000,0.0000,0.0000]
	一体:[0.0000,0.0000,0.0000,0.0000]
	協議:[0.0000,0.0000,0.0000,0.0000]
	使える:[0.0011,0.0009,0.0000,0.0000]
	資力:[0.0000,0.0000,0.0000,0.0000]
	適切だ:[0.0002,0.0000,0.0000,0.0000]
	得る:[0.0002,0.0008,0.0000,0.0000]
	事業:[0.0000,0.0000,0.0000,0.0000]
	広い:[0.0003,0.0003,0.0000,0.0000]
	使用:[0.0008,0.0003,0.0000,0.0043]
	両方:[0.0002,0.0025,0.0000,0.0000]
	売主:[0.0000,0.0000,0.0000,0.0000]
	主体:[0.0000,0.0000,0.0000,0.0000]
	一時的だ:[0.0003,0.0000,0.0025,0.0000]
	農地:[0.0000,0.0000,0.0000,0.0000]
	関係:[0.0000,0.0008,0.0000,0.0000]
	行く:[0.0000,0.0000,0.0000,0.0000]
	適正だ:[0.0000,0.0000,0.0000,0.0000]
	土地:[0.0000,0.0000,0.0000,0.0000]
	確実だ:[0.0000,0.0000,0.0000,0.0000]
	周囲:[0.0000,0.0000,0.0000,0.0000]
	必要だ:[0.0027,0.0051,0.0008,0.0016]
	認める:[0.0000,0.0007,0.0000,0.0000]
	許可:[0.0000,0.0000,0.0000,0.0000]
	判断:[0.0009,0.0014,0.0000,0.0000]
	目的:[0.0007,0.0016,0.0000,0.0000]
	見込む:[0.0000,0.0000,0.0000,0.0000]
	行政:[0.0000,0.0000,0.0000,0.0000]
	実現:[0.0000,0.0003,0.0000,0.0000]
	売買:[0.0006,0.0000,0.0000,0.0000]
	影響:[0.0007,0.0007,0.0000,0.0000]
	買主:[0.0000,0.0000,0.0000,0.0000]
	許認可:[0.0000,0.0000,0.0000,0.0000]
	使う:[0.0048,0.0030,0.0009,0.0000]
	基準:[0.0000,0.0000,0.0000,0.0000]
	権利:[0.0000,0.0000,0.0000,0.0000]
	戻す:[0.0000,0.0000,0.0000,0.0000]
False-Negative

Section:4
	Ｆｌａｇ：：０１００
	農地を農地以外にするための条件
	農地から農地以外の土地に変更することを転用と呼び、残念ながら転用はすべての農地で可能になっていません。
	許可されるかどうかは、「立地基準」と「一般基準」という２つの基準が関係します。
	「立地基準」とは、農地の区分で許可・不許可を決めるもので、優良で大規模な農地ほど許可されず、市街地に近いほど許可されやすくなります。
	農用地区域内農地：原則不許可
	甲種農地：原則不許可
	第１種農地：原則不許可
	第２種農地：周辺の他の土地に代えられなければ許可
	第３種農地：原則許可
	立地基準から、第２種農地と第３種農地以外は原則不許可で望み薄です。
Score:6.58923130411e-05
EACH_TAG_SCORE:
	image:2.04615536703e-05
	table:1.90674773893e-05
	graph:4.91843314577e-06
	flow:2.14448488357e-05
PARA:
Clueword:
	呼ぶ:[0.0019,0.0011,0.0000,0.0023]
	周辺:[0.0000,0.0000,0.0000,0.0000]
	変更:[0.0000,0.0000,0.0000,0.0000]
	転用:[0.0000,0.0000,0.0000,0.0000]
	条件:[0.0019,0.0004,0.0000,0.0000]
	望む:[0.0000,0.0000,0.0000,0.0000]
	区分:[0.0000,0.0000,0.0000,0.0000]
	一般:[0.0007,0.0015,0.0000,0.0040]
	原則:[0.0000,0.0000,0.0000,0.0000]
	残念だ:[0.0000,0.0000,0.0000,0.0000]
	立地:[0.0000,0.0000,0.0000,0.0000]
	近い:[0.0004,0.0003,0.0000,0.0000]
	決める:[0.0000,0.0000,0.0000,0.0000]
	優良だ:[0.0000,0.0000,0.0000,0.0000]
	農地:[0.0000,0.0000,0.0000,0.0000]
	関係:[0.0000,0.0008,0.0000,0.0000]
	代える:[0.0000,0.0000,0.0000,0.0000]
	土地:[0.0000,0.0000,0.0000,0.0000]
	可能だ:[0.0011,0.0015,0.0014,0.0000]
	農用:[0.0000,0.0000,0.0000,0.0000]
	許可:[0.0000,0.0000,0.0000,0.0000]
	規模:[0.0000,0.0000,0.0000,0.0000]
	市街:[0.0000,0.0000,0.0000,0.0000]
	区域:[0.0000,0.0000,0.0000,0.0000]
	基準:[0.0000,0.0000,0.0000,0.0000]
False-Negative

Section:2
	Ｆｌａｇ：：００１０
	食料自給率がカロリーベースで４０％程度しかなく、国土面積も小さい日本では、優良な農地の確保は優先事項だからです。
CUTOFF SECTION:Too Short

Section:5
	Ｆｌａｇ：：００００
	まずは、保有農地がどの区分に該当するか、地域の農業委員会（行政の組織なので市区町村役場）に聞くのが確実です。
CUTOFF SECTION:Too Short

Section:6
	Ｆｌａｇ：：０１００
	「一般基準」とは、農地転用の申請目的が達成できるかどうかを判断するもので、単に農地をつぶして更地にしておきたいといった、安易な目的では認められません。
CUTOFF SECTION:Too Short

Section:8
	Ｆｌａｇ：：００００
	それほど農地は守るべき土地であり、食料という不可欠な物を生み出す用地を、無駄に失わせないという意図があるのです。
CUTOFF SECTION:Too Short

Section:10
	Ｆｌａｇ：：００１０
	傾向としては、売買価格が年々下落しており、長期的な展望における農業への不安から、買い手の減少が最大の理由です。
	農地に限らず売買の対象においては、買い需要が売り需要を下回れば価格は下がり、逆なら上がりますので、農地は売り需要が勝っている現状と言えます。
CUTOFF SECTION:Too Short

Section:12
	Ｆｌａｇ：：００００
	農地価格の安さは、仲介する不動産会社にとっても仲介手数料の安さに繋がり、利益が出にくいとなれば、取り扱われないのも無理はないでしょう。
	また、広域で見た場合、比較的安い地域は北海道、東北、九州、比較的高い地域は東海、近畿、四国で、北海道が最も安く東海地方が最も高くなります。
CUTOFF SECTION:Too Short

Section:13
	Ｆｌａｇ：：００１０
	その差は純農業地域で約９倍、都市的農業地域なら１２倍〜１３倍と激しいので、同じ農地でも地域格差が大きく広がっています。
CUTOFF SECTION:Too Short

True-Negative:4
False-Positive:2
Too Short:7
True-Positive:3
False-Negative:4
precision = 0.600000
recall = 0.428571
fvalue = 0.500000