0.000308881645949
0.000222318193292
9.86614535654e-05
0.000302351783622
0.000106533032703
8.903960793e-05
0.00024216446509
0.000174840855492
0.00062081303356
0.000427964638029
0.000394497595661
0.000252045102179
0.00021210968525
0.00017141781599
0.000139228608104
9.69646780346e-05
4.70524469512e-05
0.00057244988324
0.000527530010717
0.000468102912557
0.000434539185963
0.000408944676933
0.000379263206811
0.00037832525368
0.000310573239187
0.00030807874641
0.000193655346779
0.000337443605141
0.000294840795039
0.000279149020911
0.000158548775264
0.000302830469187
0.000263590325116
0.00024602684768
0.000189956675342
0.00011516254324
0.00136584641908
0.000417656605196
0.000333931747944
0.000305232188817
0.000338244129977
0.000134400246198
0.000389235352451
0.000300532102798
0.000185453236294
0.000156246183017
9.21091334538e-05
0.000754609164422
0.000520952892581
0.000502265758029
0.00039783164632
0.000325234985601
0.000287336862443
0.000279747422135
0.000244096680346
0.000179287630858
0.000133958172959
0.000563817971981
0.000278339135912
0.000206796432772
0.000200530947483
0.000151824834883
0.000267233671014
8.76115780878e-05
6.22097795664e-05
0.000514758602313
0.000426874985211
0.000298831792435
0.000278486858873
0.000266548974173
0.000265268421285
0.000249357795975
0.000241311043705
0.000202241112064
0.000196614695301
0.00012626910885
0.00133126780572
0.00109163962302
0.000840353733309
0.000834234742205
0.00066803866929
0.000649028249637
0.000644877190628
0.000604560998208
0.000596853482125
0.00056871369651
0.00056792576851
0.000548034727488
0.000492735361779
0.000458447098864
0.000410731649366
0.000399265223361
0.000209352061794
0.000203608825284
0.000942996330748
0.000768996524292
0.000618085084834
0.000614225491523
0.000541000895606
0.000390818458175
0.000356627092111
0.000309377150946
0.00029232321532
0.000240146526382
0.000238191401125
0.000201738761383
0.000193200760078
0.000168770653163
0.00010920665879
0.000107294371539
8.17509259032e-05
6.35429988457e-05
1.48852905445e-05
0.000896238216568
0.000859748121793
0.000614985886973
0.000557819648166
0.000404433422611
0.000353652531691
0.000328487933631
0.000327859158528
0.000607557366616
0.000205914432054
0.000184637896092
0.000176103368911
0.000118991679965
0.000233784185994
0.000200869689996
0.000258832990159
4.63255874042e-05
0.000776749022119
0.000484026151816
0.000474807732907
0.000399559453709
0.000394272776615
0.000335343794633
0.00031904621687
0.000252363988724
0.00143813653755
0.000399403604584
0.000391703220771
0.000363095407329
0.00035280532072
0.000332341249899
0.000306407127322
0.000445108239541
0.000214585261742
3.07511419574e-05
0.000354968232447
0.000337566326695
0.00024571538333
0.000587239945001
0.000506949431557
0.000315176371076
0.000208739996327
0.000193597320915
0.000530634286051
0.00039354729395
0.000310893167905
0.000221165401852
0.000773755861359
0.000767130486877
0.000751526908248
0.000547184072956
0.000484714632279
0.000479880072004
0.000478366147667
0.000398281587167
0.000368790813771
0.000337409419156
0.000322042818208
0.000311187510572
0.000253857947345
0.000219512713697
0.000202176500973
0.00020033849504
0.000185397807959
0.000175276544374
0.000174261129335
0.000167810243975
0.000166869260218
0.000156115778892
0.000145600047742
0.000378020087395
0.000328991844219
0.00023999411439
0.000206895411703
0.000194113226407
0.00012576338461
0.000121054621215
0.000529039516199
0.000650746106898
0.000309490954439
0.000298975022889
0.000288787210204
0.000211931574539
0.000462935761245
0.000391820338262
0.000243938323714
0.000231976086091
0.000202890085929
0.000190947267922
0.000188868892403
0.000172558532474
0.000149363498684
0.00013512380855
0.000109436242674
0.000172624672511
0.000165789385216
0.000119312562537
0.000622848039846
0.000498735396852
0.000490655878754
0.000470806748099
0.000457946978135
0.000436586090984
0.000431733748041
0.000424585758574
0.000418724325355
0.000405981234873
0.000358353354077
0.000358308770672
0.000299571645212
0.000297461995044
0.000270057788653
0.00014836764302
0.000118156552315
7.83581167869e-05
0.000340827517575
0.000320798675097
0.000279598614235
0.000259160550442
0.000250543349359
0.000221089961454
0.000210285180987
0.000209836912672
0.000206443118267
0.000170820924513
0.000160447346716
0.000131926527169
0.00041624665729
0.000377641778399
0.000259280397976
0.000749153204778
0.000552344103609
0.000363480434215
0.000305367470966
0.000200853289381
0.000176330709924
0.000249597286795
0.000120105211299
0.000809050193726
0.000441048405044
0.000387998766372
0.000384236158928
0.000749394958487
0.000487941915561
0.000409095811921
0.000223935123112
0.000139046413318
0.000130017359445
0.000477340579854
0.000309803590045
0.000298716398445
0.00028174024898
0.000497995769044
0.000445573327741
0.000312913050137
0.000260088077149
0.000219521030106
0.000197017136601
0.000165455143711
0.000148064807108
4.38059956538e-05
0.000414235301521
0.000221904929312
0.000212545832042
0.000116953027195
9.67079576873e-05
0.000145201904484
8.19715060831e-05
0.000172486529663
0.000147318877408
1.84355145368e-05
0.000438509553354
0.000324263731366
0.000291011397294
0.000282750981899
0.000258707586982
0.000213272410556
0.000316645417676
0.000262073465727
0.000229148529422
0.000216199494756
0.000186921226116
0.000162056779235
0.000814194220205
0.000474469773818
0.000460562498298
0.000320212819794
0.000294666702584
0.000294493695155
0.00028405705826
0.000244971340376
0.000208906535389
0.000194414507557
0.000182217424135
0.000113575717269
0.000922025344413
0.000656239562284
0.000622458976777
0.000593325996707
0.000554032150011
0.000336895261369
0.000322207359362
0.000321674740077
0.000282989949337
0.000251219361646
0.000221183132696
0.000493284854848
0.000329974072573
0.000322522502774
0.00029298662627
0.000283017000788
0.000254849469327
0.000208854072397
0.000182681491789
0.000133505843943
0.000107095894063
0.00059252682787
0.000385672945557
0.000367277350321
0.000228933125613
0.000209062089899
0.000143175324536
0.000128016437054
4.68865311677e-05
0.000626902874591
0.000148769416402
0.000376175938925
0.000200764843317
0.000206262580222
0.00031629222074
0.000236640676162
8.70257609404e-05
5.5207629585e-05
0.000513947524335
0.000381475557771
0.000110520959236
0.000565256743094
0.000423234829487
0.000247593179805
0.000211081259042
0.0008487270255
0.00047104019714
0.000217513656452
0.000190213967867
0.000186990469489
0.000399897737557
0.000390750823371
0.000293609605368
0.000250023636221
0.000239844882981
0.000167836224135
0.000157338051653
0.000130950388982
0.000410737286005
0.000350797299656
0.000301249411325
0.000165489476317
0.000146710392993
0.000405549288704
0.000388862997947
0.000300089495449
0.000292976079231
0.000272787238806
0.000192474789841
0.000501330584369
0.000265699457179
0.00026305773192
0.000207456736431
0.000199641029581
0.000188270006206
0.000171266719202
0.000148493880286
0.000145096824914
0.000136704604227
7.9356841676e-05
0.000348439206578
0.000281050653634
0.000250666311392
0.00018250697408
0.000110487096758
0.000827052077811
0.000702534310837
0.000317498206448
0.00026708238387
0.000239235142554
0.00022520774285
0.000185411520026
0.000141561293822
0.000119449538504
0.000801526888194
0.000427716842271
0.000425280959975
0.000420004107883
0.000344405807013
0.000285102917969
0.000234335611956
0.000229177692456
0.000412943414657
0.000224724986252
0.000154357487268
0.000285129515008
0.000170158248728
0.000272307254617
0.000160407370241
0.00035208744979
0.000217824913599
0.000200146501176
0.000166804564776
8.23960249185e-05
0.000563309052086
0.000294800516908
0.00024364179603
0.000221565086153
0.000181896384739
0.000153031313465
0.000112662459639
0.000714168927931
0.0006780423401
0.000654813868303
0.000552822739814
0.000418142892441
0.000412709143789
0.000410322945172
0.000372053957958
0.000312843182124
0.000184750341893
0.000374101705279
0.000332353772987
0.000327775365849
0.000294203186399
0.000279130526722
0.000262190904234
0.000181509436476
0.000142174745037
0.000890013686125
0.000667787122206
0.000483931024202
0.000393171209598
0.000321140907646
0.00031283489393
0.000304797560142
0.000301822734863
0.000244798149894
0.000200094615703
0.000306791483445
0.000234487228233
0.000224189481724
0.000160330586622
0.000158197875417
1.44805125614e-05
0.000823135593894
0.000751630615432
0.000369902724041
0.00031373384652
0.00027799668188
0.000269256358852
0.000234332815687
0.000205595580825
7.98033630725e-05
0.000939201225412
0.000899666282053
0.000379853968794
0.000372346798792
0.000311205244444
0.000310738353757
0.000303705391962
0.000283205951423
0.000252119679729
0.000236021633907
0.000190330265834
0.00133717361149
0.000997023739278
0.000919253807677
0.000844016823386
0.000814489792954
0.000768213425358
0.000732266706378
0.000674821637147
0.000507480505558
0.000497924230388
0.000478278934918
0.000442120405465
0.000437160817622
0.000414077246055
0.000344636239108
0.000200670394103
0.000101532889203
