Section:1
	Ｆｌａｇ：：００００
	ピコ太郎の大ヒット曲「Ｐｅｎ−Ｐｉｎｅａｐｐｌｅ−Ａｐｐｌｅ−Ｐｅｎ（ＰＰＡＰ）」を、無関係の会社が商標出願していることが問題になっている。
	これによってピコ太郎はＰＰＡＰが使えなくなってしまうのだろうか？
	ハフィントンポストでは、登録を担当している特許庁に聞いてみた。
	すると、担当者は一般論として、「著名な名称で出願があった場合、承諾の有無などが審査の対象となる」と話した。
Score:0.00152798801018
EACH_TAG_SCORE:
	image:0.000411630544906
	table:0.000619758964508
	graph:0.000234152923134
	flow:0.000262445577637
PARA:
Clueword:
	登録:[0.0001,0.0000,0.0000,0.0000]
	あう:[0.0001,0.0003,0.0000,0.0000]
	よる:[0.0034,0.0041,0.0016,0.0000]
	ヒット:[0.0000,0.0000,0.0000,0.0000]
	名称:[0.0003,0.0001,0.0000,0.0000]
	場合:[0.0060,0.0480,0.0053,0.0010]
	使える:[0.0010,0.0007,0.0000,0.0000]
	対象:[0.0006,0.0007,0.0000,0.0000]
	みる:[0.0003,0.0003,0.0016,0.0000]
	すると:[0.0001,0.0002,0.0000,0.0000]
	これ:[0.0017,0.0014,0.0000,0.0000]
	出願:[0.0000,0.0000,0.0000,0.0000]
	しまう:[0.0014,0.0011,0.0016,0.0009]
	会社:[0.0000,0.0007,0.0000,0.0000]
	する:[0.0289,0.0260,0.0123,0.0269]
	いる:[0.0118,0.0087,0.0055,0.0051]
	話す:[0.0000,0.0001,0.0005,0.0000]
	なる:[0.0111,0.0126,0.0094,0.0022]
	有無:[0.0000,0.0000,0.0000,0.0000]
	一般:[0.0007,0.0011,0.0000,0.0025]
	こと:[0.0066,0.0067,0.0051,0.0056]
	商標:[0.0000,0.0000,0.0000,0.0000]
	聞く:[0.0001,0.0005,0.0000,0.0052]
	担当:[0.0000,0.0007,0.0000,0.0000]
	問題:[0.0011,0.0010,0.0000,0.0000]
	ない:[0.0067,0.0084,0.0038,0.0027]
False-Positive

Section:2
	Ｆｌａｇ：：０１０１
	特許庁によると、商標登録の出願があった後で、手数料が支払われると、申請内容の審査が始まる。
	問題がなければ、６ヶ月程度で商標が登録されるという。
	一方、手数料の支払いがなかったり、（１）申請した商標を使った商品、サービスなどが実現する可能性が低い（２）他人が許可なく著名な名称で出願する（３）「五輪」のような公共性の高い名称を出願する−などに該当すると判断されたりした場合、登録が認められない。
	特許庁は、今回の「ＰＰＡＰ」の商標出願問題について、「個別の案件に関してはコメント差し控える」と回答。
	ただ、こうした審査基準に照らせば、大阪府の企業がピコ太郎側から承諾を得ていない場合、商標登録がされる可能性は低い。
Score:0.00116183657359
EACH_TAG_SCORE:
	image:0.000275771964361
	table:0.000405739195516
	graph:0.00031762744272
	flow:0.000162697970991
PARA:
Clueword:
	あう:[0.0001,0.0003,0.0000,0.0000]
	差し控える:[0.0000,0.0000,0.0000,0.0000]
	申請:[0.0000,0.0000,0.0000,0.0000]
	よる:[0.0034,0.0041,0.0016,0.0000]
	名称:[0.0003,0.0001,0.0000,0.0000]
	今回:[0.0000,0.0000,0.0004,0.0000]
	低い:[0.0001,0.0005,0.0198,0.0000]
	れる:[0.0010,0.0000,0.0000,0.0000]
	案件:[0.0000,0.0000,0.0000,0.0000]
	出願:[0.0000,0.0000,0.0000,0.0000]
	ただ:[0.0000,0.0000,0.0000,0.0000]
	する:[0.0289,0.0260,0.0123,0.0269]
	いる:[0.0118,0.0087,0.0055,0.0051]
	個別:[0.0000,0.0001,0.0000,0.0000]
	つく:[0.0015,0.0008,0.0006,0.0010]
	商標:[0.0000,0.0000,0.0000,0.0000]
	得る:[0.0001,0.0006,0.0000,0.0000]
	回答:[0.0028,0.0030,0.0181,0.0053]
	手数:[0.0000,0.0000,0.0000,0.0000]
	認める:[0.0000,0.0005,0.0000,0.0000]
	問題:[0.0011,0.0010,0.0000,0.0000]
	商品:[0.0006,0.0000,0.0000,0.0014]
	ようだ:[0.0057,0.0000,0.0000,0.0000]
	登録:[0.0001,0.0000,0.0000,0.0000]
	大阪:[0.0000,0.0000,0.0000,0.0000]
	該当:[0.0000,0.0000,0.0000,0.0000]
	いう:[0.0027,0.0019,0.0023,0.0028]
	支払う:[0.0000,0.0000,0.0000,0.0000]
	五輪:[0.0000,0.0000,0.0000,0.0000]
	場合:[0.0060,0.0480,0.0053,0.0010]
	から:[0.0045,0.0053,0.0018,0.0011]
	企業:[0.0006,0.0001,0.0000,0.0000]
	照らす:[0.0000,0.0000,0.0000,0.0000]
	可能だ:[0.0008,0.0012,0.0012,0.0000]
	他人:[0.0001,0.0000,0.0000,0.0000]
	一方:[0.0002,0.0063,0.0000,0.0000]
	許可:[0.0000,0.0000,0.0000,0.0000]
	判断:[0.0008,0.0011,0.0000,0.0000]
	程度:[0.0006,0.0010,0.0007,0.0000]
	られる:[0.0000,0.0017,0.0000,0.0000]
	高い:[0.0012,0.0012,0.0266,0.0000]
	サービス:[0.0012,0.0007,0.0000,0.0030]
	始まる:[0.0000,0.0002,0.0000,0.0000]
	実現:[0.0000,0.0002,0.0000,0.0000]
	内容:[0.0010,0.0033,0.0000,0.0011]
	関する:[0.0001,0.0000,0.0000,0.0000]
	ない:[0.0067,0.0084,0.0038,0.0027]
	使う:[0.0035,0.0023,0.0008,0.0000]
	基準:[0.0000,0.0000,0.0000,0.0000]
True-Positive

Section:3
	Ｆｌａｇ：：００００
	今回の問題では、大阪府の無関係の企業が２０１６年から２０１７年にかけ、ピコ太郎の所属するエイベックス側よりも前に、「ＰＰＡＰ」「ペンパイナッポーアッポーペン」など計７件を申請した。
	特許庁によると、手数料が支払われておらず、いずれも審査待ちとなっている。
	一方、エイベックス側は、「ＰＰＡＰ」のみ出願している。
	商標登録制度では、先に出願した人に商標権を与える先願主義を採用。
	出願した順番で審査するため、「ＰＰＡＰ」も先に出願した大阪府の会社の結果が出ない限り、エイベックス側の審査は始まらない。
	特許庁によると、近年一部の出願者が他人の商標を先取って申請し、手数料を支払わない事例が横行。
	特許庁は、こうした出願を一旦は受け付けるが、支払いの意思がないことを確認して却下処分を行っており、ホームページ上で注意喚起している。
	こうした事態にピコ太郎本人も困惑。
	日本テレビの情報番組「スッキリ！！」の中で、「世の中でいろんなことがある」と答えていた。
	ＰＰＡＰが使えなくなるのではと取り沙汰されたが、ピコ太郎側が承諾していなければ、そうした事態にはならなさそうだ。
Score:0.000701954752038
EACH_TAG_SCORE:
	image:0.000210086105808
	table:0.000223907066171
	graph:0.000151928448658
	flow:0.0001160331314
PARA:
Clueword:
	今回:[0.0000,0.0000,0.0004,0.0000]
	より:[0.0047,0.0025,0.0220,0.0000]
	よる:[0.0034,0.0041,0.0016,0.0000]
	確認:[0.0006,0.0020,0.0000,0.0000]
	始まる:[0.0000,0.0002,0.0000,0.0000]
	待つ:[0.0002,0.0011,0.0000,0.0000]
	れる:[0.0010,0.0000,0.0000,0.0000]
	出願:[0.0000,0.0000,0.0000,0.0000]
	処分:[0.0000,0.0000,0.0000,0.0000]
	なる:[0.0111,0.0126,0.0094,0.0022]
	受け付ける:[0.0002,0.0000,0.0000,0.0000]
	そうした:[0.0000,0.0000,0.0000,0.0000]
	本人:[0.0001,0.0000,0.0000,0.0000]
	日本:[0.0007,0.0005,0.0000,0.0000]
	する:[0.0289,0.0260,0.0123,0.0269]
	いる:[0.0118,0.0087,0.0055,0.0051]
	商標:[0.0000,0.0000,0.0000,0.0000]
	スッキリ:[0.0000,0.0000,0.0000,0.0000]
	手数:[0.0000,0.0000,0.0000,0.0000]
	情報:[0.0003,0.0013,0.0000,0.0009]
	申請:[0.0000,0.0000,0.0000,0.0000]
	事例:[0.0000,0.0000,0.0000,0.0000]
	結果:[0.0000,0.0005,0.0031,0.0010]
	意思:[0.0000,0.0000,0.0000,0.0000]
	一部:[0.0000,0.0004,0.0000,0.0000]
	登録:[0.0001,0.0000,0.0000,0.0000]
	制度:[0.0000,0.0000,0.0000,0.0000]
	採用:[0.0000,0.0000,0.0000,0.0000]
	取る:[0.0007,0.0005,0.0000,0.0000]
	支払う:[0.0000,0.0000,0.0000,0.0000]
	答える:[0.0004,0.0003,0.0000,0.0000]
	使える:[0.0010,0.0007,0.0000,0.0000]
	所属:[0.0000,0.0000,0.0000,0.0000]
	近年:[0.0000,0.0000,0.0000,0.0000]
	行く:[0.0000,0.0000,0.0000,0.0000]
	から:[0.0045,0.0053,0.0018,0.0011]
	企業:[0.0006,0.0001,0.0000,0.0000]
	会社:[0.0000,0.0007,0.0000,0.0000]
	与える:[0.0004,0.0001,0.0000,0.0000]
	大阪:[0.0000,0.0000,0.0000,0.0000]
	注意:[0.0014,0.0010,0.0006,0.0000]
	他人:[0.0001,0.0000,0.0000,0.0000]
	一方:[0.0002,0.0063,0.0000,0.0000]
	テレビ:[0.0000,0.0000,0.0000,0.0000]
	問題:[0.0011,0.0010,0.0000,0.0000]
	いずれ:[0.0000,0.0000,0.0000,0.0000]
	おる:[0.0001,0.0001,0.0000,0.0000]
	かける:[0.0005,0.0005,0.0000,0.0012]
	ある:[0.0106,0.0115,0.0058,0.0064]
	順番:[0.0000,0.0002,0.0000,0.0000]
	ため:[0.0035,0.0042,0.0007,0.0035]
	一旦:[0.0000,0.0004,0.0010,0.0000]
	出る:[0.0009,0.0009,0.0012,0.0000]
	こと:[0.0066,0.0067,0.0051,0.0056]
	エイベックス:[0.0000,0.0000,0.0000,0.0000]
	ない:[0.0067,0.0084,0.0038,0.0027]
	ペン:[0.0002,0.0002,0.0000,0.0000]
False-Positive

True-Negative:0
False-Positive:2
Too Short:0
True-Positive:1
False-Negative:0
precision = 0.333333
recall = 1.000000
fvalue = 0.500000