Section:6
	要チェック！スリのターゲットになりやすい人の６つの特徴
	ぼったくりタクシーにご用心！
	モンテネグロの観光地はどの町も見所がコンパクトにまとまっているため、基本的に観光中にタクシーを利用することはありません。
	また個人旅行をする際も、各都市間の移動はバスの利用が一般的なため、タクシーを利用する機会はあまりないかもしれません。
Score:0.00232834441677
EACH_TAG_SCORE:
	image:0.000717607789225
	table:0.000734434340528
	graph:0.000376508535575
	flow:0.000499793751437
PARA:
Clueword:
	スリ:[0.0000,0.0000,0.0000,0.0000]
	どの:[0.0001,0.0001,0.0000,0.0000]
	モンテネグロ:[0.0000,0.0000,0.0000,0.0000]
	しれる:[0.0001,0.0000,0.0000,0.0000]
	利用:[0.0006,0.0013,0.0000,0.0000]
	的だ:[0.0000,0.0017,0.0000,0.0000]
	特徴:[0.0033,0.0082,0.0000,0.0000]
	ます:[0.0222,0.0199,0.0169,0.0211]
	くる:[0.0034,0.0012,0.0012,0.0010]
	また:[0.0027,0.0020,0.0021,0.0036]
	一般:[0.0007,0.0011,0.0000,0.0025]
	なる:[0.0111,0.0126,0.0094,0.0022]
	用心:[0.0000,0.0000,0.0000,0.0000]
	ターゲット:[0.0007,0.0002,0.0000,0.0000]
	基本:[0.0022,0.0029,0.0000,0.0000]
	旅行:[0.0000,0.0002,0.0006,0.0000]
	する:[0.0289,0.0260,0.0123,0.0269]
	バス:[0.0000,0.0000,0.0000,0.0000]
	いる:[0.0118,0.0087,0.0055,0.0051]
	都市:[0.0000,0.0000,0.0000,0.0000]
	ある:[0.0106,0.0115,0.0058,0.0064]
	こと:[0.0066,0.0067,0.0051,0.0056]
	まとまる:[0.0001,0.0000,0.0000,0.0000]
	個人:[0.0001,0.0005,0.0000,0.0009]
	ため:[0.0035,0.0042,0.0007,0.0035]
	チェック:[0.0014,0.0013,0.0010,0.0000]
	機会:[0.0000,0.0000,0.0000,0.0000]
	やすい:[0.0055,0.0080,0.0000,0.0016]
	タクシー:[0.0000,0.0000,0.0000,0.0000]
	ぼる:[0.0000,0.0000,0.0000,0.0000]
worng file


Section:1
	Ｆｌａｇ：：１０００
	バルカン半島に位置する小さな小さな国、モンテネグロ。
	「アドリア海の秘宝」と呼ばれるこの国には、小さくも美しい町がたくさん点在します。
	クロアチアのドブロブニクからの日帰り旅行先としても人気で、近年少しずつではありますが、日本での知名度も上がってきているようです。
Score:0.00217535507863
EACH_TAG_SCORE:
	image:0.000715934761468
	table:0.000563342304199
	graph:0.000425133529714
	flow:0.00047094448325
PARA:
Clueword:
	呼ぶ:[0.0015,0.0009,0.0000,0.0015]
	点在:[0.0000,0.0000,0.0000,0.0000]
	たくさんだ:[0.0000,0.0002,0.0000,0.0000]
	日本:[0.0007,0.0005,0.0000,0.0000]
	ドブロブニク:[0.0000,0.0000,0.0000,0.0000]
	クロアチア:[0.0000,0.0000,0.0000,0.0000]
	少しずつ:[0.0000,0.0000,0.0000,0.0000]
	近年:[0.0000,0.0000,0.0000,0.0000]
	ます:[0.0222,0.0199,0.0169,0.0211]
	くる:[0.0034,0.0012,0.0012,0.0010]
	半島:[0.0000,0.0000,0.0000,0.0000]
	れる:[0.0010,0.0000,0.0000,0.0000]
	旅行:[0.0000,0.0002,0.0006,0.0000]
	小さな:[0.0006,0.0007,0.0000,0.0000]
	する:[0.0289,0.0260,0.0123,0.0269]
	いる:[0.0118,0.0087,0.0055,0.0051]
	位置:[0.0027,0.0000,0.0000,0.0000]
	ある:[0.0106,0.0115,0.0058,0.0064]
	日帰り:[0.0000,0.0000,0.0000,0.0000]
	この:[0.0019,0.0018,0.0007,0.0033]
	バルカン:[0.0000,0.0000,0.0000,0.0000]
	人気:[0.0002,0.0000,0.0008,0.0000]
	モンテネグロ:[0.0000,0.0000,0.0000,0.0000]
	小さい:[0.0045,0.0023,0.0143,0.0000]
	美しい:[0.0001,0.0000,0.0000,0.0000]
	アドリア:[0.0000,0.0000,0.0000,0.0000]
	知名度:[0.0000,0.0000,0.0000,0.0000]
	ようだ:[0.0057,0.0000,0.0000,0.0000]
	から:[0.0045,0.0053,0.0018,0.0011]
	上がる:[0.0005,0.0002,0.0000,0.0000]
True-Positive

Section:4
	Ｆｌａｇ：：００１０
	海外旅行で一番遭う確率の高い犯罪のひとつといえばスリ・置き引き。
	モンテネグロでも、旅行者が一番被害に遭う確率の高い犯罪のひとつがスリです。
	せっかくの楽しい旅行も、スリや置き引きに遭ってしまうと一気に雰囲気が台無しになってしまいます。
	嫌な気分になるだけでなく、特にパスポートを紛失してしまうと貴重な現地での時間も無駄に。
Score:0.00176684715626
EACH_TAG_SCORE:
	image:0.000459431724745
	table:0.000448444347762
	graph:0.000519656459617
	flow:0.000339314624137
PARA:
Clueword:
	気分:[0.0000,0.0000,0.0000,0.0000]
	スリ:[0.0000,0.0000,0.0000,0.0000]
	嫌だ:[0.0000,0.0000,0.0000,0.0000]
	いう:[0.0027,0.0019,0.0023,0.0028]
	置く:[0.0002,0.0000,0.0000,0.0000]
	特に:[0.0000,0.0005,0.0000,0.0000]
	無駄だ:[0.0000,0.0000,0.0000,0.0000]
	せっかく:[0.0000,0.0000,0.0000,0.0000]
	ます:[0.0222,0.0199,0.0169,0.0211]
	紛失:[0.0000,0.0000,0.0000,0.0000]
	犯罪:[0.0000,0.0000,0.0000,0.0000]
	確率:[0.0000,0.0000,0.0000,0.0000]
	一気だ:[0.0000,0.0000,0.0000,0.0000]
	海外:[0.0002,0.0002,0.0000,0.0000]
	引く:[0.0001,0.0002,0.0000,0.0000]
	しまう:[0.0014,0.0011,0.0016,0.0009]
	なる:[0.0111,0.0126,0.0094,0.0022]
	雰囲気:[0.0005,0.0002,0.0000,0.0000]
	ひと:[0.0004,0.0004,0.0000,0.0009]
	旅行:[0.0000,0.0002,0.0006,0.0000]
	する:[0.0289,0.0260,0.0123,0.0269]
	遭う:[0.0000,0.0000,0.0000,0.0000]
	現地:[0.0000,0.0000,0.0000,0.0000]
	高い:[0.0012,0.0012,0.0266,0.0000]
	貴重だ:[0.0000,0.0000,0.0000,0.0000]
	パスポート:[0.0000,0.0000,0.0000,0.0000]
	時間:[0.0000,0.0006,0.0030,0.0000]
	一番:[0.0005,0.0014,0.0101,0.0000]
	モンテネグロ:[0.0000,0.0000,0.0000,0.0000]
	被害:[0.0000,0.0000,0.0000,0.0000]
	でも:[0.0021,0.0016,0.0018,0.0000]
	ない:[0.0067,0.0084,0.0038,0.0027]
True-Positive

Section:7
	Ｆｌａｇ：：００１０
	ですが、もしタクシーを使う機会があれば、くれぐれもぼったくりタクシーにご注意ください！残念ながら、旅行者の足元を見て通常料金の３倍、４倍の値段をふっかける悪質なドライバーなどが稀にいるようです。
	でも、事前に対策をしていれば、ぼったくり被害に遭う確率をぐっと減らすことができます。
	下記記事をヒントに、被害に遭わないように用心してくださいね。
	ぼったくりタクシーに遭わないために、知っておきたいポイント
Score:0.00174981929942
EACH_TAG_SCORE:
	image:0.000560435678356
	table:0.000492863464418
	graph:0.000309767671547
	flow:0.000386752485103
PARA:
Clueword:
	ふっかける:[0.0000,0.0000,0.0000,0.0000]
	足元:[0.0000,0.0000,0.0000,0.0000]
	ヒント:[0.0000,0.0000,0.0000,0.0000]
	記事:[0.0000,0.0000,0.0000,0.0000]
	機会:[0.0000,0.0000,0.0000,0.0000]
	できる:[0.0030,0.0048,0.0012,0.0010]
	ます:[0.0222,0.0199,0.0169,0.0211]
	ぐっと:[0.0003,0.0003,0.0000,0.0000]
	たい:[0.0004,0.0005,0.0006,0.0000]
	くる:[0.0034,0.0012,0.0012,0.0010]
	確率:[0.0000,0.0000,0.0000,0.0000]
	ポイント:[0.0006,0.0009,0.0000,0.0000]
	対策:[0.0008,0.0005,0.0000,0.0035]
	注意:[0.0014,0.0010,0.0006,0.0000]
	用心:[0.0000,0.0000,0.0000,0.0000]
	残念だ:[0.0000,0.0000,0.0000,0.0000]
	旅行:[0.0000,0.0002,0.0006,0.0000]
	する:[0.0289,0.0260,0.0123,0.0269]
	遭う:[0.0000,0.0000,0.0000,0.0000]
	いる:[0.0118,0.0087,0.0055,0.0051]
	ですが:[0.0000,0.0000,0.0000,0.0000]
	事前:[0.0000,0.0000,0.0000,0.0000]
	ある:[0.0106,0.0115,0.0058,0.0064]
	ない:[0.0067,0.0084,0.0038,0.0027]
	もし:[0.0000,0.0001,0.0014,0.0000]
	使う:[0.0035,0.0023,0.0008,0.0000]
	料金:[0.0000,0.0000,0.0000,0.0000]
	くださる:[0.0022,0.0006,0.0017,0.0039]
	値段:[0.0002,0.0008,0.0030,0.0000]
	ながら:[0.0005,0.0001,0.0000,0.0000]
	ため:[0.0035,0.0042,0.0007,0.0035]
	悪質だ:[0.0000,0.0000,0.0000,0.0000]
	おく:[0.0011,0.0015,0.0012,0.0000]
	稀だ:[0.0000,0.0000,0.0000,0.0000]
	下記:[0.0009,0.0000,0.0000,0.0000]
	知る:[0.0000,0.0007,0.0000,0.0007]
	見る:[0.0016,0.0012,0.0012,0.0000]
	ドライバー:[0.0000,0.0000,0.0000,0.0000]
	減らす:[0.0000,0.0000,0.0000,0.0000]
	被害:[0.0000,0.0000,0.0000,0.0000]
	こと:[0.0066,0.0067,0.0051,0.0056]
	通常:[0.0002,0.0002,0.0000,0.0000]
	でも:[0.0021,0.0016,0.0018,0.0000]
	くれぐれも:[0.0000,0.0000,0.0000,0.0000]
	ようだ:[0.0057,0.0000,0.0000,0.0000]
	タクシー:[0.0000,0.0000,0.0000,0.0000]
	ぼる:[0.0000,0.0000,0.0000,0.0000]
True-Positive

Section:8
	Ｆｌａｇ：：１０００
	デリケートな話題に気をつけて
	とても気さくで、おしゃべり好きなモンテネグロの人々。
	モンテネグロの民族構成は少し複雑で、モンテネグロ人、セルビア人、アルバニア人など、様々な民族が暮らしています。
	旧ユーゴスラビア内戦やセルビア・モンテネグロからの独立をはじめとする、民族的・宗教的・政治的な話題は思わぬ誤解に発展してしまう可能性もあります。
	相手から話してくれる場合は別ですが、そうでなければこちらからそのような話題を持ち出すのは控えましょう。
Score:0.00157567137943
EACH_TAG_SCORE:
	image:0.000460134039614
	table:0.000583971320844
	graph:0.000244441104514
	flow:0.000287124914453
PARA:
Clueword:
	控える:[0.0000,0.0003,0.0000,0.0000]
	こちら:[0.0006,0.0005,0.0000,0.0011]
	様々だ:[0.0030,0.0001,0.0000,0.0000]
	持ち出す:[0.0000,0.0000,0.0000,0.0000]
	好きだ:[0.0000,0.0000,0.0003,0.0000]
	的だ:[0.0000,0.0017,0.0000,0.0000]
	気さくだ:[0.0000,0.0000,0.0000,0.0000]
	とても:[0.0000,0.0000,0.0000,0.0000]
	おしゃべり:[0.0000,0.0000,0.0000,0.0000]
	ます:[0.0222,0.0199,0.0169,0.0211]
	そのような:[0.0000,0.0000,0.0000,0.0000]
	人々:[0.0000,0.0000,0.0000,0.0000]
	くれる:[0.0005,0.0001,0.0000,0.0000]
	アルバニア:[0.0000,0.0000,0.0000,0.0000]
	別だ:[0.0000,0.0000,0.0000,0.0000]
	セルビア:[0.0000,0.0000,0.0000,0.0000]
	構成:[0.0037,0.0006,0.0000,0.0000]
	しまう:[0.0014,0.0011,0.0016,0.0009]
	はじめる:[0.0001,0.0000,0.0000,0.0000]
	場合:[0.0060,0.0480,0.0053,0.0010]
	発展:[0.0000,0.0000,0.0000,0.0000]
	民族:[0.0000,0.0000,0.0000,0.0000]
	つける:[0.0009,0.0009,0.0000,0.0000]
	する:[0.0289,0.0260,0.0123,0.0269]
	政治:[0.0000,0.0000,0.0000,0.0000]
	いる:[0.0118,0.0087,0.0055,0.0051]
	相手:[0.0007,0.0001,0.0000,0.0000]
	話す:[0.0000,0.0001,0.0005,0.0000]
	独立:[0.0000,0.0000,0.0000,0.0000]
	誤解:[0.0000,0.0000,0.0000,0.0000]
	可能だ:[0.0008,0.0012,0.0012,0.0000]
	ある:[0.0106,0.0115,0.0058,0.0064]
	話題:[0.0000,0.0000,0.0006,0.0000]
	宗教:[0.0000,0.0000,0.0000,0.0000]
	そう:[0.0003,0.0002,0.0010,0.0000]
	内戦:[0.0000,0.0000,0.0000,0.0000]
	モンテネグロ:[0.0000,0.0000,0.0000,0.0000]
	暮らす:[0.0000,0.0000,0.0000,0.0000]
	ない:[0.0067,0.0084,0.0038,0.0027]
	から:[0.0045,0.0053,0.0018,0.0011]
	複雑だ:[0.0036,0.0003,0.0000,0.0000]
True-Positive

Section:5
	Ｆｌａｇ：：００００
	しかも、モンテネグロ国内には日本大使館はなく、お隣のセルビアの日本大使館が兼務しているため、パスポートの再発行などの手続きには、通常以上に時間や手間がかかります。
	くれぐれもパスポートだけは失くさない、盗まれないようにご注意ください！
	※万が一パスポートの盗難被害に遭ってしまった際は、帰国するためにパスポートの再発行の手続きを速やかに行う必要があります。
	パスポートの再発行の手順については「【クロアチア治安情報】旅行中スリ・盗難に遭ったらどうする？」をご参照ください（モンテネグロでもクロアチア語が問題なく通じるので、記事内で紹介しているクロアチア語フレーズがそのまま通じます）。
	パスポート再発行の手続きも、必要書類などクロアチアのものとほとんど同じです。
	スリをする相手もプロ、ターゲットとなる人物をしっかりと品定めしています。
	混雑したバスなどの車内はもちろん、散策中も貴重品には常に気を配りましょう。
	スリのターゲットになりやすい人の特徴を学んで、標的にならないようにしっかりと対策をしてくださいね。
Score:0.000938838980247
EACH_TAG_SCORE:
	image:0.000296819258176
	table:0.00027749698642
	graph:0.000157328265831
	flow:0.00020719446982
PARA:
Clueword:
	そのまま:[0.0001,0.0002,0.0000,0.0000]
	常に:[0.0004,0.0000,0.0000,0.0000]
	スリ:[0.0000,0.0000,0.0000,0.0000]
	対策:[0.0008,0.0005,0.0000,0.0035]
	同じだ:[0.0027,0.0010,0.0000,0.0011]
	手順:[0.0000,0.0000,0.0000,0.0094]
	フレーズ:[0.0026,0.0000,0.0000,0.0000]
	れる:[0.0010,0.0000,0.0000,0.0000]
	しまう:[0.0014,0.0011,0.0016,0.0009]
	かかる:[0.0002,0.0002,0.0000,0.0012]
	なる:[0.0111,0.0126,0.0094,0.0022]
	通ずる:[0.0001,0.0000,0.0000,0.0000]
	情報:[0.0003,0.0013,0.0000,0.0009]
	ターゲット:[0.0007,0.0002,0.0000,0.0000]
	日本:[0.0007,0.0005,0.0000,0.0000]
	する:[0.0289,0.0260,0.0123,0.0269]
	遭う:[0.0000,0.0000,0.0000,0.0000]
	いる:[0.0118,0.0087,0.0055,0.0051]
	盗む:[0.0001,0.0000,0.0000,0.0000]
	必要だ:[0.0020,0.0039,0.0006,0.0010]
	くださる:[0.0022,0.0006,0.0017,0.0039]
	つく:[0.0015,0.0008,0.0006,0.0010]
	問題:[0.0011,0.0010,0.0000,0.0000]
	ほとんど:[0.0006,0.0006,0.0060,0.0000]
	以上:[0.0006,0.0024,0.0000,0.0000]
	もの:[0.0027,0.0015,0.0007,0.0022]
	モンテネグロ:[0.0000,0.0000,0.0000,0.0000]
	くれぐれも:[0.0000,0.0000,0.0000,0.0000]
	ようだ:[0.0057,0.0000,0.0000,0.0000]
	どう:[0.0003,0.0001,0.0004,0.0000]
	記事:[0.0000,0.0000,0.0000,0.0000]
	万が一:[0.0000,0.0000,0.0000,0.0000]
	特徴:[0.0033,0.0082,0.0000,0.0000]
	行う:[0.0007,0.0008,0.0006,0.0010]
	ます:[0.0222,0.0199,0.0169,0.0211]
	紹介:[0.0006,0.0003,0.0000,0.0000]
	参照:[0.0001,0.0000,0.0000,0.0000]
	クロアチア:[0.0000,0.0000,0.0000,0.0000]
	手間:[0.0001,0.0000,0.0000,0.0000]
	セルビア:[0.0000,0.0000,0.0000,0.0000]
	書類:[0.0000,0.0000,0.0000,0.0000]
	注意:[0.0014,0.0010,0.0006,0.0000]
	手続き:[0.0000,0.0000,0.0000,0.0000]
	発行:[0.0000,0.0000,0.0000,0.0000]
	バス:[0.0000,0.0000,0.0000,0.0000]
	人物:[0.0000,0.0000,0.0000,0.0000]
	学ぶ:[0.0000,0.0000,0.0000,0.0000]
	相手:[0.0007,0.0001,0.0000,0.0000]
	ある:[0.0106,0.0115,0.0058,0.0064]
	貴重だ:[0.0000,0.0000,0.0000,0.0000]
	やすい:[0.0055,0.0080,0.0000,0.0016]
	パスポート:[0.0000,0.0000,0.0000,0.0000]
	時間:[0.0000,0.0006,0.0030,0.0000]
	速やかだ:[0.0000,0.0000,0.0000,0.0000]
	ため:[0.0035,0.0042,0.0007,0.0035]
	しっかり:[0.0000,0.0000,0.0000,0.0000]
	被害:[0.0000,0.0000,0.0000,0.0000]
	通常:[0.0002,0.0002,0.0000,0.0000]
	でも:[0.0021,0.0016,0.0018,0.0000]
	旅行:[0.0000,0.0002,0.0006,0.0000]
	ない:[0.0067,0.0084,0.0038,0.0027]
	もちろん:[0.0000,0.0000,0.0000,0.0000]
False-Positive

Section:2
	Ｆｌａｇ：：００００
	「今度クルーズ旅行でモンテネグロのコトルに立ち寄る予定なのですが、治安はどうですか？」「ドブロブニクから日帰りでモンテネグロのコトルに行こうと思っているのですが、ひとり旅でも安全ですか？」このようなご質問を時折頂戴します。
	日本では「どんな国か全く想像がつかない」という方がほとんどのモンテネグロ。
	治安面が心配になるのは自然なことですよね。
	ですが、モンテネグロは隣国のクロアチアと同じく、安心して旅を楽しめる平和な国。
	海外旅行ではつい気持ちが大きくなってしまいますが、普段日本で気を付けていることを守り、夜道や人気のない場所を歩かないなど、常識的な行動をすれば危険な目に遭うこともほとんどありません。
	あくまでも個人的な体験ではありますが、筆者も女性ひとりでモンテネグロを訪れたことがありますが、身の危険を感じたり、怖い体験を一度もしたことがありません。
	そんな平和なモンテネグロですが、やはり油断は禁物です。
	今回はモンテネグロ旅行をトラブルに巻き込まれることなく楽しんでいただくために気をつけてもらいたいポイントをお伝えします。
Score:0.000926832237084
EACH_TAG_SCORE:
	image:0.000278984593624
	table:0.000264665347891
	graph:0.000207283885214
	flow:0.000175898410355
PARA:
Clueword:
	予定:[0.0004,0.0001,0.0000,0.0000]
	今回:[0.0000,0.0000,0.0004,0.0000]
	感じる:[0.0010,0.0009,0.0006,0.0000]
	このような:[0.0002,0.0011,0.0018,0.0000]
	ドブロブニク:[0.0000,0.0000,0.0000,0.0000]
	伝える:[0.0000,0.0002,0.0000,0.0000]
	同じだ:[0.0027,0.0010,0.0000,0.0011]
	危険だ:[0.0000,0.0000,0.0000,0.0000]
	込む:[0.0007,0.0009,0.0008,0.0000]
	トラブル:[0.0000,0.0006,0.0000,0.0000]
	常識:[0.0000,0.0001,0.0000,0.0000]
	れる:[0.0010,0.0000,0.0000,0.0000]
	行動:[0.0000,0.0000,0.0000,0.0000]
	しまう:[0.0014,0.0011,0.0016,0.0009]
	ため:[0.0035,0.0042,0.0007,0.0035]
	なる:[0.0111,0.0126,0.0094,0.0022]
	安全だ:[0.0000,0.0000,0.0000,0.0000]
	遭う:[0.0000,0.0000,0.0000,0.0000]
	つける:[0.0009,0.0009,0.0000,0.0000]
	たい:[0.0004,0.0005,0.0006,0.0000]
	日本:[0.0007,0.0005,0.0000,0.0000]
	する:[0.0289,0.0260,0.0123,0.0269]
	付ける:[0.0011,0.0002,0.0007,0.0000]
	いる:[0.0118,0.0087,0.0055,0.0051]
	思う:[0.0005,0.0001,0.0008,0.0000]
	日帰り:[0.0000,0.0000,0.0000,0.0000]
	女性:[0.0013,0.0006,0.0008,0.0000]
	つく:[0.0015,0.0008,0.0006,0.0010]
	ほとんど:[0.0006,0.0006,0.0060,0.0000]
	つい:[0.0000,0.0002,0.0006,0.0000]
	モンテネグロ:[0.0000,0.0000,0.0000,0.0000]
	ポイント:[0.0006,0.0009,0.0000,0.0000]
	質問:[0.0007,0.0000,0.0000,0.0014]
	全く:[0.0002,0.0002,0.0000,0.0000]
	自然だ:[0.0005,0.0006,0.0008,0.0000]
	旅行:[0.0000,0.0002,0.0006,0.0000]
	いう:[0.0027,0.0019,0.0023,0.0028]
	的だ:[0.0000,0.0017,0.0000,0.0000]
	安心:[0.0004,0.0001,0.0000,0.0000]
	ます:[0.0222,0.0199,0.0169,0.0211]
	そんな:[0.0002,0.0001,0.0005,0.0000]
	行く:[0.0000,0.0000,0.0000,0.0000]
	から:[0.0045,0.0053,0.0018,0.0011]
	楽しめる:[0.0000,0.0000,0.0003,0.0000]
	大きい:[0.0030,0.0018,0.0126,0.0000]
	海外:[0.0002,0.0002,0.0000,0.0000]
	歩く:[0.0001,0.0001,0.0000,0.0000]
	もらう:[0.0002,0.0010,0.0000,0.0000]
	人気:[0.0002,0.0000,0.0008,0.0000]
	ひと:[0.0004,0.0004,0.0000,0.0009]
	どう:[0.0003,0.0001,0.0004,0.0000]
	いただく:[0.0004,0.0000,0.0000,0.0000]
	気持ち:[0.0000,0.0000,0.0000,0.0000]
	ですが:[0.0000,0.0000,0.0000,0.0000]
	ある:[0.0106,0.0115,0.0058,0.0064]
	楽しむ:[0.0000,0.0000,0.0000,0.0000]
	想像:[0.0000,0.0004,0.0019,0.0000]
	個人:[0.0001,0.0005,0.0000,0.0009]
	場所:[0.0004,0.0007,0.0000,0.0000]
	やはり:[0.0000,0.0000,0.0000,0.0000]
	巻く:[0.0000,0.0000,0.0000,0.0000]
	クロアチア:[0.0000,0.0000,0.0000,0.0000]
	こと:[0.0066,0.0067,0.0051,0.0056]
	でも:[0.0021,0.0016,0.0018,0.0000]
	ない:[0.0067,0.0084,0.0038,0.0027]
False-Positive

Section:9
	Ｆｌａｇ：：００００
	ビーチに貴重品を持っていかない
	アドリア海が美しいモンテネグロ。
	「せっかく夏に来たのだから、アドリア海で泳ぎたい！」という方もいらっしゃると思います。
	ビーチに行く際はお財布やカメラ、スマホなどの貴重品は、できるだけ持って行かないようにしましょう。
	とくに一人旅の際は要注意。
	ビーチを離れて海で泳いでいる間に盗まれてしまう可能性があります。
	海水浴に行く際は、最低限のお金、荷物だけを持って行くようにしてくださいね。
	支払い内容を必ず確認する
	特にコトルなどの観光地のレストランではお勘定時にレシート（支払い内容）をしっかりと確認しましょう。
	これはモンテネグロに限った話ではありませんが、「食べていないはずの料理や、飲んでいないはずのドリンクがお勘定に入っていた」なんてことがしばしば起こり得ます。
	「何かおかしい」と思ったら、すぐにその場で伝えましょう。
	もちろん悪意なくミスをしまった可能性もありますが、なかには故意に割り増し料金を請求をする悪質なウェイターもいるので、毎回しっかりと確認を行ってくださいね。
	以上を頭の片隅に置いて、モンテネグロ旅行を安全に楽しんでくださいね！
Score:0.000756547961503
EACH_TAG_SCORE:
	image:0.000235571012476
	table:0.000224628993582
	graph:0.00013200511487
	flow:0.000164342840574
PARA:
Clueword:
	スマホ:[0.0001,0.0000,0.0000,0.0000]
	カメラ:[0.0000,0.0000,0.0000,0.0000]
	ドリンク:[0.0000,0.0000,0.0000,0.0000]
	せっかく:[0.0000,0.0000,0.0000,0.0000]
	できる:[0.0030,0.0048,0.0012,0.0010]
	確認:[0.0006,0.0020,0.0000,0.0000]
	れる:[0.0010,0.0000,0.0000,0.0000]
	しまう:[0.0014,0.0011,0.0016,0.0009]
	毎回:[0.0005,0.0005,0.0000,0.0000]
	安全だ:[0.0000,0.0000,0.0000,0.0000]
	旅行:[0.0000,0.0002,0.0006,0.0000]
	する:[0.0289,0.0260,0.0123,0.0269]
	いる:[0.0118,0.0087,0.0055,0.0051]
	盗む:[0.0001,0.0000,0.0000,0.0000]
	得る:[0.0001,0.0006,0.0000,0.0000]
	最低:[0.0000,0.0000,0.0000,0.0000]
	思う:[0.0005,0.0001,0.0008,0.0000]
	伝える:[0.0000,0.0002,0.0000,0.0000]
	必ず:[0.0001,0.0005,0.0004,0.0000]
	料金:[0.0000,0.0000,0.0000,0.0000]
	くださる:[0.0022,0.0006,0.0017,0.0039]
	いらっしゃる:[0.0001,0.0001,0.0005,0.0000]
	食べる:[0.0000,0.0000,0.0000,0.0000]
	入る:[0.0008,0.0003,0.0000,0.0012]
	来る:[0.0000,0.0000,0.0000,0.0000]
	以上:[0.0006,0.0024,0.0000,0.0000]
	モンテネグロ:[0.0000,0.0000,0.0000,0.0000]
	ようだ:[0.0057,0.0000,0.0000,0.0000]
	起こる:[0.0006,0.0009,0.0022,0.0000]
	いく:[0.0006,0.0001,0.0005,0.0008]
	特に:[0.0000,0.0005,0.0000,0.0000]
	置く:[0.0002,0.0000,0.0000,0.0000]
	いう:[0.0027,0.0019,0.0023,0.0028]
	レストラン:[0.0000,0.0000,0.0000,0.0000]
	支払う:[0.0000,0.0000,0.0000,0.0000]
	料理:[0.0000,0.0000,0.0000,0.0000]
	アドリア:[0.0000,0.0000,0.0000,0.0000]
	すぐ:[0.0005,0.0009,0.0000,0.0000]
	なんて:[0.0001,0.0000,0.0008,0.0000]
	ます:[0.0222,0.0199,0.0169,0.0211]
	たい:[0.0004,0.0005,0.0006,0.0000]
	持つ:[0.0001,0.0001,0.0000,0.0009]
	行く:[0.0000,0.0000,0.0000,0.0000]
	から:[0.0045,0.0053,0.0018,0.0011]
	可能だ:[0.0008,0.0012,0.0012,0.0000]
	おかしい:[0.0000,0.0000,0.0000,0.0000]
	これ:[0.0017,0.0014,0.0000,0.0000]
	荷物:[0.0000,0.0000,0.0000,0.0000]
	貴重だ:[0.0000,0.0000,0.0000,0.0000]
	楽しむ:[0.0000,0.0000,0.0000,0.0000]
	飲む:[0.0000,0.0005,0.0000,0.0000]
	限る:[0.0003,0.0003,0.0000,0.0000]
	ある:[0.0106,0.0115,0.0058,0.0064]
	悪質だ:[0.0000,0.0000,0.0000,0.0000]
	請求:[0.0000,0.0000,0.0000,0.0000]
	しっかり:[0.0000,0.0000,0.0000,0.0000]
	美しい:[0.0001,0.0000,0.0000,0.0000]
	こと:[0.0066,0.0067,0.0051,0.0056]
	内容:[0.0010,0.0033,0.0000,0.0011]
	離れる:[0.0000,0.0000,0.0000,0.0000]
	なか:[0.0000,0.0002,0.0000,0.0000]
	ない:[0.0067,0.0084,0.0038,0.0027]
	もちろん:[0.0000,0.0000,0.0000,0.0000]
False-Positive

Section:3
	スリ・置き引きに注意
	集団行動をしている際はつい気が緩みがちですが、スリはそんなあなたを狙っています！
CUTOFF SECTION:worng file


True-Negative:0
False-Positive:3
Too Short:0
True-Positive:4
False-Negative:0
precision = 0.571429
recall = 1.000000
fvalue = 0.727273