Section:8
	Ｆｌａｇ：：００１０
	６．キャンドルの芯にも注目を！
	キャンドルの芯に使われていた鉛は発がんの可能性があるとして２００３年にはアメリカにおいて製造禁止となっています。
	現在日本で販売されている物で鉛を使用している物の可能性は極めて低いですが、不安な方には”ＡｒｏｍａＡｒｃｈｉｔｅｃｔ”のキャンドルの芯は１００％コットン芯を使用しています。
	買われる前にはきちんとお店の方に聞きましょう！
Score:0.00169258784968
EACH_TAG_SCORE:
	image:0.00049095957336
	table:0.000450647530634
	graph:0.000387960064209
	flow:0.000363020681475
PARA:
Clueword:
	使用:[0.0005,0.0002,0.0000,0.0027]
	キャンドル:[0.0000,0.0000,0.0000,0.0000]
	製造:[0.0000,0.0000,0.0000,0.0000]
	ます:[0.0222,0.0199,0.0169,0.0211]
	禁止:[0.0000,0.0000,0.0000,0.0000]
	不安だ:[0.0001,0.0000,0.0011,0.0000]
	低い:[0.0001,0.0005,0.0198,0.0000]
	れる:[0.0010,0.0000,0.0000,0.0000]
	可能だ:[0.0008,0.0012,0.0012,0.0000]
	なる:[0.0111,0.0126,0.0094,0.0022]
	日本:[0.0007,0.0005,0.0000,0.0000]
	する:[0.0289,0.0260,0.0123,0.0269]
	いる:[0.0118,0.0087,0.0055,0.0051]
	販売:[0.0001,0.0000,0.0000,0.0000]
	ある:[0.0106,0.0115,0.0058,0.0064]
	現在:[0.0007,0.0007,0.0000,0.0000]
	アメリカ:[0.0000,0.0000,0.0007,0.0000]
	注目:[0.0000,0.0005,0.0000,0.0000]
	聞く:[0.0001,0.0005,0.0000,0.0052]
	きちんと:[0.0008,0.0000,0.0000,0.0000]
	買う:[0.0000,0.0000,0.0000,0.0000]
	おく:[0.0011,0.0015,0.0012,0.0000]
	発がん:[0.0000,0.0000,0.0000,0.0000]
	使う:[0.0035,0.0023,0.0008,0.0000]
True-Positive

Section:4
	Ｆｌａｇ：：０１００
	最初に重要な香り選びです！ラベンダーはリラックスして眠りたい時に良質の眠りをさそう効果があります。
	レモングラスは気分をリフレッシュしたい時に最適です。
	ローズは生理痛や更年期障害にも効果があります。
	オレンジは食欲促進効果があります。
	スイートピーは緊張した心を癒してくれます。
	イランイランやムスクには大人のムードを引き出してくれますね。
Score:0.00130254666329
EACH_TAG_SCORE:
	image:0.000391289616941
	table:0.000370682561326
	graph:0.000232480305933
	flow:0.000308094179091
PARA:
Clueword:
	気分:[0.0000,0.0000,0.0000,0.0000]
	香る:[0.0000,0.0000,0.0000,0.0000]
	ローズ:[0.0000,0.0000,0.0000,0.0000]
	重要だ:[0.0007,0.0009,0.0012,0.0000]
	スイートピー:[0.0000,0.0000,0.0000,0.0000]
	良質だ:[0.0003,0.0000,0.0012,0.0000]
	引き出す:[0.0003,0.0003,0.0000,0.0000]
	最適だ:[0.0000,0.0000,0.0000,0.0000]
	生理:[0.0003,0.0003,0.0000,0.0000]
	選ぶ:[0.0022,0.0015,0.0000,0.0000]
	大人:[0.0005,0.0005,0.0000,0.0000]
	ます:[0.0222,0.0199,0.0169,0.0211]
	たい:[0.0004,0.0005,0.0006,0.0000]
	ムスク:[0.0000,0.0000,0.0000,0.0000]
	くれる:[0.0005,0.0001,0.0000,0.0000]
	癒す:[0.0000,0.0000,0.0000,0.0000]
	オレンジ:[0.0000,0.0000,0.0000,0.0000]
	促進:[0.0000,0.0000,0.0000,0.0000]
	イランイラン:[0.0000,0.0000,0.0000,0.0000]
	する:[0.0289,0.0260,0.0123,0.0269]
	リラックス:[0.0000,0.0000,0.0000,0.0000]
	リフレッシュ:[0.0000,0.0000,0.0000,0.0000]
	ある:[0.0106,0.0115,0.0058,0.0064]
	ムード:[0.0000,0.0000,0.0000,0.0000]
	更年期:[0.0007,0.0008,0.0020,0.0000]
	障害:[0.0012,0.0019,0.0011,0.0000]
	眠る:[0.0000,0.0000,0.0000,0.0000]
	食欲:[0.0000,0.0000,0.0000,0.0000]
	レモングラス:[0.0000,0.0000,0.0000,0.0000]
	最初だ:[0.0002,0.0000,0.0000,0.0000]
	効果:[0.0002,0.0009,0.0000,0.0000]
	緊張:[0.0003,0.0004,0.0000,0.0000]
True-Positive

Section:1
	Ｆｌａｇ：：００００
	リラックス効果倍増☆アロマキャンドルを効果的に使う７つの方法
	時代のせいなのか景気のせいなのか・・・ストレスといった言葉をよく耳にします。
	ストレスの無い人間なんていないと思うのですが、さて皆さんはどうやって日々のストレス解消されているんでしょう！
	好きな曲を聞きながら好きな事をする、好きな物を食べる、好きなテレビやＤＶＤを見る、といっぱいありますが、人間の嗅覚をついた香りで刺激するってどうですか？香りっていい匂い、嫌な匂いとありますがいい匂いを嗅いだ時の心理としてはドキドキや嬉しさ楽しさで知らないうちに笑顔になっているんです！
	これを使ってストレスを減少させリラックス出来る”アロマキャンドル”を試して頂きたい！アロマと一言で言ってもかなりの種類もありその中で自分の好みの香りを選んでいくという工程もとても楽しい時間となりますよね。
Score:0.00120234566898
EACH_TAG_SCORE:
	image:0.000317524218364
	table:0.000381872332484
	graph:0.000190502323099
	flow:0.000312446795033
PARA:
Clueword:
	香る:[0.0000,0.0000,0.0000,0.0000]
	皆さん:[0.0000,0.0001,0.0002,0.0000]
	嫌だ:[0.0000,0.0000,0.0000,0.0000]
	時間:[0.0000,0.0006,0.0030,0.0000]
	キャンドル:[0.0000,0.0000,0.0000,0.0000]
	選ぶ:[0.0022,0.0015,0.0000,0.0000]
	やる:[0.0000,0.0000,0.0000,0.0015]
	かなり:[0.0002,0.0002,0.0000,0.0000]
	れる:[0.0010,0.0000,0.0000,0.0000]
	うち:[0.0002,0.0000,0.0000,0.0000]
	ストレス:[0.0001,0.0003,0.0000,0.0000]
	いっぱいだ:[0.0000,0.0000,0.0000,0.0000]
	なる:[0.0111,0.0126,0.0094,0.0022]
	とても:[0.0000,0.0000,0.0000,0.0000]
	自分:[0.0006,0.0008,0.0014,0.0000]
	方法:[0.0032,0.0048,0.0005,0.0017]
	人間:[0.0000,0.0001,0.0000,0.0000]
	する:[0.0289,0.0260,0.0123,0.0269]
	いる:[0.0118,0.0087,0.0055,0.0051]
	つく:[0.0015,0.0008,0.0006,0.0010]
	言葉:[0.0000,0.0000,0.0000,0.0000]
	心理:[0.0000,0.0000,0.0000,0.0000]
	思う:[0.0005,0.0001,0.0008,0.0000]
	種類:[0.0008,0.0317,0.0019,0.0000]
	解消:[0.0000,0.0000,0.0000,0.0000]
	食べる:[0.0000,0.0000,0.0000,0.0000]
	無い:[0.0003,0.0003,0.0000,0.0000]
	工程:[0.0000,0.0000,0.0000,0.0161]
	日々:[0.0001,0.0001,0.0000,0.0000]
	見る:[0.0016,0.0012,0.0012,0.0000]
	効果:[0.0002,0.0009,0.0000,0.0000]
	出来る:[0.0001,0.0004,0.0004,0.0000]
	テレビ:[0.0000,0.0000,0.0000,0.0000]
	いく:[0.0006,0.0001,0.0005,0.0008]
	減少:[0.0000,0.0000,0.0000,0.0000]
	いう:[0.0027,0.0019,0.0023,0.0028]
	いい:[0.0009,0.0003,0.0014,0.0000]
	一言:[0.0000,0.0000,0.0000,0.0000]
	好きだ:[0.0000,0.0000,0.0003,0.0000]
	的だ:[0.0000,0.0017,0.0000,0.0000]
	言う:[0.0008,0.0010,0.0000,0.0000]
	ます:[0.0222,0.0199,0.0169,0.0211]
	なんて:[0.0001,0.0000,0.0008,0.0000]
	たい:[0.0004,0.0005,0.0006,0.0000]
	笑顔:[0.0000,0.0000,0.0000,0.0000]
	時代:[0.0000,0.0000,0.0000,0.0000]
	これ:[0.0017,0.0014,0.0000,0.0000]
	その:[0.0035,0.0019,0.0000,0.0233]
	アロマ:[0.0000,0.0000,0.0000,0.0000]
	どう:[0.0003,0.0001,0.0004,0.0000]
	匂う:[0.0000,0.0000,0.0000,0.0000]
	頂く:[0.0000,0.0000,0.0000,0.0000]
	リラックス:[0.0000,0.0000,0.0000,0.0000]
	ある:[0.0106,0.0115,0.0058,0.0064]
	聞く:[0.0001,0.0005,0.0000,0.0052]
	せる:[0.0007,0.0005,0.0000,0.0011]
	さて:[0.0000,0.0000,0.0003,0.0000]
	ながら:[0.0005,0.0001,0.0000,0.0000]
	よい:[0.0009,0.0012,0.0013,0.0000]
	嬉しい:[0.0000,0.0000,0.0000,0.0000]
	知る:[0.0000,0.0007,0.0000,0.0007]
	試す:[0.0000,0.0000,0.0000,0.0000]
	ドキドキ:[0.0003,0.0000,0.0000,0.0000]
	ない:[0.0067,0.0084,0.0038,0.0027]
	使う:[0.0035,0.0023,0.0008,0.0000]
False-Positive

Section:7
	Ｆｌａｇ：：１００１
	５．案外難しい火の消し方
	火の消し方ですが、９割の方がフ〜ッと息を吹きかけて消すと思いますが、１番いいのはピンセットを使い火をつまんで消します。
	芯を立てる作業に使いますが消すと同時に立てておけば次回使う時に火がつきやすくなるので一石二鳥ですよ！
Score:0.0011394897878
EACH_TAG_SCORE:
	image:0.000355219668156
	table:0.00035051435761
	graph:0.000238545844303
	flow:0.000195209917735
PARA:
Clueword:
	いい:[0.0009,0.0003,0.0014,0.0000]
	立てる:[0.0000,0.0002,0.0007,0.0000]
	一石二鳥:[0.0000,0.0000,0.0000,0.0000]
	吹きかける:[0.0000,0.0000,0.0000,0.0000]
	ます:[0.0222,0.0199,0.0169,0.0211]
	なる:[0.0111,0.0126,0.0094,0.0022]
	消す:[0.0000,0.0000,0.0000,0.0000]
	つく:[0.0015,0.0008,0.0006,0.0010]
	案外:[0.0000,0.0000,0.0000,0.0000]
	ピンセット:[0.0000,0.0000,0.0000,0.0000]
	思う:[0.0005,0.0001,0.0008,0.0000]
	同時に:[0.0000,0.0002,0.0000,0.0000]
	おく:[0.0011,0.0015,0.0012,0.0000]
	つまむ:[0.0000,0.0000,0.0000,0.0000]
	やすい:[0.0055,0.0080,0.0000,0.0016]
	使う:[0.0035,0.0023,0.0008,0.0000]
	作業:[0.0001,0.0000,0.0000,0.0000]
	難しい:[0.0006,0.0004,0.0000,0.0000]
	次回:[0.0002,0.0002,0.0000,0.0000]
True-Positive

Section:6
	Ｆｌａｇ：：１０００
	火のつけ方ですが、最初が肝心で新品のキャンドルには表面部分のロウが全て溶けるまで、火をつけておくことです。
	途中で消してしまっては最後まできれいに溶けずに残ってしまいます。
	初めにロウを溶かしておいた部分しか溶けないので注意して下さいね。
	最初に使われるなら、夜に電気を消して灯りの代わりに使っていただくとすぐに消すようにはならないと思いますし、薄暗い中での良い香りはとっても精神的に安定する時間です！
	忙しくてスパに行けないという方には１時間自宅使っていると同程度の効果があります。
	４．キレイな炎を作る
	火の灯りが一定でない時には調整します。
	きれいに燃やすためには０．５ｃｍほどがベストです。
	長すぎるのはよくありませんので長ければハサミで芯を切って調整します。
	キレイな炎だと最後まで使える事が出来ます。
	いつでもすぐに使えるように灯りの調整は重要です。
	あっては困ることですが、もしもの災害時には停電になったりすることもありますが、そういう時にもアロマキャンドルを使うというのもあります。
	普通のロウソクより太く安定していますし、そこに不安な時間もアロマの香りで少しでも解消できるのではないかと思います。
Score:0.00102477389364
EACH_TAG_SCORE:
	image:0.000307326550173
	table:0.000260987403301
	graph:0.000219915319689
	flow:0.000236544620475
PARA:
Clueword:
	香る:[0.0000,0.0000,0.0000,0.0000]
	灯る:[0.0000,0.0000,0.0000,0.0000]
	普通だ:[0.0002,0.0002,0.0000,0.0000]
	行ける:[0.0000,0.0000,0.0000,0.0000]
	より:[0.0047,0.0025,0.0220,0.0000]
	溶ける:[0.0000,0.0000,0.0000,0.0000]
	キャンドル:[0.0000,0.0000,0.0000,0.0000]
	途中:[0.0004,0.0002,0.0000,0.0000]
	下さる:[0.0003,0.0000,0.0000,0.0000]
	よい:[0.0009,0.0012,0.0013,0.0000]
	最初:[0.0000,0.0000,0.0000,0.0101]
	できる:[0.0030,0.0048,0.0012,0.0010]
	ロウ:[0.0000,0.0000,0.0000,0.0000]
	電気:[0.0000,0.0000,0.0000,0.0000]
	そこ:[0.0004,0.0002,0.0006,0.0000]
	きれいだ:[0.0000,0.0000,0.0000,0.0000]
	れる:[0.0010,0.0000,0.0000,0.0000]
	あう:[0.0001,0.0003,0.0000,0.0000]
	しまう:[0.0014,0.0011,0.0016,0.0009]
	なら:[0.0005,0.0002,0.0006,0.0000]
	なる:[0.0111,0.0126,0.0094,0.0022]
	燃やす:[0.0000,0.0000,0.0000,0.0000]
	ベストだ:[0.0000,0.0000,0.0000,0.0000]
	つける:[0.0009,0.0009,0.0000,0.0000]
	する:[0.0289,0.0260,0.0123,0.0269]
	いる:[0.0118,0.0087,0.0055,0.0051]
	すぎる:[0.0013,0.0013,0.0009,0.0000]
	こと:[0.0066,0.0067,0.0051,0.0056]
	薄暗い:[0.0000,0.0000,0.0000,0.0000]
	表面:[0.0023,0.0000,0.0000,0.0000]
	困る:[0.0000,0.0000,0.0000,0.0000]
	全て:[0.0000,0.0000,0.0000,0.0000]
	忙しい:[0.0000,0.0001,0.0000,0.0000]
	とっても:[0.0000,0.0000,0.0000,0.0000]
	重要だ:[0.0007,0.0009,0.0012,0.0000]
	残る:[0.0000,0.0000,0.0000,0.0000]
	ロウソク:[0.0000,0.0000,0.0000,0.0000]
	ハサミ:[0.0000,0.0000,0.0000,0.0000]
	おく:[0.0011,0.0015,0.0012,0.0000]
	効果:[0.0002,0.0009,0.0000,0.0000]
	出来る:[0.0001,0.0004,0.0004,0.0000]
	ようだ:[0.0057,0.0000,0.0000,0.0000]
	解消:[0.0000,0.0000,0.0000,0.0000]
	災害:[0.0000,0.0000,0.0000,0.0000]
	いう:[0.0027,0.0019,0.0023,0.0028]
	キレイだ:[0.0001,0.0000,0.0000,0.0000]
	消す:[0.0000,0.0000,0.0000,0.0000]
	初め:[0.0000,0.0000,0.0000,0.0000]
	使える:[0.0010,0.0007,0.0000,0.0000]
	一定:[0.0002,0.0005,0.0060,0.0000]
	すぐ:[0.0005,0.0009,0.0000,0.0000]
	作る:[0.0005,0.0002,0.0000,0.0021]
	アロマ:[0.0000,0.0000,0.0000,0.0000]
	まで:[0.0000,0.0011,0.0000,0.0101]
	溶かす:[0.0000,0.0000,0.0000,0.0000]
	いつでも:[0.0002,0.0000,0.0000,0.0000]
	不安だ:[0.0001,0.0000,0.0011,0.0000]
	最後だ:[0.0004,0.0000,0.0000,0.0202]
	もしも:[0.0000,0.0000,0.0000,0.0000]
	注意:[0.0014,0.0010,0.0006,0.0000]
	太い:[0.0072,0.0020,0.0000,0.0000]
	自宅:[0.0000,0.0000,0.0000,0.0000]
	肝心だ:[0.0000,0.0000,0.0000,0.0000]
	部分:[0.0028,0.0007,0.0000,0.0000]
	いただく:[0.0004,0.0000,0.0000,0.0000]
	安定:[0.0000,0.0000,0.0000,0.0000]
	程度:[0.0006,0.0010,0.0007,0.0000]
	ます:[0.0222,0.0199,0.0169,0.0211]
	調整:[0.0000,0.0000,0.0000,0.0000]
	良い:[0.0007,0.0006,0.0005,0.0000]
	ある:[0.0106,0.0115,0.0058,0.0064]
	新品:[0.0000,0.0000,0.0000,0.0000]
	時間:[0.0000,0.0006,0.0030,0.0000]
	ほど:[0.0031,0.0006,0.0030,0.0000]
	切る:[0.0001,0.0001,0.0000,0.0000]
	ため:[0.0035,0.0042,0.0007,0.0035]
	長い:[0.0022,0.0006,0.0015,0.0000]
	精神:[0.0002,0.0005,0.0000,0.0000]
	停電:[0.0000,0.0000,0.0000,0.0000]
	的だ:[0.0000,0.0017,0.0000,0.0000]
	思う:[0.0005,0.0001,0.0008,0.0000]
	最初だ:[0.0002,0.0000,0.0000,0.0000]
	でも:[0.0021,0.0016,0.0018,0.0000]
	ない:[0.0067,0.0084,0.0038,0.0027]
	使う:[0.0035,0.0023,0.0008,0.0000]
True-Positive

Section:5
	Ｆｌａｇ：：００００
	今では雑貨屋さんや１００均といったお店にも売っていますが、人工香料等を使っている場合がありますので、不安な方はアロマ専用のお店に行かれるのが安心して良い香りと巡り会えるかと思います！
	２．楽しみ方は、インテリアｏｒゆらめきの２パターン
	キャンドルですが、火を灯さなくてもオイルの香りがあるのでインテリアとしても可愛い物が多いので見て香って楽しめることが出来ます。
	しばらくインテリアとして楽しめば香りが残っているうちに火を灯して使ってみましょう。
	ただ飾っているとどうしてもホコリがたまるので火を付ける前には必ずキレイに拭き取りましょう。
	お部屋のフレグランスに使われているのもよく見かけますが、家やお店でアロマの香りが漂ってくると自分だけでなくお客様にも優雅な時間を共に過ごすことが出来るので、心身共にリラックス出来ます。
	また、リラックスだけでなくアイディア力や企画力がＵＰされますよ！
	インテリアとしても最高ですが、キャンドルの灯りは心臓の鼓動と同じリズムを持つユラメキ。
	『１／ｆゆらぎ』なのでリラックスできると言われていますので、ぜひ火を灯してユラメキを体験してみて下さい。
	３．キャンドルの灯し方のコツ
Score:0.000880315978888
EACH_TAG_SCORE:
	image:0.000241397462046
	table:0.000301666916535
	graph:0.000183039788521
	flow:0.000154211811786
PARA:
Clueword:
	香る:[0.0000,0.0000,0.0000,0.0000]
	灯る:[0.0000,0.0000,0.0000,0.0000]
	専用:[0.0003,0.0000,0.0000,0.0000]
	時間:[0.0000,0.0006,0.0030,0.0000]
	キャンドル:[0.0000,0.0000,0.0000,0.0000]
	下さる:[0.0003,0.0000,0.0000,0.0000]
	どうしても:[0.0000,0.0000,0.0005,0.0000]
	同じだ:[0.0027,0.0010,0.0000,0.0011]
	多い:[0.0027,0.0029,0.0156,0.0000]
	心身:[0.0001,0.0001,0.0000,0.0000]
	れる:[0.0010,0.0000,0.0000,0.0000]
	さん:[0.0000,0.0004,0.0013,0.0000]
	うち:[0.0002,0.0000,0.0000,0.0000]
	みる:[0.0003,0.0003,0.0016,0.0000]
	自分:[0.0006,0.0008,0.0014,0.0000]
	ただ:[0.0000,0.0000,0.0000,0.0000]
	する:[0.0289,0.0260,0.0123,0.0269]
	付ける:[0.0011,0.0002,0.0007,0.0000]
	いる:[0.0118,0.0087,0.0055,0.0051]
	人工:[0.0000,0.0002,0.0000,0.0000]
	こと:[0.0066,0.0067,0.0051,0.0056]
	必ず:[0.0001,0.0005,0.0004,0.0000]
	心臓:[0.0002,0.0002,0.0000,0.0000]
	過ごす:[0.0001,0.0000,0.0000,0.0000]
	ぜひ:[0.0000,0.0001,0.0009,0.0000]
	残る:[0.0000,0.0000,0.0000,0.0000]
	出来る:[0.0001,0.0004,0.0004,0.0000]
	言う:[0.0008,0.0010,0.0000,0.0000]
	見る:[0.0016,0.0012,0.0012,0.0000]
	キレイだ:[0.0001,0.0000,0.0000,0.0000]
	いう:[0.0027,0.0019,0.0023,0.0028]
	取る:[0.0007,0.0005,0.0000,0.0000]
	見かける:[0.0000,0.0000,0.0000,0.0000]
	場合:[0.0060,0.0480,0.0053,0.0010]
	安心:[0.0004,0.0001,0.0000,0.0000]
	コツ:[0.0003,0.0000,0.0000,0.0000]
	ます:[0.0222,0.0199,0.0169,0.0211]
	楽しむ:[0.0000,0.0000,0.0000,0.0000]
	くる:[0.0034,0.0012,0.0012,0.0010]
	持つ:[0.0001,0.0001,0.0000,0.0009]
	不安だ:[0.0001,0.0000,0.0011,0.0000]
	楽しめる:[0.0000,0.0000,0.0003,0.0000]
	アロマ:[0.0000,0.0000,0.0000,0.0000]
	できる:[0.0030,0.0048,0.0012,0.0010]
	漂う:[0.0000,0.0000,0.0000,0.0000]
	リラックス:[0.0000,0.0000,0.0000,0.0000]
	しばらく:[0.0004,0.0001,0.0005,0.0000]
	良い:[0.0007,0.0006,0.0005,0.0000]
	ある:[0.0106,0.0115,0.0058,0.0064]
	使う:[0.0035,0.0023,0.0008,0.0000]
	共に:[0.0000,0.0000,0.0000,0.0000]
	よい:[0.0009,0.0012,0.0013,0.0000]
	売る:[0.0000,0.0000,0.0000,0.0000]
	オイル:[0.0000,0.0000,0.0000,0.0000]
	また:[0.0027,0.0020,0.0021,0.0036]
	思う:[0.0005,0.0001,0.0008,0.0000]
	行く:[0.0000,0.0000,0.0000,0.0000]
	ない:[0.0067,0.0084,0.0038,0.0027]
	パターン:[0.0000,0.0013,0.0004,0.0000]
False-Positive

Section:9
	Ｆｌａｇ：：００００
	７．癒された後は、火の始末を。
	使うに当たっての１番重要な事です。
	火の始末です！使う時間帯にもよりますが、多いのは寝る前に付けてそのまま寝てしまったという話をよく聞きますがこれは危険です。
	１時間程度灯した後必ず火を消してから就寝またはお出かけして下さい。
	不安な方にアロマキャンドルは、お部屋だけでなくお風呂でも使っていただけます。
	湯船につかり電気を消してアロマキャンドルをつけるとあたたかい蒸気とともに良い香りも充満し普段のお風呂とはひと味もふた味も違って入っていただけると思います。
	入浴剤でも香りは取り込めますが、部屋の空気の香りだと身体全体が包み込まれているようで、気持ちよくはいれます。
	湯船に浮かべるキャンドルもあるので火の始末には安心して使えます！
	これらの注意を心がけながら心身共に健やかな時間を過ごすことが出来るアロマキャンドルを是非、未体験の方にもお試しできるかと思います。
	このストレス社会から少しの時間でも逃避できるんじゃないかなと感じています。
	自分に合った香り探しから始まり、その日の気分や体調に合わせて精油を変えることのできるちょっとした贅沢なじぶんだけの時間を作ってみてはいかがでしょうか！
	キャンドルからは、マイナスイオンが放出されていますが２００００個／ｃｍといわれていて自宅にいながら森林浴効果です！相乗効果として、キャンドルをつける際には白熱灯の間接照明がよりリラックスできます。
	エステやスパももちろんいいですが、自宅で気軽に出来るアロマキャンドルは現代の必需品といっても過言ではないかと思います♪
Score:0.000782142643709
EACH_TAG_SCORE:
	image:0.00021956567949
	table:0.000219870951584
	graph:0.000180788213802
	flow:0.000161917798833
PARA:
Clueword:
	香る:[0.0000,0.0000,0.0000,0.0000]
	身体:[0.0001,0.0000,0.0009,0.0000]
	重要だ:[0.0007,0.0009,0.0012,0.0000]
	危険だ:[0.0000,0.0000,0.0000,0.0000]
	心身:[0.0001,0.0001,0.0000,0.0000]
	電気:[0.0000,0.0000,0.0000,0.0000]
	れる:[0.0010,0.0000,0.0000,0.0000]
	みる:[0.0003,0.0003,0.0016,0.0000]
	当たる:[0.0002,0.0002,0.0000,0.0000]
	つける:[0.0009,0.0009,0.0000,0.0000]
	付ける:[0.0011,0.0002,0.0007,0.0000]
	思う:[0.0005,0.0001,0.0008,0.0000]
	必ず:[0.0001,0.0005,0.0004,0.0000]
	合う:[0.0000,0.0000,0.0000,0.0000]
	効果:[0.0002,0.0009,0.0000,0.0000]
	出来る:[0.0001,0.0004,0.0004,0.0000]
	体調:[0.0000,0.0000,0.0000,0.0000]
	多い:[0.0027,0.0029,0.0156,0.0000]
	取る:[0.0007,0.0005,0.0000,0.0000]
	就寝:[0.0000,0.0000,0.0000,0.0000]
	是非:[0.0000,0.0000,0.0000,0.0000]
	探す:[0.0001,0.0001,0.0000,0.0000]
	イオン:[0.0000,0.0000,0.0000,0.0000]
	不安だ:[0.0001,0.0000,0.0011,0.0000]
	込む:[0.0007,0.0009,0.0008,0.0000]
	自宅:[0.0000,0.0000,0.0000,0.0000]
	その:[0.0035,0.0019,0.0000,0.0233]
	ひと:[0.0004,0.0004,0.0000,0.0009]
	相乗:[0.0000,0.0000,0.0000,0.0000]
	できる:[0.0030,0.0048,0.0012,0.0010]
	消す:[0.0000,0.0000,0.0000,0.0000]
	程度:[0.0006,0.0010,0.0007,0.0000]
	良い:[0.0007,0.0006,0.0005,0.0000]
	ある:[0.0106,0.0115,0.0058,0.0064]
	始まる:[0.0000,0.0002,0.0000,0.0000]
	寝る:[0.0000,0.0000,0.0000,0.0000]
	でも:[0.0021,0.0016,0.0018,0.0000]
	ない:[0.0067,0.0084,0.0038,0.0027]
	空気:[0.0000,0.0003,0.0000,0.0000]
	もちろん:[0.0000,0.0000,0.0000,0.0000]
	そのまま:[0.0001,0.0002,0.0000,0.0000]
	感じる:[0.0010,0.0009,0.0006,0.0000]
	時間:[0.0000,0.0006,0.0030,0.0000]
	癒す:[0.0000,0.0000,0.0000,0.0000]
	より:[0.0047,0.0025,0.0220,0.0000]
	よる:[0.0034,0.0041,0.0016,0.0000]
	キャンドル:[0.0000,0.0000,0.0000,0.0000]
	下さる:[0.0003,0.0000,0.0000,0.0000]
	社会:[0.0000,0.0000,0.0000,0.0000]
	リラックス:[0.0000,0.0000,0.0000,0.0000]
	ストレス:[0.0001,0.0003,0.0000,0.0000]
	しまう:[0.0014,0.0011,0.0016,0.0009]
	する:[0.0289,0.0260,0.0123,0.0269]
	いる:[0.0118,0.0087,0.0055,0.0051]
	こと:[0.0066,0.0067,0.0051,0.0056]
	この:[0.0019,0.0018,0.0007,0.0033]
	自分:[0.0006,0.0008,0.0014,0.0000]
	過ごす:[0.0001,0.0000,0.0000,0.0000]
	現代:[0.0000,0.0000,0.0000,0.0000]
	入る:[0.0008,0.0003,0.0000,0.0012]
	全体:[0.0005,0.0002,0.0000,0.0000]
	ようだ:[0.0057,0.0000,0.0000,0.0000]
	共に:[0.0000,0.0000,0.0000,0.0000]
	気分:[0.0000,0.0000,0.0000,0.0000]
	いう:[0.0027,0.0019,0.0023,0.0028]
	いい:[0.0009,0.0003,0.0014,0.0000]
	合わせる:[0.0011,0.0011,0.0000,0.0000]
	使える:[0.0010,0.0007,0.0000,0.0000]
	安心:[0.0004,0.0001,0.0000,0.0000]
	作る:[0.0005,0.0002,0.0000,0.0021]
	ます:[0.0222,0.0199,0.0169,0.0211]
	から:[0.0045,0.0053,0.0018,0.0011]
	注意:[0.0014,0.0010,0.0006,0.0000]
	これ:[0.0017,0.0014,0.0000,0.0000]
	アロマ:[0.0000,0.0000,0.0000,0.0000]
	ともに:[0.0000,0.0000,0.0005,0.0000]
	包む:[0.0000,0.0000,0.0000,0.0000]
	または:[0.0002,0.0000,0.0000,0.0000]
	聞く:[0.0001,0.0005,0.0000,0.0052]
	ながら:[0.0005,0.0001,0.0000,0.0000]
	よい:[0.0009,0.0012,0.0013,0.0000]
	違う:[0.0023,0.0192,0.0018,0.0000]
	試す:[0.0000,0.0000,0.0000,0.0000]
	マイナス:[0.0000,0.0000,0.0038,0.0000]
	変える:[0.0001,0.0001,0.0005,0.0000]
	使う:[0.0035,0.0023,0.0008,0.0000]
False-Positive

Section:2
	Ｆｌａｇ：：１０００
	昨年２０１３年１２月１３日にはフランス発のアロマキャンドル”ディプティック”が東京の青山にオープンしたんです！お店の中にもいい香りが漂っているんでしょうね♪行ってみたいものです。
	こんなおしゃれで素敵な香りのするお店のアロマキャンドルをプレゼントされるとかなりのポイントアップですよね！
CUTOFF SECTION:Too Short

Section:3
	Ｆｌａｇ：：００００
	１．専門店による香り選び
CUTOFF SECTION:Too Short

True-Negative:0
False-Positive:3
Too Short:2
True-Positive:4
False-Negative:0
precision = 0.571429
recall = 1.000000
fvalue = 0.727273