Section:6
	Ｆｌａｇ：：１１００
	型の取りやすい食品、取りにくい食品
	いろいろやってみましたが型の取りやすい食品、取りにくい食品ありました。
	以下にあげておきます。
	型の取りやすい食品
	初心者にはチョコレートがオススメ。
	形がはっきりしていて型取りの完成型がわかりやすい
	薄いし、溶けるからシリコン型からも取り出しやすい
	マリーやチョイスのような薄くて硬めのクッキーはきれいに取り出せて簡単。
Score:0.00161246355073
EACH_TAG_SCORE:
	image:0.000553767404775
	table:0.000467381218671
	graph:0.00024490621152
	flow:0.000346408715768
PARA:
Clueword:
	硬い:[0.0000,0.0000,0.0000,0.0000]
	シリコン:[0.0000,0.0000,0.0000,0.0000]
	取る:[0.0007,0.0005,0.0000,0.0000]
	にくい:[0.0009,0.0018,0.0000,0.0000]
	溶ける:[0.0000,0.0000,0.0000,0.0000]
	おく:[0.0011,0.0015,0.0012,0.0000]
	食品:[0.0000,0.0000,0.0000,0.0000]
	ます:[0.0222,0.0199,0.0169,0.0211]
	チョイス:[0.0000,0.0000,0.0000,0.0000]
	から:[0.0045,0.0053,0.0018,0.0011]
	きれいだ:[0.0000,0.0000,0.0000,0.0000]
	いろいろだ:[0.0000,0.0000,0.0000,0.0000]
	マリー:[0.0000,0.0000,0.0000,0.0000]
	みる:[0.0003,0.0003,0.0016,0.0000]
	完成:[0.0000,0.0000,0.0000,0.0000]
	あげる:[0.0006,0.0006,0.0013,0.0000]
	する:[0.0289,0.0260,0.0123,0.0269]
	チョコレート:[0.0000,0.0000,0.0000,0.0000]
	いる:[0.0118,0.0087,0.0055,0.0051]
	薄い:[0.0002,0.0002,0.0000,0.0000]
	ある:[0.0106,0.0115,0.0058,0.0064]
	クッキー:[0.0000,0.0000,0.0000,0.0000]
	簡単だ:[0.0000,0.0004,0.0000,0.0000]
	初心:[0.0000,0.0001,0.0000,0.0009]
	取り出せる:[0.0000,0.0000,0.0000,0.0000]
	はっきり:[0.0011,0.0012,0.0000,0.0000]
	オススメ:[0.0011,0.0011,0.0000,0.0000]
	以下:[0.0055,0.0005,0.0000,0.0012]
	型取る:[0.0000,0.0000,0.0000,0.0000]
	めだ:[0.0029,0.0000,0.0000,0.0000]
	やすい:[0.0055,0.0080,0.0000,0.0016]
	ようだ:[0.0057,0.0000,0.0000,0.0000]
	わかる:[0.0011,0.0005,0.0000,0.0012]
	取り出す:[0.0000,0.0000,0.0000,0.0000]
True-Positive

Section:9
	Ｆｌａｇ：：００００
	食品お兄さん
	初心者の皆はドーナツを避けましょうね〜
	また、寿司のネタは簡単なのですが、「しゃり」は難しい。
	ご飯の間にシリコンが入り込んでクモの巣状態になってしまい取り出す難易度は最高クラス。
Score:0.0013779991342
EACH_TAG_SCORE:
	image:0.000375930196643
	table:0.000439125118707
	graph:0.000285262108344
	flow:0.000277681710503
PARA:
Clueword:
	食品:[0.0000,0.0000,0.0000,0.0000]
	ます:[0.0222,0.0199,0.0169,0.0211]
	また:[0.0027,0.0020,0.0021,0.0036]
	しまう:[0.0014,0.0011,0.0016,0.0009]
	込む:[0.0007,0.0009,0.0008,0.0000]
	なる:[0.0111,0.0126,0.0094,0.0022]
	ドーナツ:[0.0000,0.0000,0.0000,0.0000]
	状態:[0.0011,0.0097,0.0000,0.0000]
	寿司:[0.0000,0.0000,0.0000,0.0000]
	避ける:[0.0001,0.0000,0.0000,0.0000]
	簡単だ:[0.0000,0.0004,0.0000,0.0000]
	初心:[0.0000,0.0001,0.0000,0.0009]
	入る:[0.0008,0.0003,0.0000,0.0012]
	シリコン:[0.0000,0.0000,0.0000,0.0000]
	難易:[0.0000,0.0000,0.0000,0.0000]
	取り出す:[0.0000,0.0000,0.0000,0.0000]
	難しい:[0.0006,0.0004,0.0000,0.0000]
False-Positive

Section:5
	Ｆｌａｇ：：１０００
	食品サンプル型取り手順５
	固まった型取りシリコンを段ボール枠から取り出します。
	食品の埋め込まれた豆腐のようなものができています。
	食品サンプル型取り手順６
	食品を取り外します。
	水で流すなどしてできるだけきれいに取り去る
	水分を残さないようにする
	できるだけ取り出す穴をあけ過ぎないのがポイントです。
	また、食材の裏に塗ったコーキングが固まっていなくて手に付くことがあるので注意。
	食品サンプル型取り完成
	これで型取りは完成です。
	もったいない感じもしますが、取り出した食べ物を食べるのはやめておきましょう。
Score:0.00136300060824
EACH_TAG_SCORE:
	image:0.00043147617472
	table:0.000387961468011
	graph:0.000223264063414
	flow:0.000320298902097
PARA:
Clueword:
	豆腐:[0.0000,0.0000,0.0000,0.0000]
	食べ物:[0.0000,0.0000,0.0000,0.0000]
	完成:[0.0000,0.0000,0.0000,0.0000]
	感じる:[0.0010,0.0009,0.0006,0.0000]
	取る:[0.0007,0.0005,0.0000,0.0000]
	あける:[0.0000,0.0000,0.0000,0.0000]
	型取る:[0.0000,0.0000,0.0000,0.0000]
	水分:[0.0000,0.0003,0.0000,0.0000]
	食品:[0.0000,0.0000,0.0000,0.0000]
	付く:[0.0002,0.0003,0.0000,0.0000]
	できる:[0.0030,0.0048,0.0012,0.0010]
	ます:[0.0222,0.0199,0.0169,0.0211]
	手順:[0.0000,0.0000,0.0000,0.0094]
	また:[0.0027,0.0020,0.0021,0.0036]
	注意:[0.0014,0.0010,0.0006,0.0000]
	から:[0.0045,0.0053,0.0018,0.0011]
	きれいだ:[0.0000,0.0000,0.0000,0.0000]
	れる:[0.0010,0.0000,0.0000,0.0000]
	もったいない:[0.0000,0.0000,0.0000,0.0000]
	込む:[0.0007,0.0009,0.0008,0.0000]
	これ:[0.0017,0.0014,0.0000,0.0000]
	固まる:[0.0000,0.0000,0.0000,0.0000]
	コーキング:[0.0000,0.0000,0.0000,0.0000]
	残す:[0.0000,0.0000,0.0000,0.0000]
	する:[0.0289,0.0260,0.0123,0.0269]
	いる:[0.0118,0.0087,0.0055,0.0051]
	やめる:[0.0000,0.0000,0.0000,0.0000]
	塗る:[0.0000,0.0000,0.0000,0.0000]
	ある:[0.0106,0.0115,0.0058,0.0064]
	ない:[0.0067,0.0084,0.0038,0.0027]
	こと:[0.0066,0.0067,0.0051,0.0056]
	サンプル:[0.0000,0.0000,0.0000,0.0000]
	流す:[0.0000,0.0000,0.0000,0.0000]
	食べる:[0.0000,0.0000,0.0000,0.0000]
	食材:[0.0002,0.0000,0.0010,0.0000]
	おく:[0.0011,0.0015,0.0012,0.0000]
	過ぎる:[0.0007,0.0008,0.0000,0.0000]
	埋める:[0.0000,0.0000,0.0000,0.0000]
	もの:[0.0027,0.0015,0.0007,0.0022]
	シリコン:[0.0000,0.0000,0.0000,0.0000]
	ポイント:[0.0006,0.0009,0.0000,0.0000]
	取り外す:[0.0000,0.0000,0.0000,0.0000]
	去る:[0.0000,0.0000,0.0000,0.0000]
	ようだ:[0.0057,0.0000,0.0000,0.0000]
	取り出す:[0.0000,0.0000,0.0000,0.0000]
True-Positive

Section:7
	Ｆｌａｇ：：００００
	マリーやチョイスのような薄くて硬めのクッキーはきれいに取り出せて簡単。
	型の取りやすくも取りにくくもない食品
	表面に水分と脂質を含んでいるたいやきや寿司のネタは食品サンプルの作り方〜型の取り方〜前編の手順２の「段ボールと食品をくっつける段階」ではしっかりくっつけるのが難しく心配が残りますが、
	固まったシリコン型から食品を外す段階は簡単できれいに外せました。
Score:0.00100917348363
EACH_TAG_SCORE:
	image:0.00034167297129
	table:0.000287304870752
	graph:0.000153707440938
	flow:0.000226488200652
PARA:
Clueword:
	硬い:[0.0000,0.0000,0.0000,0.0000]
	寿司:[0.0000,0.0000,0.0000,0.0000]
	取る:[0.0007,0.0005,0.0000,0.0000]
	クッキー:[0.0000,0.0000,0.0000,0.0000]
	水分:[0.0000,0.0003,0.0000,0.0000]
	外す:[0.0000,0.0000,0.0000,0.0000]
	作る:[0.0005,0.0002,0.0000,0.0021]
	食品:[0.0000,0.0000,0.0000,0.0000]
	めだ:[0.0029,0.0000,0.0000,0.0000]
	チョイス:[0.0000,0.0000,0.0000,0.0000]
	から:[0.0045,0.0053,0.0018,0.0011]
	きれいだ:[0.0000,0.0000,0.0000,0.0000]
	にくい:[0.0009,0.0018,0.0000,0.0000]
	マリー:[0.0000,0.0000,0.0000,0.0000]
	取り出せる:[0.0000,0.0000,0.0000,0.0000]
	くっつける:[0.0000,0.0000,0.0000,0.0000]
	含む:[0.0002,0.0003,0.0011,0.0000]
	いる:[0.0118,0.0087,0.0055,0.0051]
	心配:[0.0000,0.0000,0.0002,0.0000]
	ます:[0.0222,0.0199,0.0169,0.0211]
	薄い:[0.0002,0.0002,0.0000,0.0000]
	ない:[0.0067,0.0084,0.0038,0.0027]
	簡単だ:[0.0000,0.0004,0.0000,0.0000]
	段階:[0.0002,0.0002,0.0000,0.0000]
	サンプル:[0.0000,0.0000,0.0000,0.0000]
	表面:[0.0023,0.0000,0.0000,0.0000]
	手順:[0.0000,0.0000,0.0000,0.0094]
	しっかり:[0.0000,0.0000,0.0000,0.0000]
	残る:[0.0000,0.0000,0.0000,0.0000]
	シリコン:[0.0000,0.0000,0.0000,0.0000]
	やすい:[0.0055,0.0080,0.0000,0.0016]
	ようだ:[0.0057,0.0000,0.0000,0.0000]
	固まる:[0.0000,0.0000,0.0000,0.0000]
	難しい:[0.0006,0.0004,0.0000,0.0000]
False-Positive

Section:1
	Ｆｌａｇ：：００００
	食品サンプルの作り方〜型の取り方〜前編
	食品サンプルの作り方〜型の取り方〜前編です。
	［ａｄｓｅｎｓｅ］
	食品サンプル作りの型の取り方
	食品サンプル作りの型の取り方をまとめておきます。
	この手順に沿ってやれば、誰でも食品サンプルの型がとれてしまうはずです。
Score:0.000849746287173
EACH_TAG_SCORE:
	image:0.000216604102266
	table:0.000193347067927
	graph:0.000162275864679
	flow:0.000277519252302
PARA:
Clueword:
	やる:[0.0000,0.0000,0.0000,0.0015]
	ます:[0.0222,0.0199,0.0169,0.0211]
	取る:[0.0007,0.0005,0.0000,0.0000]
	おく:[0.0011,0.0015,0.0012,0.0000]
	この:[0.0019,0.0018,0.0007,0.0033]
	サンプル:[0.0000,0.0000,0.0000,0.0000]
	沿う:[0.0000,0.0000,0.0000,0.0000]
	作る:[0.0005,0.0002,0.0000,0.0021]
	食品:[0.0000,0.0000,0.0000,0.0000]
	手順:[0.0000,0.0000,0.0000,0.0094]
	まとめる:[0.0000,0.0001,0.0004,0.0000]
	しまう:[0.0014,0.0011,0.0016,0.0009]
	でも:[0.0021,0.0016,0.0018,0.0000]
False-Positive

Section:8
	Ｆｌａｇ：：０１００
	型の取りにくい食品
	マリーやチョイスのようなクッキーは型も取りやすいですが、同じクッキー系でも
	カロリーメイトのようなボロボロ崩れるタイプのクッキーは食品を取りだす段階でシリコン型にくっついてきれいに取り出すのが難しいです。
	同じく、ボロボロ崩れるドーナツも難易度高いです。
	せっかくシリコン型を流し込んだ後８時間も待って固めたのに、食品を取りだす段階でうまくいかずにシリコン部分を削ってしまうと型取りは失敗です。
	ドーナツもシリコンも時間も労力もぎせいになってしまいます。
Score:0.000813038089102
EACH_TAG_SCORE:
	image:0.000237154200741
	table:0.000209351012809
	graph:0.000248204283785
	flow:0.000118328591766
PARA:
Clueword:
	いく:[0.0006,0.0001,0.0005,0.0008]
	失敗:[0.0000,0.0000,0.0000,0.0000]
	崩れる:[0.0002,0.0003,0.0010,0.0017]
	取る:[0.0007,0.0005,0.0000,0.0000]
	にくい:[0.0009,0.0018,0.0000,0.0000]
	ぎせい:[0.0000,0.0000,0.0000,0.0000]
	同じだ:[0.0027,0.0010,0.0000,0.0011]
	せっかく:[0.0000,0.0000,0.0000,0.0000]
	食品:[0.0000,0.0000,0.0000,0.0000]
	タイプ:[0.0000,0.0000,0.0000,0.0000]
	ます:[0.0222,0.0199,0.0169,0.0211]
	チョイス:[0.0000,0.0000,0.0000,0.0000]
	待つ:[0.0002,0.0011,0.0000,0.0000]
	きれいだ:[0.0000,0.0000,0.0000,0.0000]
	クッキー:[0.0000,0.0000,0.0000,0.0000]
	マリー:[0.0000,0.0000,0.0000,0.0000]
	しまう:[0.0014,0.0011,0.0016,0.0009]
	取りだす:[0.0000,0.0000,0.0000,0.0000]
	込む:[0.0007,0.0009,0.0008,0.0000]
	なる:[0.0111,0.0126,0.0094,0.0022]
	固める:[0.0000,0.0000,0.0000,0.0000]
	ドーナツ:[0.0000,0.0000,0.0000,0.0000]
	うまい:[0.0000,0.0000,0.0000,0.0000]
	時間:[0.0000,0.0006,0.0030,0.0000]
	くっつく:[0.0000,0.0000,0.0000,0.0000]
	型取る:[0.0000,0.0000,0.0000,0.0000]
	ボロボロ:[0.0000,0.0000,0.0000,0.0000]
	高い:[0.0012,0.0012,0.0266,0.0000]
	難易:[0.0000,0.0000,0.0000,0.0000]
	段階:[0.0002,0.0002,0.0000,0.0000]
	削る:[0.0000,0.0000,0.0000,0.0000]
	流す:[0.0000,0.0000,0.0000,0.0000]
	労力:[0.0000,0.0000,0.0000,0.0000]
	部分:[0.0028,0.0007,0.0000,0.0000]
	シリコン:[0.0000,0.0000,0.0000,0.0000]
	でも:[0.0021,0.0016,0.0018,0.0000]
	やすい:[0.0055,0.0080,0.0000,0.0016]
	ようだ:[0.0057,0.0000,0.0000,0.0000]
	取り出す:[0.0000,0.0000,0.0000,0.0000]
	難しい:[0.0006,0.0004,0.0000,0.0000]
True-Positive

Section:2
	Ｆｌａｇ：：１０００
	食品サンプル型取りに使うもの
	食品サンプルの型取りをやる上で準備するものは
	サンプルにしたい本物の食品
	段ボール（牛乳パックでも可）
	太いテープ
	はさみ
	コーキングガン
	コーキングシリコン
	型取りシリコン
	硬化剤
	計り
	紙コップ
	割りばし
	ひとつひとつの材料については食品サンプル作りに使う材料まとめの記事を参考にしてみてください。
Score:0.000797246249924
EACH_TAG_SCORE:
	image:0.000277334688764
	table:0.000202999174276
	graph:0.000115999909023
	flow:0.000200912477861
PARA:
Clueword:
	やる:[0.0000,0.0000,0.0000,0.0015]
	はさむ:[0.0000,0.0000,0.0000,0.0000]
	型取る:[0.0000,0.0000,0.0000,0.0000]
	計る:[0.0000,0.0000,0.0000,0.0000]
	ひとつひとつ:[0.0000,0.0000,0.0000,0.0000]
	くださる:[0.0022,0.0006,0.0017,0.0039]
	コップ:[0.0000,0.0000,0.0000,0.0000]
	食品:[0.0000,0.0000,0.0000,0.0000]
	牛乳:[0.0000,0.0000,0.0000,0.0000]
	たい:[0.0004,0.0005,0.0006,0.0000]
	まとめる:[0.0000,0.0001,0.0004,0.0000]
	コーキング:[0.0000,0.0000,0.0000,0.0000]
	みる:[0.0003,0.0003,0.0016,0.0000]
	太い:[0.0072,0.0020,0.0000,0.0000]
	でも:[0.0021,0.0016,0.0018,0.0000]
	記事:[0.0000,0.0000,0.0000,0.0000]
	する:[0.0289,0.0260,0.0123,0.0269]
	参考:[0.0004,0.0002,0.0000,0.0000]
	硬化:[0.0000,0.0000,0.0000,0.0000]
	サンプル:[0.0000,0.0000,0.0000,0.0000]
	準備:[0.0000,0.0000,0.0000,0.0000]
	テープ:[0.0000,0.0000,0.0000,0.0000]
	つく:[0.0015,0.0008,0.0006,0.0010]
	材料:[0.0000,0.0000,0.0000,0.0000]
	シリコン:[0.0000,0.0000,0.0000,0.0000]
	本物:[0.0000,0.0000,0.0000,0.0000]
	ガン:[0.0000,0.0000,0.0000,0.0000]
	使う:[0.0035,0.0023,0.0008,0.0000]
	パック:[0.0000,0.0000,0.0000,0.0000]
	もの:[0.0027,0.0015,0.0007,0.0022]
	割りばし:[0.0000,0.0000,0.0000,0.0000]
True-Positive

Section:4
	Ｆｌａｇ：：００００
	食品サンプルの作り方〜型の取り方〜後編
	食品サンプルの作り方〜型の取り方〜後編です。
	［ａｄｓｅｎｓｅ］
	食品サンプルの作り方〜型の取り方〜
	食品サンプルの作り方〜型の取り方〜前編に引き続き食品サンプル作りの型の取り方をまとめました。
Score:0.000666126965007
EACH_TAG_SCORE:
	image:0.000184598635722
	table:0.000162902814844
	graph:0.000135725942213
	flow:0.000182899572228
PARA:
Clueword:
	ます:[0.0222,0.0199,0.0169,0.0211]
	取る:[0.0007,0.0005,0.0000,0.0000]
	サンプル:[0.0000,0.0000,0.0000,0.0000]
	作る:[0.0005,0.0002,0.0000,0.0021]
	食品:[0.0000,0.0000,0.0000,0.0000]
	まとめる:[0.0000,0.0001,0.0004,0.0000]
False-Positive

Section:3
	Ｆｌａｇ：：１００１
	食品サンプル型取り手順１
	食品のまわり１ｃｍくらいの枠を段ボールで作ります。
	この時、大きすぎると後で型取りシリコンが余計に多く必要になったり食品サンプルを取り出しにくくなるので最低限の大きさで十分です。
	内側はテープで覆います。
	（後で型取りシリコンが固まった後段ボールを取り外しやすくするため。）
	また、テープはしっかりと隙間なく覆いましょう。
	そうしないとこの画像のように、後で型取りシリコンを流したときに漏れてしまいます。
	では、完成形はこんなイメージ
	このオレオのように２つ分一気に作るのもよいです。
	食品サンプル型取り手順２
	段ボールで作った枠と食品をコーキングシリコンでくっつける。
	食品の底にコーキングシリコンを塗って段ボールで枠にくっつけます。
	（コーキングガンの使い方）
	これは、型取りシリコンを流し込んだときに食品が浮いてくるのを防ぐため。
	浮いてしまうと型取りは失敗してしまうので浮かないようにしっかりくっつけましょう。
	これはマカロンですが悪い例、失敗して食べられないし型もできないし
	食品サンプル型取り手順３
	食品がしっかりくっつけられたら型取りシリコン
	と硬化剤をよくかき混ぜてから
	食品をくっつけた段ボール型に流し込みます。
	このとき、型取りシリコンと硬化剤の割合を間違えると硬化不良を起こしたり早く固まりすぎてしまったりするのでしっかり量を測って混ぜましょう。
	割合は型取りシリコンによって違いますが１ｋｇに対して４０ｍｌのパターンが多いようです。
	また、何度かやってみて気付いたのですが、一度にたくさんの型をとってしまった方が作業効率も良いですし、型取りシリコン１ｋｇにセットになってる硬化剤１瓶をまるまる入れてしまえば計りを使わないで比率も間違えることなくできます。
	さらに、何度も作業スペースを汚す
	リスクも起きませんので
	食品サンプル職人
	今日は食品の型をとる日だ！
	と決めてしまって一気にたくさんの食品の型取り作業をしてしまうのがおすすめです。
	食品サンプル型取り手順４
	このまま水平なところにおいて８時間程固まるのを待ちます。
Score:0.000590578924509
EACH_TAG_SCORE:
	image:0.000163035932971
	table:0.000183512321624
	graph:0.00012938658603
	flow:0.000114644083884
PARA:
Clueword:
	サンプル:[0.0000,0.0000,0.0000,0.0000]
	失敗:[0.0000,0.0000,0.0000,0.0000]
	たくさんだ:[0.0000,0.0002,0.0000,0.0000]
	測る:[0.0000,0.0000,0.0000,0.0000]
	よる:[0.0034,0.0041,0.0016,0.0000]
	こんな:[0.0000,0.0000,0.0006,0.0000]
	では:[0.0001,0.0001,0.0000,0.0000]
	隙間:[0.0000,0.0000,0.0000,0.0000]
	職人:[0.0000,0.0000,0.0000,0.0000]
	食品:[0.0000,0.0000,0.0000,0.0000]
	やる:[0.0000,0.0000,0.0000,0.0015]
	できる:[0.0030,0.0048,0.0012,0.0010]
	起きる:[0.0000,0.0002,0.0000,0.0000]
	混ぜる:[0.0000,0.0003,0.0000,0.0000]
	手順:[0.0000,0.0000,0.0000,0.0094]
	待つ:[0.0002,0.0011,0.0000,0.0000]
	一度に:[0.0000,0.0000,0.0000,0.0000]
	イメージ:[0.0007,0.0008,0.0000,0.0000]
	しまう:[0.0014,0.0011,0.0016,0.0009]
	よい:[0.0009,0.0012,0.0013,0.0000]
	なる:[0.0111,0.0126,0.0094,0.0022]
	内側:[0.0040,0.0015,0.0000,0.0000]
	画像:[0.0000,0.0000,0.0000,0.0000]
	くっつける:[0.0000,0.0000,0.0000,0.0000]
	テープ:[0.0000,0.0000,0.0000,0.0000]
	かき混ぜる:[0.0000,0.0000,0.0000,0.0000]
	する:[0.0289,0.0260,0.0123,0.0269]
	防ぐ:[0.0001,0.0000,0.0000,0.0000]
	込む:[0.0007,0.0009,0.0008,0.0000]
	すぎる:[0.0013,0.0013,0.0009,0.0000]
	必要だ:[0.0020,0.0039,0.0006,0.0010]
	さらに:[0.0009,0.0008,0.0000,0.0140]
	間違える:[0.0000,0.0000,0.0000,0.0000]
	最低:[0.0000,0.0000,0.0000,0.0000]
	硬化:[0.0000,0.0000,0.0000,0.0000]
	こと:[0.0066,0.0067,0.0051,0.0056]
	この:[0.0019,0.0018,0.0007,0.0033]
	覆う:[0.0000,0.0000,0.0000,0.0000]
	パターン:[0.0000,0.0013,0.0004,0.0000]
	ところ:[0.0000,0.0013,0.0030,0.0000]
	セット:[0.0000,0.0000,0.0000,0.0000]
	食べる:[0.0000,0.0000,0.0000,0.0000]
	一気だ:[0.0000,0.0000,0.0000,0.0000]
	違う:[0.0023,0.0192,0.0018,0.0000]
	余計だ:[0.0000,0.0000,0.0000,0.0000]
	漏れる:[0.0000,0.0000,0.0000,0.0000]
	効率:[0.0000,0.0002,0.0000,0.0000]
	今日:[0.0000,0.0000,0.0000,0.0000]
	そう:[0.0003,0.0002,0.0010,0.0000]
	ようだ:[0.0057,0.0000,0.0000,0.0000]
	作業:[0.0001,0.0000,0.0000,0.0000]
	すすめる:[0.0002,0.0009,0.0000,0.0000]
	不良だ:[0.0000,0.0000,0.0000,0.0000]
	リスク:[0.0000,0.0000,0.0000,0.0000]
	決める:[0.0000,0.0000,0.0000,0.0000]
	浮く:[0.0020,0.0023,0.0000,0.0000]
	多い:[0.0027,0.0029,0.0156,0.0000]
	まわる:[0.0000,0.0000,0.0000,0.0000]
	このまま:[0.0000,0.0000,0.0000,0.0000]
	型取る:[0.0000,0.0000,0.0000,0.0000]
	計る:[0.0000,0.0000,0.0000,0.0000]
	水平だ:[0.0000,0.0000,0.0000,0.0000]
	早い:[0.0000,0.0000,0.0004,0.0000]
	作る:[0.0005,0.0002,0.0000,0.0021]
	オレオ:[0.0000,0.0000,0.0000,0.0000]
	気付く:[0.0000,0.0000,0.0000,0.0000]
	くる:[0.0034,0.0012,0.0012,0.0010]
	入れる:[0.0007,0.0005,0.0000,0.0000]
	また:[0.0027,0.0020,0.0021,0.0036]
	コーキング:[0.0000,0.0000,0.0000,0.0000]
	くらい:[0.0005,0.0004,0.0000,0.0000]
	十分だ:[0.0000,0.0000,0.0000,0.0000]
	にくい:[0.0009,0.0018,0.0000,0.0000]
	大きい:[0.0030,0.0018,0.0126,0.0000]
	とる:[0.0004,0.0004,0.0005,0.0000]
	完成:[0.0000,0.0000,0.0000,0.0000]
	これ:[0.0017,0.0014,0.0000,0.0000]
	固まる:[0.0000,0.0000,0.0000,0.0000]
	良い:[0.0007,0.0006,0.0005,0.0000]
	時間:[0.0000,0.0006,0.0030,0.0000]
	ます:[0.0222,0.0199,0.0169,0.0211]
	取り外す:[0.0000,0.0000,0.0000,0.0000]
	塗る:[0.0000,0.0000,0.0000,0.0000]
	られる:[0.0000,0.0017,0.0000,0.0000]
	マカロン:[0.0000,0.0000,0.0000,0.0000]
	ない:[0.0067,0.0084,0.0038,0.0027]
	汚す:[0.0000,0.0000,0.0000,0.0000]
	比率:[0.0000,0.0000,0.0091,0.0000]
	流す:[0.0000,0.0000,0.0000,0.0000]
	割合:[0.0000,0.0000,0.0000,0.0000]
	ため:[0.0035,0.0042,0.0007,0.0035]
	おく:[0.0011,0.0015,0.0012,0.0000]
	対する:[0.0000,0.0006,0.0000,0.0000]
	起こす:[0.0015,0.0020,0.0010,0.0000]
	しっかり:[0.0000,0.0000,0.0000,0.0000]
	シリコン:[0.0000,0.0000,0.0000,0.0000]
	みる:[0.0003,0.0003,0.0016,0.0000]
	スペース:[0.0000,0.0000,0.0000,0.0000]
	ガン:[0.0000,0.0000,0.0000,0.0000]
	やすい:[0.0055,0.0080,0.0000,0.0016]
	使う:[0.0035,0.0023,0.0008,0.0000]
	まるまる:[0.0000,0.0000,0.0000,0.0000]
	取り出す:[0.0000,0.0000,0.0000,0.0000]
	何度:[0.0000,0.0000,0.0000,0.0000]
	から:[0.0045,0.0053,0.0018,0.0011]
	悪い:[0.0020,0.0014,0.0008,0.0000]
True-Positive

Section:10
	Ｆｌａｇ：：１０００
	食品の型が取れれば食品サンプルは半分終わり
CUTOFF SECTION:Too Short

True-Negative:0
False-Positive:4
Too Short:1
True-Positive:5
False-Negative:0
precision = 0.555556
recall = 1.000000
fvalue = 0.714286