Section:6
	Ｆｌａｇ：：００００
	個人、法人共にゴーストライターって珍しい生き物でもなんでもない。
	飲み屋に行けば普通にいたりする。
	観測しようがないが、船乗りとかよりはたぶんよっぽど人口がいる。
	そういうことである。
Score:0.00217384225514
EACH_TAG_SCORE:
	image:0.000642021832947
	table:0.000569035307476
	graph:0.00052002250785
	flow:0.000442762606872
PARA:
Clueword:
	する:[0.0289,0.0260,0.0123,0.0269]
	いる:[0.0118,0.0087,0.0055,0.0051]
	ゴースト:[0.0000,0.0000,0.0000,0.0000]
	観測:[0.0000,0.0000,0.0000,0.0000]
	より:[0.0047,0.0025,0.0220,0.0000]
	人口:[0.0000,0.0000,0.0000,0.0000]
	普通だ:[0.0002,0.0002,0.0000,0.0000]
	こと:[0.0066,0.0067,0.0051,0.0056]
	個人:[0.0001,0.0005,0.0000,0.0009]
	よう:[0.0031,0.0023,0.0016,0.0030]
	ライター:[0.0000,0.0000,0.0000,0.0000]
	行く:[0.0000,0.0000,0.0000,0.0000]
	でも:[0.0021,0.0016,0.0018,0.0000]
	ない:[0.0067,0.0084,0.0038,0.0027]
	共に:[0.0000,0.0000,0.0000,0.0000]
False-Positive

Section:2
	Ｆｌａｇ：：０１００
	そんな聴こえの「音楽で飯」発言だが、音楽で飯って具体的にはどんな形があるのだろうか。
	大きく分けると二つだろう。
	自らに広告費をつぎ込み商品として活動する道、アーティスト。
	そのアーティストという商品に曲や演奏を提供する道、作曲家、演奏家。
Score:0.00148382959635
EACH_TAG_SCORE:
	image:0.000381995831955
	table:0.000374406238505
	graph:0.000259155587211
	flow:0.000468271938677
PARA:
Clueword:
	分ける:[0.0002,0.0036,0.0000,0.0000]
	広告:[0.0000,0.0002,0.0000,0.0000]
	いう:[0.0027,0.0019,0.0023,0.0028]
	商品:[0.0006,0.0000,0.0000,0.0014]
	聴こえる:[0.0000,0.0000,0.0000,0.0000]
	そんな:[0.0002,0.0001,0.0005,0.0000]
	活動:[0.0000,0.0000,0.0000,0.0000]
	大きい:[0.0030,0.0018,0.0126,0.0000]
	自ら:[0.0000,0.0000,0.0000,0.0000]
	具体:[0.0000,0.0000,0.0002,0.0000]
	その:[0.0035,0.0019,0.0000,0.0233]
	つぎ込む:[0.0000,0.0000,0.0000,0.0000]
	する:[0.0289,0.0260,0.0123,0.0269]
	ある:[0.0106,0.0115,0.0058,0.0064]
	音楽:[0.0000,0.0000,0.0000,0.0000]
	作曲:[0.0000,0.0000,0.0000,0.0000]
	発言:[0.0000,0.0000,0.0000,0.0000]
	的だ:[0.0000,0.0017,0.0000,0.0000]
	演奏:[0.0000,0.0000,0.0000,0.0000]
	提供:[0.0000,0.0001,0.0000,0.0000]
True-Positive

Section:9
	Ｆｌａｇ：：０１００
	違い、おわかりいただけただろうか
	どうでしょう。
	おわかりいただけたでしょうか。
	そうです、違い、ほぼございません。
	しかし人生とは自己満足の追求にあると僕は考えております。
	こうやってツラツラ「マジでやめとけ」の言い換えを並べてきたけれども、自分がどこまで行けるをかをシビアに試し、一瞬の輝きに生のすべてをつぎ込むその姿にいまだにちょっと惹かれ憧れたりもします。
	その一瞬の輝きがあれば人間生きていた意味があったなと思えるのかもしれない。
	ステージの上のバンドは、本当に何物にも代えがたいカッコよさだし、名曲には価値のつけようもない。
	ただ、内情はみなさんの見ている表層とはだいぶ違ったりするよ。
	今回の記事はこれさえわかってくれれば大満足だ。
	それではまた、次の記事で！
Score:0.00121040165654
EACH_TAG_SCORE:
	image:0.00031708831272
	table:0.000328776723304
	graph:0.000207032807089
	flow:0.000357503813429
PARA:
Clueword:
	やる:[0.0000,0.0000,0.0000,0.0015]
	くれる:[0.0005,0.0001,0.0000,0.0000]
	行ける:[0.0000,0.0000,0.0000,0.0000]
	しれる:[0.0001,0.0000,0.0000,0.0000]
	わかつ:[0.0001,0.0000,0.0000,0.0000]
	意味:[0.0008,0.0005,0.0000,0.0000]
	本当だ:[0.0000,0.0000,0.0000,0.0000]
	今回:[0.0000,0.0000,0.0004,0.0000]
	れる:[0.0010,0.0000,0.0000,0.0000]
	満足:[0.0000,0.0000,0.0000,0.0066]
	あう:[0.0001,0.0003,0.0000,0.0000]
	つける:[0.0009,0.0009,0.0000,0.0000]
	する:[0.0289,0.0260,0.0123,0.0269]
	言う:[0.0008,0.0010,0.0000,0.0000]
	いる:[0.0118,0.0087,0.0055,0.0051]
	つぎ込む:[0.0000,0.0000,0.0000,0.0000]
	思える:[0.0000,0.0000,0.0000,0.0000]
	自分:[0.0006,0.0008,0.0014,0.0000]
	見る:[0.0016,0.0012,0.0012,0.0000]
	とく:[0.0012,0.0006,0.0017,0.0028]
	試す:[0.0000,0.0000,0.0000,0.0000]
	ただ:[0.0000,0.0000,0.0000,0.0000]
	こう:[0.0003,0.0001,0.0000,0.0000]
	換える:[0.0001,0.0000,0.0000,0.0000]
	価値:[0.0000,0.0000,0.0000,0.0000]
	記事:[0.0000,0.0000,0.0000,0.0000]
	そう:[0.0003,0.0002,0.0010,0.0000]
	まで:[0.0000,0.0011,0.0000,0.0101]
	ます:[0.0222,0.0199,0.0169,0.0211]
	くる:[0.0034,0.0012,0.0012,0.0010]
	みなさん:[0.0000,0.0000,0.0000,0.0000]
	どこ:[0.0005,0.0000,0.0000,0.0000]
	代える:[0.0000,0.0000,0.0000,0.0000]
	これ:[0.0017,0.0014,0.0000,0.0000]
	その:[0.0035,0.0019,0.0000,0.0233]
	どう:[0.0003,0.0001,0.0004,0.0000]
	ちょっと:[0.0002,0.0002,0.0003,0.0000]
	それでは:[0.0000,0.0000,0.0000,0.0073]
	考える:[0.0006,0.0008,0.0015,0.0000]
	ほぼ:[0.0005,0.0009,0.0060,0.0000]
	生きる:[0.0000,0.0000,0.0000,0.0000]
	おる:[0.0001,0.0001,0.0000,0.0000]
	ある:[0.0106,0.0115,0.0058,0.0064]
	よう:[0.0031,0.0023,0.0016,0.0030]
	憧れる:[0.0000,0.0000,0.0000,0.0000]
	また:[0.0027,0.0020,0.0021,0.0036]
	やめる:[0.0000,0.0000,0.0000,0.0000]
	すべて:[0.0002,0.0008,0.0060,0.0000]
	バンド:[0.0000,0.0000,0.0000,0.0000]
	ない:[0.0067,0.0084,0.0038,0.0027]
	わかる:[0.0011,0.0005,0.0000,0.0012]
	違う:[0.0023,0.0192,0.0018,0.0000]
	しかし:[0.0000,0.0000,0.0000,0.0000]
True-Positive

Section:5
	Ｆｌａｇ：：０１００
	作曲家・演奏家
	例：アイドルとかアニソンとかの曲を作ったりなどをしたりするいわゆる作曲家。
	あと歌手とかアイドルとかのライブだったりレコーディングだったりをサポートするスタジオミュージシャン。
	あとゴーストライター。
	誰か自分以外の人が歌うために曲を作るのがコチラ側。
	最近では歌手が自分で曲を作ることがほとんどになってしまったため、基本的にアイドルの曲やアニソン、あとはＢＧＭとか後は編曲とかがメインの仕事になる。
	個人でやってくというよりも、作曲チームや、作曲、曲提供を生業にしている会社も結構あり、そっちに所属して企業戦士ライクにガシガシ機械的に曲を作るパターンの方が多いかも。
Score:0.00114702335312
EACH_TAG_SCORE:
	image:0.000299517288137
	table:0.000291635614043
	graph:0.000296635429309
	flow:0.00025923502163
PARA:
Clueword:
	アイドル:[0.0000,0.0000,0.0000,0.0000]
	やる:[0.0000,0.0000,0.0000,0.0015]
	ガシガシ:[0.0000,0.0000,0.0000,0.0000]
	ミュージシャン:[0.0000,0.0000,0.0000,0.0000]
	歌手:[0.0000,0.0000,0.0000,0.0000]
	より:[0.0047,0.0025,0.0220,0.0000]
	結構だ:[0.0000,0.0000,0.0000,0.0000]
	多い:[0.0027,0.0029,0.0156,0.0000]
	サポート:[0.0005,0.0002,0.0000,0.0013]
	あと:[0.0000,0.0000,0.0000,0.0101]
	いう:[0.0027,0.0019,0.0023,0.0028]
	しまう:[0.0014,0.0011,0.0016,0.0009]
	ライター:[0.0000,0.0000,0.0000,0.0000]
	なる:[0.0111,0.0126,0.0094,0.0022]
	自分:[0.0006,0.0008,0.0014,0.0000]
	基本:[0.0022,0.0029,0.0000,0.0000]
	する:[0.0289,0.0260,0.0123,0.0269]
	いる:[0.0118,0.0087,0.0055,0.0051]
	ゴースト:[0.0000,0.0000,0.0000,0.0000]
	編曲:[0.0000,0.0000,0.0000,0.0000]
	こと:[0.0066,0.0067,0.0051,0.0056]
	チーム:[0.0000,0.0000,0.0000,0.0000]
	いわゆる:[0.0000,0.0000,0.0000,0.0000]
	コチラ:[0.0000,0.0000,0.0000,0.0000]
	ほとんど:[0.0006,0.0006,0.0060,0.0000]
	演奏:[0.0000,0.0000,0.0000,0.0000]
	以外:[0.0000,0.0000,0.0000,0.0000]
	そっち:[0.0000,0.0000,0.0000,0.0000]
	ライブ:[0.0000,0.0000,0.0000,0.0000]
	的だ:[0.0000,0.0017,0.0000,0.0000]
	アニソン:[0.0000,0.0000,0.0000,0.0000]
	所属:[0.0000,0.0000,0.0000,0.0000]
	作る:[0.0005,0.0002,0.0000,0.0021]
	歌う:[0.0000,0.0000,0.0000,0.0000]
	戦士:[0.0000,0.0000,0.0000,0.0000]
	ライク:[0.0000,0.0000,0.0000,0.0000]
	企業:[0.0006,0.0001,0.0000,0.0000]
	仕事:[0.0006,0.0004,0.0008,0.0000]
	スタジオ:[0.0000,0.0000,0.0000,0.0000]
	会社:[0.0000,0.0007,0.0000,0.0000]
	レコーディング:[0.0000,0.0000,0.0000,0.0000]
	ある:[0.0106,0.0115,0.0058,0.0064]
	最近:[0.0000,0.0001,0.0005,0.0067]
	個人:[0.0001,0.0005,0.0000,0.0009]
	ため:[0.0035,0.0042,0.0007,0.0035]
	作曲:[0.0000,0.0000,0.0000,0.0000]
	メイン:[0.0003,0.0000,0.0000,0.0020]
	提供:[0.0000,0.0001,0.0000,0.0000]
	機械:[0.0000,0.0000,0.0000,0.0000]
	生業:[0.0000,0.0000,0.0000,0.0000]
	パターン:[0.0000,0.0013,0.0004,0.0000]
True-Positive

Section:3
	Ｆｌａｇ：：００００
	それ以外の道、例えば音楽ライターとかスタッフ、マネージャーは普通に不安定で薄給のブラック企業勤めと変わらず、レーベルやマネジメント会社、イベント会社の運営等は将来性の薄い起業と言い換えられる。
	どちらも音楽制作者から一歩遠い所に位置する為今回は上記２種の業種について考えたい。
	一口にアーティストと言えど、作曲家を兼ねていたり兼ねていなかったり形態は様々
	「アーティストはバンドマンで、作曲家は曲作ってるヤツだろ。わかってるよ」
	と、自分の認識確認の為に無意識にこのページを開いたアナタ。
	安心して欲しい。
	わかってるようで結構わかってない部分もある。
	今回はそういう部分の説明、ひいてはみんなが大好きなお金の話をしたい。
	それではいってみよう。
Score:0.000901444815632
EACH_TAG_SCORE:
	image:0.000325545987065
	table:0.000249988215786
	graph:0.000123978851738
	flow:0.000201931761043
PARA:
Clueword:
	今回:[0.0000,0.0000,0.0004,0.0000]
	説明:[0.0003,0.0003,0.0000,0.0000]
	企業:[0.0006,0.0001,0.0000,0.0000]
	バンド:[0.0000,0.0000,0.0000,0.0000]
	普通だ:[0.0002,0.0002,0.0000,0.0000]
	わかつ:[0.0001,0.0000,0.0000,0.0000]
	上記:[0.0033,0.0001,0.0000,0.0000]
	確認:[0.0006,0.0020,0.0000,0.0000]
	業種:[0.0000,0.0000,0.0000,0.0000]
	欲しい:[0.0001,0.0000,0.0000,0.0000]
	みる:[0.0003,0.0003,0.0016,0.0000]
	結構:[0.0000,0.0000,0.0000,0.0000]
	自分:[0.0006,0.0008,0.0014,0.0000]
	認識:[0.0000,0.0000,0.0000,0.0000]
	する:[0.0289,0.0260,0.0123,0.0269]
	言う:[0.0008,0.0010,0.0000,0.0000]
	いる:[0.0118,0.0087,0.0055,0.0051]
	この:[0.0019,0.0018,0.0007,0.0033]
	それ:[0.0007,0.0024,0.0005,0.0008]
	つく:[0.0015,0.0008,0.0006,0.0010]
	みんな:[0.0000,0.0000,0.0000,0.0000]
	音楽:[0.0000,0.0000,0.0000,0.0000]
	遠い:[0.0005,0.0006,0.0000,0.0000]
	変わる:[0.0006,0.0009,0.0020,0.0008]
	兼ねる:[0.0000,0.0000,0.0000,0.0000]
	ようだ:[0.0057,0.0000,0.0000,0.0000]
	以外:[0.0000,0.0000,0.0000,0.0000]
	制作:[0.0000,0.0000,0.0000,0.0000]
	換える:[0.0001,0.0000,0.0000,0.0000]
	いう:[0.0027,0.0019,0.0023,0.0028]
	ページ:[0.0011,0.0006,0.0000,0.0010]
	不安定だ:[0.0005,0.0006,0.0000,0.0000]
	安心:[0.0004,0.0001,0.0000,0.0000]
	作る:[0.0005,0.0002,0.0000,0.0021]
	大好きだ:[0.0000,0.0000,0.0000,0.0000]
	たい:[0.0004,0.0005,0.0006,0.0000]
	から:[0.0045,0.0053,0.0018,0.0011]
	例えば:[0.0025,0.0002,0.0000,0.0000]
	部分:[0.0028,0.0007,0.0000,0.0000]
	薄い:[0.0002,0.0002,0.0000,0.0000]
	考える:[0.0006,0.0008,0.0015,0.0000]
	どちら:[0.0000,0.0000,0.0000,0.0000]
	それでは:[0.0000,0.0000,0.0000,0.0073]
	位置:[0.0027,0.0000,0.0000,0.0000]
	られる:[0.0000,0.0017,0.0000,0.0000]
	ある:[0.0106,0.0115,0.0058,0.0064]
	様々だ:[0.0030,0.0001,0.0000,0.0000]
	ライター:[0.0000,0.0000,0.0000,0.0000]
	作曲:[0.0000,0.0000,0.0000,0.0000]
	ブラック:[0.0084,0.0027,0.0000,0.0000]
	形態:[0.0000,0.0000,0.0000,0.0000]
	会社:[0.0000,0.0007,0.0000,0.0000]
	マネージャー:[0.0001,0.0000,0.0000,0.0000]
	将来:[0.0001,0.0000,0.0000,0.0000]
	ない:[0.0067,0.0084,0.0038,0.0027]
	開く:[0.0008,0.0000,0.0000,0.0050]
False-Positive

Section:1
	Ｆｌａｇ：：００００
	「音楽で飯を食う」
	息子娘に言われたくない言葉ランキングトップテンに数えられる言葉だ。
	想像してみてほしい、大枚叩いて大学に東京に送りだした息子が大学生活晩年、就活もせず帰ってきた実家での第一声が「俺、音楽で飯を食いたい」
	２２年前の着床をこんなに後悔する言葉はないだろう。
	どこから教育を違えた．．．胎教か？そう思いつつもとりあえず話を訊いてくれる世の父兄諸君、本当に人間ができている。
	バンドマンの生活なんか最低限度の文化水準を保たぬ酒と女の道。
	憲法違反で殺したっていいのにな。
Score:0.000797121977583
EACH_TAG_SCORE:
	image:0.000259823433969
	table:0.000249237840009
	graph:0.000133639551123
	flow:0.000154421152481
PARA:
Clueword:
	水準:[0.0001,0.0000,0.0000,0.0006]
	最低だ:[0.0000,0.0000,0.0000,0.0000]
	バンド:[0.0000,0.0000,0.0000,0.0000]
	できる:[0.0030,0.0048,0.0012,0.0010]
	本当だ:[0.0000,0.0000,0.0000,0.0000]
	保つ:[0.0000,0.0000,0.0000,0.0000]
	後悔:[0.0000,0.0000,0.0000,0.0000]
	みる:[0.0003,0.0003,0.0016,0.0000]
	人間:[0.0000,0.0001,0.0000,0.0000]
	する:[0.0289,0.0260,0.0123,0.0269]
	いる:[0.0118,0.0087,0.0055,0.0051]
	言葉:[0.0000,0.0000,0.0000,0.0000]
	限度:[0.0000,0.0000,0.0000,0.0000]
	音楽:[0.0000,0.0000,0.0000,0.0000]
	就活:[0.0005,0.0006,0.0000,0.0000]
	言う:[0.0008,0.0010,0.0000,0.0000]
	そう:[0.0003,0.0002,0.0010,0.0000]
	いい:[0.0009,0.0003,0.0014,0.0000]
	食う:[0.0000,0.0000,0.0000,0.0000]
	違反:[0.0000,0.0000,0.0000,0.0000]
	たい:[0.0004,0.0005,0.0006,0.0000]
	生活:[0.0004,0.0005,0.0000,0.0000]
	どこ:[0.0005,0.0000,0.0000,0.0000]
	くれる:[0.0005,0.0001,0.0000,0.0000]
	東京:[0.0002,0.0000,0.0000,0.0000]
	ほしい:[0.0000,0.0000,0.0000,0.0000]
	数える:[0.0000,0.0018,0.0000,0.0000]
	とりあえず:[0.0000,0.0000,0.0000,0.0000]
	られる:[0.0000,0.0017,0.0000,0.0000]
	大学:[0.0001,0.0000,0.0000,0.0000]
	想像:[0.0000,0.0004,0.0019,0.0000]
	くる:[0.0034,0.0012,0.0012,0.0010]
	れる:[0.0010,0.0000,0.0000,0.0000]
	つつ:[0.0000,0.0000,0.0000,0.0000]
	思う:[0.0005,0.0001,0.0008,0.0000]
	殺す:[0.0000,0.0000,0.0000,0.0000]
	ない:[0.0067,0.0084,0.0038,0.0027]
	から:[0.0045,0.0053,0.0018,0.0011]
False-Positive

Section:4
	Ｆｌａｇ：：０１００
	アーティストと作曲家・演奏家の違い
	アーティスト
	例：バンド音楽全般、シンガーソングライター。
	自分たちで自分たちの演奏する曲を作るのがこちら側。
	（アーティストという言葉は厳密ではないが他にいい感じの言葉がない）
	こちら側の方の特徴は曲を作る自分たち自身が有名になるし人前に立つ、つまり自分たちそのものが商品となることだ。
	よくも悪くも芸能人的というか有名人的というか。
	ちなみに聞くところによると”アーティスト”として作詞作曲しているとクレジットされていてもなんだかんだゴーストライターが書いてることも少なくない。
	ホラ、メジャーに行ったら急に音楽性が変わったバンドとか幾つか心当たりがあるでしょう。
	メジャーレーベルにはそこそこ数お抱えの編曲家や作曲チーム等がいて、そこいらからテコ入れがあったりする。
	エイベックスに行ったミュージシャンのメジャー一発目が急にエイベックス臭撒き散らすのとか典型だろう。
	音楽で飯を食う！そう言って一握の成功者になったとしても、その先で自由に音楽をやれるかどうか、それはまた別の話だ。
	アーティスト、特に商品化されたメジャーアーティストという人種はみなさんの想像するカリスマとはちょっと違った実態をしている。
	カリスマは、商品価値の一部。
	コンビニの飯の合成添加物みたいなものだ。
Score:0.000769075946727
EACH_TAG_SCORE:
	image:0.000199919953395
	table:0.000237931040703
	graph:0.000116520114778
	flow:0.000214704837851
PARA:
Clueword:
	合成:[0.0000,0.0000,0.0000,0.0000]
	感じる:[0.0010,0.0009,0.0006,0.0000]
	あう:[0.0001,0.0003,0.0000,0.0000]
	みなさん:[0.0000,0.0000,0.0000,0.0000]
	よる:[0.0034,0.0041,0.0016,0.0000]
	ミュージシャン:[0.0000,0.0000,0.0000,0.0000]
	全般:[0.0000,0.0000,0.0000,0.0000]
	それ:[0.0007,0.0024,0.0005,0.0008]
	抱える:[0.0000,0.0000,0.0000,0.0000]
	テコ入れ:[0.0000,0.0000,0.0000,0.0000]
	価値:[0.0000,0.0000,0.0000,0.0000]
	その先:[0.0000,0.0000,0.0000,0.0000]
	ある:[0.0106,0.0115,0.0058,0.0064]
	ちなみに:[0.0000,0.0002,0.0000,0.0000]
	コンビニ:[0.0000,0.0000,0.0000,0.0000]
	れる:[0.0010,0.0000,0.0000,0.0000]
	聞く:[0.0001,0.0005,0.0000,0.0052]
	なる:[0.0111,0.0126,0.0094,0.0022]
	自分:[0.0006,0.0008,0.0014,0.0000]
	する:[0.0289,0.0260,0.0123,0.0269]
	言う:[0.0008,0.0010,0.0000,0.0000]
	いる:[0.0118,0.0087,0.0055,0.0051]
	作詞:[0.0000,0.0000,0.0000,0.0000]
	言葉:[0.0000,0.0000,0.0000,0.0000]
	少ない:[0.0000,0.0005,0.0000,0.0000]
	なんだかんだ:[0.0000,0.0000,0.0000,0.0000]
	悪い:[0.0020,0.0014,0.0008,0.0000]
	こと:[0.0066,0.0067,0.0051,0.0056]
	人種:[0.0000,0.0000,0.0000,0.0000]
	そこそこ:[0.0000,0.0000,0.0000,0.0000]
	チーム:[0.0000,0.0000,0.0000,0.0000]
	有名だ:[0.0000,0.0000,0.0000,0.0000]
	クレジット:[0.0000,0.0000,0.0000,0.0000]
	やれる:[0.0000,0.0000,0.0000,0.0000]
	音楽:[0.0000,0.0000,0.0000,0.0000]
	商品:[0.0006,0.0000,0.0000,0.0014]
	もの:[0.0027,0.0015,0.0007,0.0022]
	メジャー:[0.0000,0.0000,0.0000,0.0000]
	カリスマ:[0.0000,0.0000,0.0000,0.0000]
	演奏:[0.0000,0.0000,0.0000,0.0000]
	そう:[0.0003,0.0002,0.0010,0.0000]
	変わる:[0.0006,0.0009,0.0020,0.0008]
	撒く:[0.0000,0.0000,0.0000,0.0000]
	一部:[0.0000,0.0004,0.0000,0.0000]
	こちら:[0.0006,0.0005,0.0000,0.0011]
	バンド:[0.0000,0.0000,0.0000,0.0000]
	いう:[0.0027,0.0019,0.0023,0.0028]
	いい:[0.0009,0.0003,0.0014,0.0000]
	特に:[0.0000,0.0005,0.0000,0.0000]
	自由だ:[0.0000,0.0004,0.0005,0.0000]
	ところ:[0.0000,0.0013,0.0030,0.0000]
	どう:[0.0003,0.0001,0.0004,0.0000]
	添加:[0.0000,0.0000,0.0000,0.0000]
	自身:[0.0000,0.0000,0.0000,0.0000]
	食う:[0.0000,0.0000,0.0000,0.0000]
	作る:[0.0005,0.0002,0.0000,0.0021]
	書く:[0.0041,0.0026,0.0000,0.0514]
	行く:[0.0000,0.0000,0.0000,0.0000]
	から:[0.0045,0.0053,0.0018,0.0011]
	ゴースト:[0.0000,0.0000,0.0000,0.0000]
	成功:[0.0006,0.0000,0.0000,0.0000]
	別だ:[0.0000,0.0000,0.0000,0.0000]
	特徴:[0.0033,0.0082,0.0000,0.0000]
	編曲:[0.0000,0.0000,0.0000,0.0000]
	シンガー:[0.0000,0.0000,0.0000,0.0000]
	典型:[0.0002,0.0000,0.0000,0.0000]
	心当たり:[0.0000,0.0000,0.0000,0.0000]
	ソング:[0.0000,0.0000,0.0000,0.0000]
	ちょっと:[0.0002,0.0002,0.0003,0.0000]
	よくも:[0.0000,0.0000,0.0000,0.0000]
	立つ:[0.0007,0.0010,0.0000,0.0000]
	急だ:[0.0000,0.0000,0.0000,0.0000]
	想像:[0.0000,0.0004,0.0019,0.0000]
	そこいら:[0.0000,0.0000,0.0000,0.0000]
	芸能:[0.0000,0.0000,0.0000,0.0000]
	ライター:[0.0000,0.0000,0.0000,0.0000]
	人前:[0.0000,0.0000,0.0000,0.0000]
	作曲:[0.0000,0.0000,0.0000,0.0000]
	また:[0.0027,0.0020,0.0021,0.0036]
	的だ:[0.0000,0.0017,0.0000,0.0000]
	厳密だ:[0.0000,0.0000,0.0000,0.0000]
	エイベックス:[0.0000,0.0000,0.0000,0.0000]
	ない:[0.0067,0.0084,0.0038,0.0027]
	実態:[0.0000,0.0000,0.0000,0.0000]
	散らす:[0.0000,0.0000,0.0000,0.0000]
	違う:[0.0023,0.0192,0.0018,0.0000]
	つまる:[0.0000,0.0000,0.0000,0.0000]
True-Positive

Section:8
	Ｆｌａｇ：：００００
	バンドで食っていきたい！なんて人は夢破れた時のことも含めて大学に進学した方がいいと思う。
	あとゴーストライティングが好きな人とか？お勧めです。
	なるためには
	アーティスト
	まず昔ながらのやり方というか、一番一般的な道というか、ライブハウスで活動していくやつ。
	コンスタントにライブハウスでライブをしたりツアーをしたりしている内に業界の人に目をつけられてデビューとか、そういうやつ。
	これの怖いところは、この一連の流れが事態がライブハウスやレコ屋の経済システムの一部であること。
	あとは事務所とかレーベルとかにデモを送ったり、何かしらのコネでつながったりだとか。
	身も蓋もないがそうとしか言いようがない。
	最近だとボカロＰや歌い手とかツイキャス主、ニコ生主とかブロガーだとかその辺で有名になってからバンドを始めるのも増えてきている。
	そういう意味ではそういうのナシで始められるし有名人の息子とかズルいよな。
	後は運。
	とにかく運。
	どれだけ実力があったとしても運がないと全く日の目をみないことだってザラにある。
	作曲家・演奏家
	コネ。
	一言でいえばコネ。
	もうちょっとマシな言い方をすると師匠とかからの紹介とか。
	大体誰かしらのつながりでどうこうなることが多い。
	一応ネットでも「作曲家募集」とか「スタジオミュージシャン募集」とかで検索すると多少出てくるけど、検索して出てきた結果をみてもらえればなんとなく察しがつくと思う・・・。
	あとオーディションとかね。
	雑誌とかにもたまに広告がのってたり検索したりしたら割とでてくる。
	あとミュージシャンから都落ちを経て所属レーベルの編曲作曲家になるパターンもまま見られる。
	最近ではネットで有名になってそこから仕事がもらえるようになるという、２１世紀らしいやり方もあるが、音楽の技術を磨きつつネットで有名になるために努力もせねばならんという、修羅の道ということだけ伝えておこう。
	お金
	アーティスト
	（かなり）売れたら食える。
	事務所との契約内容やメンバーの数、物販などの売れ行きなど様々な要素が絡むので一概には言えないが、今まで聴いた感じだと全国でワンマン、またはツーマンくらいの規模のライブを開催できるようになれば、どうにか食えるようになるみたいだ。
	逆に言えばそれ以下ぐらいの規模のバンドになると、アレだ、ステージに立っているときではない時間はアルバイトでもして暮らしているのだ。
	結果を出して契約を取れば給料制のうちに働くことができるが、数年やって伸びがなければまあ打ち切りである。
	売れてるバンドだって１０年後まだ大箱を埋められているか、そういう事を考えると本当に厳しい世界だ。
	運が良かったりするとレーベルの社員としてそこに残ったりするケースもあったりするみたいだけど、メンバー全員分の席が空いているほど余力があるレーベルなんて残念ながら日本はないだろう。
	察しがつきますよね。
	今のライブキッズたちは１０年後大掃除か何かで当時買っていたＣＤやＴシャツをみつけ
	「あ、このバンド好きだったなあ。いま何しているんだろ？」
	そんな事を考える。
	そのバンドはね、今ギターとベースは地元に帰って割りばしやオシボリを配達する仕事をしながら親の介護をして、ボーカルは結婚詐欺で東京に居座ってるよ。
	怖いのはこれが実例ってことだよ。
	怖いね。
	作曲家・演奏家
	（業界内で）売れっ子にならないと生活が危うい。
	「俺！音楽で食ってく！」ってキラキラして目で上京していった知り合いは、その後嬉々としてプロになったと報告をしてくれたが、実際蓋を開けてみたら楽器店のアルバイトが生活の基盤になっていた。
	一応聞いたことない名前のゲームのＢＧＭとか作ってるみたいだけど・・・。
	（アーティスト業に比べたら）運がなくてもスキルとコネがあれば生き残れるが、いかんせん需要と供給のバランスが極端に悪いので、働く側が超供給過多状態。
	他業種なら月収１００万くらい稼げるんじゃないかってほどの技術を身に着けてやっと人並みの生活を送ることができる。
	最低限求められるスキルが高すぎる。
	さらに言うと人間性まで求められる。
	ある程度の年齢までに自分の”稼ぎパターン”みたいなのを構築できないと、若いのと同様の低所得、高負荷労働で死ぬ。
	ちなみに僕が見てきた限りだと”アーティスト”商売の音楽業界よりも、こっちの方がオジサンが多い。
	ついで歯に衣着せずに言うと９０年代の感覚のままのオジサンが多い。
	喩えに出すのは申し訳ないんだけど、わかりやすく言えば浜崎あゆみのバックバンドのヨっちゃんみたいな人が多い。
	コレはあくまで僕のイメージだとは断っておきたいんだけど。
	さらに言うとそういうオジサンたちは長年培ったアレもあったりして、やたら演奏が上手い上に業界に顔が利くしコネをたっぷり持ってるので若手に仕事が回ってこない。
	音楽業界に限らず日本の社会の縮図みたいだなこれ・・・。
	若者に十分回ってくるほど仕事があればいいんだけどね。
Score:0.000505640454187
EACH_TAG_SCORE:
	image:0.000100309140111
	table:0.000101607266384
	graph:0.000114146831944
	flow:0.000189577215748
PARA:
Clueword:
	一言:[0.0000,0.0000,0.0000,0.0000]
	くれる:[0.0005,0.0001,0.0000,0.0000]
	やる:[0.0000,0.0000,0.0000,0.0015]
	つながる:[0.0000,0.0000,0.0000,0.0008]
	ミュージシャン:[0.0000,0.0000,0.0000,0.0000]
	聴く:[0.0001,0.0000,0.0000,0.0000]
	おく:[0.0011,0.0015,0.0012,0.0000]
	意味:[0.0008,0.0005,0.0000,0.0000]
	業種:[0.0000,0.0000,0.0000,0.0000]
	一般:[0.0007,0.0011,0.0000,0.0025]
	なら:[0.0005,0.0002,0.0006,0.0000]
	なる:[0.0111,0.0126,0.0094,0.0022]
	スタジオ:[0.0000,0.0000,0.0000,0.0000]
	若者:[0.0000,0.0000,0.0000,0.0000]
	思う:[0.0005,0.0001,0.0008,0.0000]
	バランス:[0.0032,0.0011,0.0109,0.0015]
	それ:[0.0007,0.0024,0.0005,0.0008]
	ハウス:[0.0000,0.0000,0.0000,0.0000]
	楽器:[0.0001,0.0000,0.0000,0.0028]
	らしい:[0.0004,0.0000,0.0000,0.0000]
	音楽:[0.0000,0.0000,0.0000,0.0000]
	経る:[0.0000,0.0000,0.0000,0.0000]
	結果:[0.0000,0.0005,0.0031,0.0010]
	見る:[0.0016,0.0012,0.0012,0.0000]
	当時:[0.0000,0.0000,0.0000,0.0000]
	広告:[0.0000,0.0002,0.0000,0.0000]
	需要:[0.0000,0.0000,0.0000,0.0000]
	そこ:[0.0004,0.0002,0.0006,0.0000]
	多い:[0.0027,0.0029,0.0156,0.0000]
	よう:[0.0031,0.0023,0.0016,0.0030]
	そう:[0.0003,0.0002,0.0010,0.0000]
	ボーカル:[0.0000,0.0000,0.0000,0.0000]
	食う:[0.0000,0.0000,0.0000,0.0000]
	求める:[0.0000,0.0000,0.0000,0.0000]
	程度:[0.0006,0.0010,0.0007,0.0000]
	紹介:[0.0006,0.0003,0.0000,0.0000]
	くらい:[0.0005,0.0004,0.0000,0.0000]
	増える:[0.0000,0.0002,0.0000,0.0000]
	極端だ:[0.0000,0.0002,0.0000,0.0000]
	その:[0.0035,0.0019,0.0000,0.0233]
	供給:[0.0000,0.0000,0.0000,0.0000]
	全国:[0.0000,0.0000,0.0000,0.0000]
	良い:[0.0007,0.0006,0.0005,0.0000]
	規模:[0.0000,0.0000,0.0000,0.0000]
	介護:[0.0000,0.0000,0.0000,0.0000]
	生き残れる:[0.0000,0.0000,0.0000,0.0000]
	伸びる:[0.0001,0.0001,0.0000,0.0000]
	ある:[0.0106,0.0115,0.0058,0.0064]
	多少:[0.0000,0.0000,0.0000,0.0000]
	死ぬ:[0.0000,0.0000,0.0000,0.0000]
	やっと:[0.0000,0.0000,0.0005,0.0000]
	始める:[0.0003,0.0007,0.0000,0.0000]
	逆だ:[0.0001,0.0034,0.0000,0.0000]
	でも:[0.0021,0.0016,0.0018,0.0000]
	ない:[0.0067,0.0084,0.0038,0.0027]
	わかる:[0.0011,0.0005,0.0000,0.0012]
	でる:[0.0000,0.0000,0.0000,0.0000]
	なあ:[0.0000,0.0000,0.0000,0.0000]
	感じる:[0.0010,0.0009,0.0006,0.0000]
	本当だ:[0.0000,0.0000,0.0000,0.0000]
	イメージ:[0.0007,0.0008,0.0000,0.0000]
	うち:[0.0002,0.0000,0.0000,0.0000]
	悪い:[0.0020,0.0014,0.0008,0.0000]
	自分:[0.0006,0.0008,0.0014,0.0000]
	年齢:[0.0000,0.0002,0.0000,0.0000]
	日本:[0.0007,0.0005,0.0000,0.0000]
	する:[0.0289,0.0260,0.0123,0.0269]
	編曲:[0.0000,0.0000,0.0000,0.0000]
	たまだ:[0.0001,0.0000,0.0000,0.0000]
	好きだ:[0.0000,0.0000,0.0003,0.0000]
	こと:[0.0066,0.0067,0.0051,0.0056]
	この:[0.0019,0.0018,0.0007,0.0033]
	ベース:[0.0000,0.0000,0.0000,0.0000]
	有名だ:[0.0000,0.0000,0.0000,0.0000]
	流れる:[0.0001,0.0001,0.0000,0.0815]
	以下:[0.0055,0.0005,0.0000,0.0012]
	残る:[0.0000,0.0000,0.0000,0.0000]
	演奏:[0.0000,0.0000,0.0000,0.0000]
	進学:[0.0000,0.0000,0.0000,0.0000]
	どれ:[0.0000,0.0001,0.0000,0.0000]
	人間:[0.0000,0.0001,0.0000,0.0000]
	やつ:[0.0000,0.0000,0.0000,0.0000]
	開ける:[0.0000,0.0000,0.0000,0.0000]
	同様だ:[0.0000,0.0000,0.0000,0.0000]
	なんて:[0.0001,0.0000,0.0008,0.0000]
	生活:[0.0004,0.0005,0.0000,0.0000]
	そんな:[0.0002,0.0001,0.0005,0.0000]
	仕事:[0.0006,0.0004,0.0008,0.0000]
	これ:[0.0017,0.0014,0.0000,0.0000]
	まで:[0.0000,0.0011,0.0000,0.0101]
	東京:[0.0002,0.0000,0.0000,0.0000]
	高い:[0.0012,0.0012,0.0266,0.0000]
	ます:[0.0222,0.0199,0.0169,0.0211]
	詐欺:[0.0004,0.0000,0.0000,0.0000]
	あくまで:[0.0001,0.0000,0.0000,0.0000]
	大学:[0.0001,0.0000,0.0000,0.0000]
	やすい:[0.0055,0.0080,0.0000,0.0016]
	さらに:[0.0009,0.0008,0.0000,0.0140]
	時間:[0.0000,0.0006,0.0030,0.0000]
	言える:[0.0004,0.0001,0.0006,0.0000]
	作曲:[0.0000,0.0000,0.0000,0.0000]
	努力:[0.0000,0.0000,0.0000,0.0000]
	状態:[0.0011,0.0097,0.0000,0.0000]
	ケース:[0.0004,0.0083,0.0000,0.0000]
	比べる:[0.0035,0.0004,0.0420,0.0000]
	パターン:[0.0000,0.0013,0.0004,0.0000]
	あう:[0.0001,0.0003,0.0000,0.0000]
	実際:[0.0001,0.0000,0.0017,0.0000]
	たい:[0.0004,0.0005,0.0006,0.0000]
	できる:[0.0030,0.0048,0.0012,0.0010]
	買う:[0.0000,0.0000,0.0000,0.0000]
	かなり:[0.0002,0.0002,0.0000,0.0000]
	持つ:[0.0001,0.0001,0.0000,0.0009]
	あと:[0.0000,0.0000,0.0000,0.0101]
	ゲーム:[0.0000,0.0000,0.0000,0.0000]
	みる:[0.0003,0.0003,0.0016,0.0000]
	つける:[0.0009,0.0009,0.0000,0.0000]
	または:[0.0002,0.0000,0.0000,0.0000]
	言う:[0.0008,0.0010,0.0000,0.0000]
	つく:[0.0015,0.0008,0.0006,0.0010]
	含める:[0.0000,0.0002,0.0007,0.0000]
	送る:[0.0001,0.0000,0.0000,0.0000]
	最低:[0.0000,0.0000,0.0000,0.0000]
	ネット:[0.0000,0.0001,0.0000,0.0000]
	スキル:[0.0000,0.0000,0.0000,0.0000]
	全く:[0.0002,0.0002,0.0000,0.0000]
	限る:[0.0003,0.0003,0.0000,0.0000]
	着ける:[0.0000,0.0000,0.0000,0.0000]
	割りばし:[0.0000,0.0000,0.0000,0.0000]
	バンド:[0.0000,0.0000,0.0000,0.0000]
	取る:[0.0007,0.0005,0.0000,0.0000]
	システム:[0.0000,0.0004,0.0000,0.0000]
	実例:[0.0002,0.0000,0.0000,0.0000]
	所属:[0.0000,0.0000,0.0000,0.0000]
	くる:[0.0034,0.0012,0.0012,0.0010]
	もらえる:[0.0000,0.0000,0.0000,0.0000]
	名前:[0.0013,0.0007,0.0000,0.0024]
	いかん:[0.0000,0.0000,0.0000,0.0000]
	考える:[0.0006,0.0008,0.0015,0.0000]
	られる:[0.0000,0.0017,0.0000,0.0000]
	最近:[0.0000,0.0001,0.0005,0.0067]
	勧める:[0.0009,0.0010,0.0000,0.0000]
	全員:[0.0000,0.0000,0.0000,0.0000]
	ため:[0.0035,0.0042,0.0007,0.0035]
	若手:[0.0000,0.0000,0.0000,0.0000]
	埋める:[0.0000,0.0000,0.0000,0.0000]
	一部:[0.0000,0.0004,0.0000,0.0000]
	的だ:[0.0000,0.0017,0.0000,0.0000]
	長年:[0.0001,0.0000,0.0000,0.0000]
	内容:[0.0010,0.0033,0.0000,0.0011]
	上手い:[0.0000,0.0000,0.0007,0.0000]
	回る:[0.0002,0.0000,0.0000,0.0000]
	より:[0.0047,0.0025,0.0220,0.0000]
	ちなみに:[0.0000,0.0002,0.0000,0.0000]
	報告:[0.0007,0.0029,0.0000,0.0000]
	とにかく:[0.0000,0.0000,0.0000,0.0000]
	ギター:[0.0000,0.0000,0.0000,0.0000]
	社会:[0.0000,0.0000,0.0000,0.0000]
	活動:[0.0000,0.0000,0.0000,0.0000]
	ライブ:[0.0000,0.0000,0.0000,0.0000]
	過多だ:[0.0000,0.0000,0.0000,0.0000]
	出す:[0.0003,0.0004,0.0000,0.0000]
	もう:[0.0000,0.0000,0.0004,0.0000]
	ゴースト:[0.0000,0.0000,0.0000,0.0000]
	業界:[0.0001,0.0001,0.0000,0.0000]
	いう:[0.0027,0.0019,0.0023,0.0028]
	伝える:[0.0000,0.0002,0.0000,0.0000]
	その後:[0.0000,0.0002,0.0000,0.0588]
	残念だ:[0.0000,0.0000,0.0000,0.0000]
	要素:[0.0000,0.0000,0.0000,0.0000]
	打ち切る:[0.0000,0.0000,0.0000,0.0000]
	契約:[0.0000,0.0000,0.0000,0.0000]
	働く:[0.0006,0.0002,0.0000,0.0000]
	暮らす:[0.0000,0.0000,0.0000,0.0000]
	ようだ:[0.0057,0.0000,0.0000,0.0000]
	いく:[0.0006,0.0001,0.0005,0.0008]
	様々だ:[0.0030,0.0001,0.0000,0.0000]
	まま:[0.0000,0.0000,0.0000,0.0000]
	いい:[0.0009,0.0003,0.0014,0.0000]
	世界:[0.0002,0.0000,0.0000,0.0000]
	ところ:[0.0000,0.0013,0.0030,0.0000]
	コネ:[0.0000,0.0000,0.0000,0.0000]
	まだ:[0.0000,0.0001,0.0000,0.0000]
	作る:[0.0005,0.0002,0.0000,0.0021]
	いる:[0.0118,0.0087,0.0055,0.0051]
	経済:[0.0000,0.0000,0.0000,0.0000]
	まず:[0.0011,0.0011,0.0000,0.0723]
	から:[0.0045,0.0053,0.0018,0.0011]
	すぎる:[0.0013,0.0013,0.0009,0.0000]
	まあ:[0.0000,0.0000,0.0000,0.0000]
	一番:[0.0005,0.0014,0.0101,0.0000]
	世紀:[0.0000,0.0000,0.0000,0.0000]
	ちょっと:[0.0002,0.0002,0.0003,0.0000]
	立つ:[0.0007,0.0010,0.0000,0.0000]
	技術:[0.0000,0.0000,0.0000,0.0000]
	労働:[0.0000,0.0002,0.0000,0.0000]
	つつ:[0.0000,0.0000,0.0000,0.0000]
	聞く:[0.0001,0.0005,0.0000,0.0052]
	けど:[0.0001,0.0000,0.0000,0.0000]
	ほど:[0.0031,0.0006,0.0030,0.0000]
	ながら:[0.0005,0.0001,0.0000,0.0000]
	稼ぐ:[0.0000,0.0000,0.0000,0.0000]
	出る:[0.0009,0.0009,0.0012,0.0000]
	厳しい:[0.0000,0.0000,0.0000,0.0000]
False-Positive

Section:7
	Ｆｌａｇ：：００１０
	運がなくてもスキルとコネがあれば生き残れるが、いかんせん需要と供給のバランスが極端に悪いので、働く側が超供給過多状態。
CUTOFF SECTION:Too Short

True-Negative:0
False-Positive:4
Too Short:1
True-Positive:4
False-Negative:0
precision = 0.500000
recall = 1.000000
fvalue = 0.666667