Section:5
	Ｆｌａｇ：：００００
	スマホ向けタイトルでどう稼ぐ？
	君島達己社長は２月１日に開いた経営方針説明会で、マリオランに言及。
	それまで任天堂のゲームを販売していなかった地域でもプレーされていることに触れ、「全世界の幅広い皆様にお届けすることができた」とＩＰの広がりを強調した。
	収益面はどうか。
	スマホゲームの主流は、基本プレーを無料にしてアイテム課金で収益を稼ぐモデルだ。
	一方、マリオランは一部無料で１２００円を支払えば全編遊べる「買い切り方式」を採用し、注目されていた。
Score:0.00100489574421
EACH_TAG_SCORE:
	image:0.000295298822808
	table:0.000304658835245
	graph:0.000159250848942
	flow:0.000245687237212
PARA:
Clueword:
	スマホ:[0.0001,0.0000,0.0000,0.0000]
	説明:[0.0003,0.0003,0.0000,0.0000]
	できる:[0.0030,0.0048,0.0012,0.0010]
	買う:[0.0000,0.0000,0.0000,0.0000]
	収益:[0.0000,0.0001,0.0065,0.0000]
	タイトル:[0.0001,0.0000,0.0000,0.0000]
	れる:[0.0010,0.0000,0.0000,0.0000]
	触れる:[0.0000,0.0000,0.0000,0.0000]
	方針:[0.0000,0.0000,0.0000,0.0000]
	基本:[0.0022,0.0029,0.0000,0.0000]
	する:[0.0289,0.0260,0.0123,0.0269]
	プレー:[0.0000,0.0000,0.0000,0.0000]
	課金:[0.0000,0.0000,0.0000,0.0000]
	広がる:[0.0000,0.0000,0.0000,0.0000]
	世界:[0.0002,0.0000,0.0000,0.0000]
	販売:[0.0001,0.0000,0.0000,0.0000]
	地域:[0.0000,0.0000,0.0000,0.0000]
	社長:[0.0000,0.0000,0.0000,0.0000]
	経営:[0.0000,0.0001,0.0000,0.0000]
	こと:[0.0066,0.0067,0.0051,0.0056]
	注目:[0.0000,0.0005,0.0000,0.0000]
	強調:[0.0000,0.0000,0.0000,0.0000]
	それ:[0.0007,0.0024,0.0005,0.0008]
	ゲーム:[0.0000,0.0000,0.0000,0.0000]
	届ける:[0.0000,0.0000,0.0000,0.0000]
	稼ぐ:[0.0000,0.0000,0.0000,0.0000]
	幅広い:[0.0029,0.0002,0.0000,0.0000]
	いる:[0.0118,0.0087,0.0055,0.0051]
	マリオ:[0.0000,0.0000,0.0000,0.0000]
	一部:[0.0000,0.0004,0.0000,0.0000]
	採用:[0.0000,0.0000,0.0000,0.0000]
	ラン:[0.0000,0.0000,0.0000,0.0000]
	まで:[0.0000,0.0011,0.0000,0.0101]
	開く:[0.0008,0.0000,0.0000,0.0050]
	言及:[0.0000,0.0000,0.0000,0.0000]
	主流:[0.0000,0.0000,0.0000,0.0000]
	任天堂:[0.0000,0.0000,0.0000,0.0000]
	無料:[0.0009,0.0002,0.0000,0.0000]
	一方:[0.0002,0.0063,0.0000,0.0000]
	どう:[0.0003,0.0001,0.0004,0.0000]
	支払う:[0.0000,0.0000,0.0000,0.0000]
	切る:[0.0001,0.0001,0.0000,0.0000]
	アイテム:[0.0000,0.0000,0.0000,0.0000]
	でも:[0.0021,0.0016,0.0018,0.0000]
	ない:[0.0067,0.0084,0.0038,0.0027]
False-Positive

Section:3
	Ｆｌａｇ：：００００
	■スマホは人気タイトルを次々に投入
	ただし、重要なのは足元の業績ではなく今後の動向だ。
	２月から３月末にかけて、任天堂の将来を左右する製品が続々と投入される。
	大きな柱の一つがスマホ向けゲームだ。
	２月２日にシミュレーションＲＰＧ『ファイアーエムブレムヒーローズ』を配信。
	昨年１２月に米アップル製品向けに配信し、７８００万ダウンロードを突破した『スーパーマリオラン』（マリオラン）も３月にアンドロイド端末向けに配信する。
	３月までの発売を予定していた『どうぶつの森』は、前述の２タイトルを配信したことと、その運営対応を優先するため延期となり、２０１７年度中にリリースされる見込みだ。
Score:0.000980288483495
EACH_TAG_SCORE:
	image:0.000278784797708
	table:0.000265475305622
	graph:0.000160564511802
	flow:0.000275463868363
PARA:
Clueword:
	予定:[0.0004,0.0001,0.0000,0.0000]
	スマホ:[0.0001,0.0000,0.0000,0.0000]
	昨年:[0.0000,0.0000,0.0000,0.0000]
	重要だ:[0.0007,0.0009,0.0012,0.0000]
	投入:[0.0000,0.0000,0.0000,0.0000]
	タイトル:[0.0001,0.0000,0.0000,0.0000]
	動向:[0.0001,0.0005,0.0067,0.0000]
	れる:[0.0010,0.0000,0.0000,0.0000]
	業績:[0.0000,0.0000,0.0000,0.0000]
	する:[0.0289,0.0260,0.0123,0.0269]
	いる:[0.0118,0.0087,0.0055,0.0051]
	任天堂:[0.0000,0.0000,0.0000,0.0000]
	なる:[0.0111,0.0126,0.0094,0.0022]
	かける:[0.0005,0.0005,0.0000,0.0012]
	今後:[0.0004,0.0004,0.0000,0.0010]
	こと:[0.0066,0.0067,0.0051,0.0056]
	ゲーム:[0.0000,0.0000,0.0000,0.0000]
	その:[0.0035,0.0019,0.0000,0.0233]
	製品:[0.0000,0.0000,0.0000,0.0000]
	マリオ:[0.0000,0.0000,0.0000,0.0000]
	左右する:[0.0000,0.0000,0.0000,0.0000]
	スーパー:[0.0000,0.0003,0.0000,0.0000]
	ラン:[0.0000,0.0000,0.0000,0.0000]
	足元:[0.0000,0.0000,0.0000,0.0000]
	まで:[0.0000,0.0011,0.0000,0.0101]
	ただし:[0.0008,0.0007,0.0000,0.0000]
	対応:[0.0000,0.0001,0.0000,0.0000]
	から:[0.0045,0.0053,0.0018,0.0011]
	優先:[0.0000,0.0000,0.0000,0.0000]
	人気:[0.0002,0.0000,0.0008,0.0000]
	年度:[0.0000,0.0000,0.0000,0.0000]
	見込む:[0.0000,0.0000,0.0000,0.0000]
	大きな:[0.0026,0.0011,0.0009,0.0000]
	端末:[0.0003,0.0000,0.0000,0.0000]
	ため:[0.0035,0.0042,0.0007,0.0035]
	ダウンロード:[0.0000,0.0000,0.0000,0.0000]
	将来:[0.0001,0.0000,0.0000,0.0000]
	ない:[0.0067,0.0084,0.0038,0.0027]
False-Positive

Section:6
	Ｆｌａｇ：：００１０
	昨年１０〜１２月期のスマートデバイス・ＩＰ関連収入は、マリオランの貢献で前年同期比４．３倍の７２億円に拡大した。
	ただ、全体の売上高に占める割合は４％程度。
	君島社長は「マリオランのダウンロードに占める課金率は１ケタ半ば。１０％台に伸ばしていきたい」と説明した。
Score:0.000812318606107
EACH_TAG_SCORE:
	image:0.00022506804278
	table:0.000201446020455
	graph:0.000187616647549
	flow:0.000198187895325
PARA:
Clueword:
	いく:[0.0006,0.0001,0.0005,0.0008]
	説明:[0.0003,0.0003,0.0000,0.0000]
	ラン:[0.0000,0.0000,0.0000,0.0000]
	収入:[0.0000,0.0000,0.0000,0.0000]
	昨年:[0.0000,0.0000,0.0000,0.0000]
	課金:[0.0000,0.0000,0.0000,0.0000]
	たい:[0.0004,0.0005,0.0006,0.0000]
	半ば:[0.0000,0.0000,0.0000,0.0000]
	ケタ:[0.0003,0.0000,0.0000,0.0000]
	同期:[0.0000,0.0000,0.0000,0.0000]
	ただ:[0.0000,0.0000,0.0000,0.0000]
	する:[0.0289,0.0260,0.0123,0.0269]
	程度:[0.0006,0.0010,0.0007,0.0000]
	拡大:[0.0000,0.0000,0.0000,0.0000]
	関連:[0.0000,0.0001,0.0000,0.0000]
	貢献:[0.0000,0.0000,0.0000,0.0000]
	売上高:[0.0000,0.0000,0.0121,0.0000]
	前年:[0.0000,0.0000,0.0000,0.0000]
	伸ばす:[0.0000,0.0000,0.0000,0.0000]
	社長:[0.0000,0.0000,0.0000,0.0000]
	割合:[0.0000,0.0000,0.0000,0.0000]
	全体:[0.0005,0.0002,0.0000,0.0000]
	ダウンロード:[0.0000,0.0000,0.0000,0.0000]
	マリオ:[0.0000,0.0000,0.0000,0.0000]
	デバイス:[0.0000,0.0000,0.0000,0.0000]
	占める:[0.0000,0.0000,0.0000,0.0000]
True-Positive

Section:2
	Ｆｌａｇ：：００１０
	１月３１日に発表された２０１６年４〜１２月期決算は、売上高が前年同期比２６％減の３１１１億円、営業利益は同３８％減の２６３億円と減収減益だった。
	昨年に発売した『ポケットモンスターサン・ムーン』が牽引して携帯ゲーム機関連は伸びたが、据え置き型ゲーム機「ＷｉｉＵ」の販売減少が響いた。
	また、好採算のゲームソフトのダウンロード販売比率の低下や期末にかけ広告費を積み増すことを加味し、通期の営業益予想を３００億円から２００億円へ下方修正した。
Score:0.000798115980177
EACH_TAG_SCORE:
	image:0.000213896802752
	table:0.000187379261879
	graph:0.000225800742236
	flow:0.00017103917331
PARA:
Clueword:
	昨年:[0.0000,0.0000,0.0000,0.0000]
	携帯:[0.0004,0.0004,0.0000,0.0008]
	低下:[0.0002,0.0007,0.0086,0.0000]
	積む:[0.0002,0.0000,0.0000,0.0000]
	れる:[0.0010,0.0000,0.0000,0.0000]
	減収:[0.0000,0.0000,0.0000,0.0000]
	採算:[0.0000,0.0000,0.0000,0.0000]
	同期:[0.0000,0.0000,0.0000,0.0000]
	する:[0.0289,0.0260,0.0123,0.0269]
	販売:[0.0001,0.0000,0.0000,0.0000]
	こと:[0.0066,0.0067,0.0051,0.0056]
	減益:[0.0000,0.0000,0.0000,0.0000]
	ゲーム:[0.0000,0.0000,0.0000,0.0000]
	増す:[0.0005,0.0006,0.0000,0.0000]
	予想:[0.0002,0.0000,0.0000,0.0000]
	決算:[0.0000,0.0000,0.0000,0.0000]
	広告:[0.0000,0.0002,0.0000,0.0000]
	減少:[0.0000,0.0000,0.0000,0.0000]
	発表:[0.0000,0.0000,0.0000,0.0000]
	加味:[0.0000,0.0000,0.0000,0.0000]
	ソフト:[0.0003,0.0001,0.0000,0.0000]
	また:[0.0027,0.0020,0.0021,0.0036]
	修正:[0.0000,0.0000,0.0000,0.0000]
	から:[0.0045,0.0053,0.0018,0.0011]
	通だ:[0.0000,0.0000,0.0000,0.0000]
	期末:[0.0000,0.0000,0.0000,0.0000]
	営業:[0.0000,0.0005,0.0000,0.0000]
	前年:[0.0000,0.0000,0.0000,0.0000]
	かける:[0.0005,0.0005,0.0000,0.0012]
	伸びる:[0.0001,0.0001,0.0000,0.0000]
	下方:[0.0029,0.0000,0.0000,0.0000]
	売上高:[0.0000,0.0000,0.0121,0.0000]
	ダウンロード:[0.0000,0.0000,0.0000,0.0000]
	利益:[0.0000,0.0000,0.0005,0.0000]
	比率:[0.0000,0.0000,0.0091,0.0000]
	機関:[0.0000,0.0000,0.0000,0.0000]
True-Positive

Section:7
	Ｆｌａｇ：：００００
	今後配信するタイトルはアイテム課金のモデルを採用しており、ファイアーエムブレムは一般的に「ガチャシステム」と呼ばれる、ランダム型アイテム供給方式を導入した。
	発表済みのタイトル以外にも年間２〜３本ペースでの配信を予定しており、どれだけ収益を拡大できるか注目だ。
	■ついに社運を懸けたスイッチが登場！
	そして３月３日には、新型ゲーム機「ＮｉｎｔｅｎｄｏＳｗｉｔｃｈ」（スイッチ）を発売する。
	スイッチは液晶画面のついた本体と左右に分割されたコントローラーで構成される。
	コントローラーには各種センサーが内蔵され、さまざまな操作に対応。
	微細な振動で手で触った感触を再現する機能も採用した。
	テレビに接続したり、携帯機としてプレーしたりすることも可能だ。
	希望小売価格は２万９９８０円。
	ゲーム機単体でも利益を出せる。
	任天堂の戦略の根幹は、ゲーム機とともにソフトも自社で積極的に展開し、収益を拡大することだ。
	そのため、ゲーム機のヒット次第でその後の業績が大きく左右される。
Score:0.000707340448952
EACH_TAG_SCORE:
	image:0.000165764907455
	table:0.000133506912962
	graph:9.80013324382e-05
	flow:0.000310067296097
PARA:
Clueword:
	呼ぶ:[0.0015,0.0009,0.0000,0.0015]
	予定:[0.0004,0.0001,0.0000,0.0000]
	れる:[0.0010,0.0000,0.0000,0.0000]
	ヒット:[0.0000,0.0000,0.0000,0.0000]
	出せる:[0.0004,0.0000,0.0000,0.0000]
	振動:[0.0000,0.0000,0.0000,0.0000]
	できる:[0.0030,0.0048,0.0012,0.0010]
	収益:[0.0000,0.0001,0.0065,0.0000]
	利益:[0.0000,0.0000,0.0005,0.0000]
	タイトル:[0.0001,0.0000,0.0000,0.0000]
	さまざまだ:[0.0000,0.0001,0.0000,0.0000]
	一般:[0.0007,0.0011,0.0000,0.0025]
	構成:[0.0037,0.0006,0.0000,0.0000]
	ため:[0.0035,0.0042,0.0007,0.0035]
	展開:[0.0001,0.0000,0.0000,0.0000]
	業績:[0.0000,0.0000,0.0000,0.0000]
	希望:[0.0000,0.0000,0.0000,0.0000]
	つく:[0.0015,0.0008,0.0006,0.0010]
	する:[0.0289,0.0260,0.0123,0.0269]
	課金:[0.0000,0.0000,0.0000,0.0000]
	拡大:[0.0000,0.0000,0.0000,0.0000]
	任天堂:[0.0000,0.0000,0.0000,0.0000]
	接続:[0.0001,0.0001,0.0000,0.0004]
	プレー:[0.0000,0.0000,0.0000,0.0000]
	注目:[0.0000,0.0005,0.0000,0.0000]
	携帯:[0.0004,0.0004,0.0000,0.0008]
	単体:[0.0000,0.0000,0.0000,0.0000]
	その後:[0.0000,0.0002,0.0000,0.0588]
	ゲーム:[0.0000,0.0000,0.0000,0.0000]
	その:[0.0035,0.0019,0.0000,0.0233]
	どれ:[0.0000,0.0001,0.0000,0.0000]
	操作:[0.0001,0.0001,0.0000,0.0000]
	以外:[0.0000,0.0000,0.0000,0.0000]
	ソフト:[0.0003,0.0001,0.0000,0.0000]
	ペース:[0.0000,0.0000,0.0000,0.0000]
	左右する:[0.0000,0.0000,0.0000,0.0000]
	発表:[0.0000,0.0000,0.0000,0.0000]
	登場:[0.0000,0.0000,0.0000,0.0000]
	採用:[0.0000,0.0000,0.0000,0.0000]
	画面:[0.0097,0.0015,0.0000,0.0000]
	システム:[0.0000,0.0004,0.0000,0.0000]
	次第:[0.0000,0.0000,0.0000,0.0000]
	新型:[0.0000,0.0003,0.0000,0.0000]
	済む:[0.0000,0.0001,0.0000,0.0000]
	機能:[0.0001,0.0005,0.0000,0.0000]
	再現:[0.0000,0.0000,0.0000,0.0000]
	対応:[0.0000,0.0001,0.0000,0.0000]
	大きい:[0.0030,0.0018,0.0126,0.0000]
	価格:[0.0005,0.0000,0.0000,0.0000]
	供給:[0.0000,0.0000,0.0000,0.0000]
	左右:[0.0000,0.0000,0.0000,0.0000]
	ともに:[0.0000,0.0000,0.0005,0.0000]
	テレビ:[0.0000,0.0000,0.0000,0.0000]
	年間:[0.0000,0.0000,0.0000,0.0000]
	積極:[0.0000,0.0000,0.0000,0.0000]
	本体:[0.0004,0.0001,0.0000,0.0000]
	おる:[0.0001,0.0001,0.0000,0.0000]
	可能だ:[0.0008,0.0012,0.0012,0.0000]
	今後:[0.0004,0.0004,0.0000,0.0010]
	液晶:[0.0000,0.0000,0.0000,0.0000]
	アイテム:[0.0000,0.0000,0.0000,0.0000]
	そして:[0.0003,0.0001,0.0000,0.0101]
	分割:[0.0000,0.0000,0.0000,0.0000]
	的だ:[0.0000,0.0017,0.0000,0.0000]
	こと:[0.0066,0.0067,0.0051,0.0056]
	でも:[0.0021,0.0016,0.0018,0.0000]
False-Positive

Section:1
	Ｆｌａｇ：：００００
	業績低迷に苦しむゲーム業界の雄、任天堂が今後の収益を左右する局面に突入している。
	【写真】１台で３種類の遊び方ができるスイッチ
CUTOFF SECTION:Too Short

Section:4
	Ｆｌａｇ：：１０００
	任天堂はスマホ事業について、「ＩＰ（タイトルやキャラクターなどの知的財産）に触れる人口の最大化」「事業単体の収益化」「ゲーム専用機事業との相乗効果」という、三つの方針を掲げている。
CUTOFF SECTION:Too Short

True-Negative:0
False-Positive:3
Too Short:2
True-Positive:2
False-Negative:0
precision = 0.400000
recall = 1.000000
fvalue = 0.571429