Section:2
	Ｆｌａｇ：：１０００
	肩甲骨はがしをすることで、肩甲骨周りの血行がよくなりコリがほぐれるだけではなく、実は姿勢矯正、バストアップ、ダイエットにまでなるいという驚くべき効果まであるんです。
	ほかにも、
	・肩こりが解消される
	・猫背が治る
	・リンパの流れが良くなる
	・褐色脂肪細胞が活性化して代謝がよくなる
	・腰痛が改善される
	・身体のラインが美しくなる
	・身体全体が軽くなる感じがする
	・目が疲れにくくなる
	・顔のたるみを防ぐ
	・骨盤の歪みを解消してくれる
	などなど、女性にもうれしい効果がたくさんあります。
Score:0.00170703342042
EACH_TAG_SCORE:
	image:0.000398070273394
	table:0.000395914398489
	graph:0.000243448887976
	flow:0.000669599860559
PARA:
Clueword:
	たるむ:[0.0000,0.0000,0.0000,0.0000]
	ほぐれる:[0.0000,0.0000,0.0000,0.0000]
	くれる:[0.0005,0.0001,0.0000,0.0000]
	リンパ:[0.0003,0.0000,0.0000,0.0020]
	いう:[0.0027,0.0019,0.0023,0.0028]
	腰痛:[0.0000,0.0000,0.0000,0.0000]
	いい:[0.0009,0.0003,0.0014,0.0000]
	改善:[0.0001,0.0013,0.0000,0.0000]
	血行:[0.0000,0.0000,0.0000,0.0000]
	猫背:[0.0000,0.0000,0.0000,0.0000]
	身体:[0.0001,0.0000,0.0009,0.0000]
	骨盤:[0.0000,0.0000,0.0000,0.0000]
	まで:[0.0000,0.0011,0.0000,0.0101]
	などなど:[0.0000,0.0000,0.0000,0.0000]
	実は:[0.0002,0.0001,0.0000,0.0000]
	治る:[0.0000,0.0000,0.0000,0.0000]
	コリ:[0.0000,0.0000,0.0000,0.0000]
	感じる:[0.0010,0.0009,0.0006,0.0000]
	れる:[0.0010,0.0000,0.0000,0.0000]
	脂肪:[0.0008,0.0009,0.0000,0.0000]
	がし:[0.0000,0.0000,0.0000,0.0000]
	女性:[0.0013,0.0006,0.0008,0.0000]
	にくい:[0.0009,0.0018,0.0000,0.0000]
	なる:[0.0111,0.0126,0.0094,0.0022]
	軽い:[0.0000,0.0003,0.0000,0.0000]
	歪む:[0.0000,0.0000,0.0000,0.0000]
	褐色:[0.0000,0.0000,0.0000,0.0000]
	する:[0.0289,0.0260,0.0123,0.0269]
	驚く:[0.0000,0.0000,0.0000,0.0000]
	防ぐ:[0.0001,0.0000,0.0000,0.0000]
	疲れる:[0.0001,0.0001,0.0000,0.0000]
	美しい:[0.0001,0.0000,0.0000,0.0000]
	たくさんだ:[0.0000,0.0002,0.0000,0.0000]
	良い:[0.0007,0.0006,0.0005,0.0000]
	細胞:[0.0016,0.0008,0.0000,0.0079]
	ある:[0.0106,0.0115,0.0058,0.0064]
	ほか:[0.0002,0.0000,0.0007,0.0000]
	こと:[0.0066,0.0067,0.0051,0.0056]
	活性:[0.0000,0.0009,0.0000,0.0000]
	ます:[0.0222,0.0199,0.0169,0.0211]
	姿勢:[0.0000,0.0003,0.0000,0.0000]
	よい:[0.0009,0.0012,0.0013,0.0000]
	ダイエット:[0.0000,0.0000,0.0000,0.0000]
	解消:[0.0000,0.0000,0.0000,0.0000]
	流れる:[0.0001,0.0001,0.0000,0.0815]
	うれしい:[0.0000,0.0000,0.0000,0.0000]
	矯正:[0.0000,0.0000,0.0000,0.0000]
	肩こり:[0.0000,0.0000,0.0000,0.0000]
	肩甲骨:[0.0000,0.0000,0.0000,0.0000]
	ライン:[0.0000,0.0000,0.0000,0.0000]
	効果:[0.0002,0.0009,0.0000,0.0000]
	代謝:[0.0000,0.0000,0.0000,0.0000]
	全体:[0.0005,0.0002,0.0000,0.0000]
	ない:[0.0067,0.0084,0.0038,0.0027]
	アップ:[0.0004,0.0005,0.0000,0.0000]
True-Positive

Section:3
	Ｆｌａｇ：：０００１
	肩甲骨はがしのやり方
	まず簡単な方法として、
	【１】両手を肩にあてそのままヒジを大きくぐるぐると回すものです、前まわしと後ろまわしを５回くらいおこないましょう。
	【２】両手を上にあげ、手の平を内側に向けます。
	そのままひじを開くように腕をおろし背中を引き締めます。
	その時に、手の平を外側に向けるようにしましょう。
	肩甲骨を動かすことが目的になります。
	（１０回を２セット程度）
	【３】腰に掌を外側に向けた状態で添えて、両ひじを背中の後ろでつけるような気持ちでパタパタとさせます。
	もちろん、肩甲骨を意識して行います。
	（１０回を２セット）
	【４】最後にもう一度、両手を方にあててひじを大きくぐるぐる回すを、前まわしと後ろ周りで５回くらい行います。
Score:0.00133811836855
EACH_TAG_SCORE:
	image:0.0003135346153
	table:0.000289999898962
	graph:0.000181126837444
	flow:0.000553457016843
PARA:
Clueword:
	やる:[0.0000,0.0000,0.0000,0.0015]
	動かす:[0.0000,0.0000,0.0000,0.0000]
	行う:[0.0007,0.0008,0.0006,0.0010]
	そのまま:[0.0001,0.0002,0.0000,0.0000]
	もう:[0.0000,0.0000,0.0004,0.0000]
	添える:[0.0000,0.0000,0.0000,0.0000]
	パタパタ:[0.0000,0.0000,0.0000,0.0000]
	おこなう:[0.0002,0.0002,0.0000,0.0000]
	後ろ:[0.0017,0.0003,0.0000,0.0000]
	なる:[0.0111,0.0126,0.0094,0.0022]
	内側:[0.0040,0.0015,0.0000,0.0000]
	方法:[0.0032,0.0048,0.0005,0.0017]
	つける:[0.0009,0.0009,0.0000,0.0000]
	回す:[0.0000,0.0000,0.0000,0.0000]
	する:[0.0289,0.0260,0.0123,0.0269]
	背中:[0.0000,0.0000,0.0000,0.0000]
	ヒジ:[0.0000,0.0000,0.0000,0.0000]
	簡単だ:[0.0000,0.0004,0.0000,0.0000]
	こと:[0.0066,0.0067,0.0051,0.0056]
	セット:[0.0000,0.0000,0.0000,0.0000]
	おろす:[0.0000,0.0000,0.0000,0.0000]
	引き締める:[0.0000,0.0000,0.0000,0.0000]
	両手:[0.0000,0.0000,0.0000,0.0000]
	外側:[0.0041,0.0020,0.0000,0.0000]
	肩甲骨:[0.0000,0.0000,0.0000,0.0000]
	ようだ:[0.0057,0.0000,0.0000,0.0000]
	もの:[0.0027,0.0015,0.0007,0.0022]
	ひじ:[0.0000,0.0000,0.0000,0.0000]
	意識:[0.0001,0.0001,0.0000,0.0000]
	的だ:[0.0000,0.0017,0.0000,0.0000]
	ます:[0.0222,0.0199,0.0169,0.0211]
	まず:[0.0011,0.0011,0.0000,0.0723]
	くらい:[0.0005,0.0004,0.0000,0.0000]
	開く:[0.0008,0.0000,0.0000,0.0050]
	大きい:[0.0030,0.0018,0.0126,0.0000]
	がし:[0.0000,0.0000,0.0000,0.0000]
	あげる:[0.0006,0.0006,0.0013,0.0000]
	その:[0.0035,0.0019,0.0000,0.0233]
	気持ち:[0.0000,0.0000,0.0000,0.0000]
	程度:[0.0006,0.0010,0.0007,0.0000]
	最後だ:[0.0004,0.0000,0.0000,0.0202]
	せる:[0.0007,0.0005,0.0000,0.0011]
	手の平:[0.0000,0.0000,0.0000,0.0000]
	あてる:[0.0000,0.0000,0.0000,0.0000]
	状態:[0.0011,0.0097,0.0000,0.0000]
	ぐるぐる:[0.0000,0.0000,0.0000,0.0000]
	向ける:[0.0000,0.0000,0.0000,0.0000]
	もちろん:[0.0000,0.0000,0.0000,0.0000]
True-Positive

Section:1
	Ｆｌａｇ：：００００
	肩甲骨はがしの効果
	肩甲骨姿勢
CUTOFF SECTION:Too Short

Section:4
	Ｆｌａｇ：：００００
	かなりスッキリしますよ。
CUTOFF SECTION:Too Short

True-Negative:0
False-Positive:0
Too Short:2
True-Positive:2
False-Negative:0
precision = 1.000000
recall = 1.000000
fvalue = 1.000000