Section:3
	Ｆｌａｇ：：００００
	その分初心者には育てやすいのですが、他の植物を枯らしてしまうため注意が必要です。
	しかし私達が爽快な清涼感を感じる香り元、ペパーミントの主成分のメントールは冷却作用や鎮痛作用があることから冒頭でもお話ししたように様々な用途があるため私達の生活に役立つハーブの一つです。
	ミントの生育適温と好適環境
	ミントの生育適温は１５〜２５°Ｃです。
	冬は地上部は枯れてしまいますが根は生きていますので翌春また出てきます。
	冬に収穫したい場合は１０°Ｃ以上を維持した室内で管理すれば収穫することができます。
	好適環境は日当たりがよく風通しの良い場所で育てましょう。
	極端な乾燥に弱いので乾燥させすぎには注意です。
	タネと苗から栽培
	ミントはタネからも育てられますが初心者なら苗から栽培を始めた方がより簡単なので今回は苗からの栽培方法で進めていきます。
	苗選びと植え付け時期
Score:0.00137674489724
EACH_TAG_SCORE:
	image:0.000390072560264
	table:0.000458155544678
	graph:0.000311040518617
	flow:0.000217476273683
PARA:
Clueword:
	香る:[0.0000,0.0000,0.0000,0.0000]
	感じる:[0.0010,0.0009,0.0006,0.0000]
	栽培:[0.0002,0.0000,0.0000,0.0000]
	今回:[0.0000,0.0000,0.0004,0.0000]
	より:[0.0047,0.0025,0.0220,0.0000]
	用途:[0.0002,0.0000,0.0000,0.0000]
	枯らす:[0.0001,0.0000,0.0000,0.0000]
	様々だ:[0.0030,0.0001,0.0000,0.0000]
	選ぶ:[0.0022,0.0015,0.0000,0.0000]
	乾燥:[0.0002,0.0000,0.0000,0.0000]
	できる:[0.0030,0.0048,0.0012,0.0010]
	生育:[0.0001,0.0000,0.0000,0.0000]
	しまう:[0.0014,0.0011,0.0016,0.0009]
	場所:[0.0004,0.0007,0.0000,0.0000]
	成分:[0.0000,0.0000,0.0000,0.0000]
	方法:[0.0032,0.0048,0.0005,0.0017]
	作用:[0.0000,0.0000,0.0000,0.0000]
	なら:[0.0005,0.0002,0.0006,0.0000]
	する:[0.0289,0.0260,0.0123,0.0269]
	いる:[0.0118,0.0087,0.0055,0.0051]
	すぎる:[0.0013,0.0013,0.0009,0.0000]
	話す:[0.0000,0.0001,0.0005,0.0000]
	必要だ:[0.0020,0.0039,0.0006,0.0010]
	付ける:[0.0011,0.0002,0.0007,0.0000]
	進める:[0.0000,0.0000,0.0000,0.0000]
	こと:[0.0066,0.0067,0.0051,0.0056]
	たい:[0.0004,0.0005,0.0006,0.0000]
	いく:[0.0006,0.0001,0.0005,0.0008]
	時期:[0.0012,0.0000,0.0276,0.0000]
	以上:[0.0006,0.0024,0.0000,0.0000]
	ようだ:[0.0057,0.0000,0.0000,0.0000]
	弱い:[0.0002,0.0000,0.0000,0.0000]
	ます:[0.0222,0.0199,0.0169,0.0211]
	植物:[0.0002,0.0000,0.0000,0.0000]
	環境:[0.0000,0.0008,0.0000,0.0000]
	その分:[0.0005,0.0006,0.0000,0.0000]
	場合:[0.0060,0.0480,0.0053,0.0010]
	冒頭:[0.0000,0.0000,0.0000,0.0000]
	植える:[0.0027,0.0000,0.0000,0.0000]
	生活:[0.0004,0.0005,0.0000,0.0000]
	また:[0.0027,0.0020,0.0021,0.0036]
	から:[0.0045,0.0053,0.0018,0.0011]
	極端だ:[0.0000,0.0002,0.0000,0.0000]
	注意:[0.0014,0.0010,0.0006,0.0000]
	ミント:[0.0011,0.0002,0.0000,0.0000]
	維持:[0.0000,0.0000,0.0000,0.0000]
	役立つ:[0.0001,0.0000,0.0005,0.0000]
	よい:[0.0009,0.0012,0.0013,0.0000]
	良い:[0.0007,0.0006,0.0005,0.0000]
	られる:[0.0000,0.0017,0.0000,0.0000]
	ある:[0.0106,0.0115,0.0058,0.0064]
	生きる:[0.0000,0.0000,0.0000,0.0000]
	初心:[0.0000,0.0001,0.0000,0.0009]
	せる:[0.0007,0.0005,0.0000,0.0011]
	くる:[0.0034,0.0012,0.0012,0.0010]
	ため:[0.0035,0.0042,0.0007,0.0035]
	出る:[0.0009,0.0009,0.0012,0.0000]
	始める:[0.0003,0.0007,0.0000,0.0000]
	管理:[0.0000,0.0001,0.0000,0.0000]
	簡単だ:[0.0000,0.0004,0.0000,0.0000]
	鎮痛:[0.0000,0.0000,0.0000,0.0000]
	でも:[0.0021,0.0016,0.0018,0.0000]
	やすい:[0.0055,0.0080,0.0000,0.0016]
	しかし:[0.0000,0.0000,0.0000,0.0000]
False-Positive

Section:1
	Ｆｌａｇ：：００００
	ミントは誰もが知っている植物でカクテルや飴やガムなどのお菓子ハーブティやアロマなどの精油歯磨き粉の成分まで幅広く人々の役に立っているハーブです。
	そんなミントですが、初心者がハーブ栽培をはじめるにあたり一番簡単なハーブといってもいいでしょう。
	今回はゼロからハーブ栽培をはじめる人のためにミントに焦点を当て、ベランダでも栽培できる土を使った方法について解説したいと思います。
	もくじ（タッチすると移動します）
	１ミントの生態
	２ミントの生育適温と好適環境
	３タネと苗から栽培
	４苗選びと植え付け時期
	５鉢選びと植え付けのコツ
	６水やりと肥料
	ミントの生態
Score:0.00123503810783
EACH_TAG_SCORE:
	image:0.000361540945198
	table:0.000309700773267
	graph:0.000299802999378
	flow:0.000263993389988
PARA:
Clueword:
	栽培:[0.0002,0.0000,0.0000,0.0000]
	今回:[0.0000,0.0000,0.0004,0.0000]
	選ぶ:[0.0022,0.0015,0.0000,0.0000]
	できる:[0.0030,0.0048,0.0012,0.0010]
	生育:[0.0001,0.0000,0.0000,0.0000]
	成分:[0.0000,0.0000,0.0000,0.0000]
	肥料:[0.0016,0.0000,0.0000,0.0000]
	方法:[0.0032,0.0048,0.0005,0.0017]
	する:[0.0289,0.0260,0.0123,0.0269]
	付ける:[0.0011,0.0002,0.0007,0.0000]
	いる:[0.0118,0.0087,0.0055,0.0051]
	解説:[0.0000,0.0000,0.0000,0.0000]
	焦点:[0.0000,0.0000,0.0000,0.0000]
	簡単だ:[0.0000,0.0004,0.0000,0.0000]
	思う:[0.0005,0.0001,0.0008,0.0000]
	時期:[0.0012,0.0000,0.0276,0.0000]
	つく:[0.0015,0.0008,0.0006,0.0010]
	幅広い:[0.0029,0.0002,0.0000,0.0000]
	コツ:[0.0003,0.0000,0.0000,0.0000]
	一番:[0.0005,0.0014,0.0101,0.0000]
	あたる:[0.0000,0.0000,0.0000,0.0000]
	水やり:[0.0003,0.0000,0.0000,0.0000]
	いう:[0.0027,0.0019,0.0023,0.0028]
	いい:[0.0009,0.0003,0.0014,0.0000]
	植物:[0.0002,0.0000,0.0000,0.0000]
	環境:[0.0000,0.0008,0.0000,0.0000]
	植える:[0.0027,0.0000,0.0000,0.0000]
	まで:[0.0000,0.0011,0.0000,0.0101]
	ます:[0.0222,0.0199,0.0169,0.0211]
	たい:[0.0004,0.0005,0.0006,0.0000]
	そんな:[0.0002,0.0001,0.0005,0.0000]
	人々:[0.0000,0.0000,0.0000,0.0000]
	から:[0.0045,0.0053,0.0018,0.0011]
	はじめる:[0.0001,0.0000,0.0000,0.0000]
	アロマ:[0.0000,0.0000,0.0000,0.0000]
	ミント:[0.0011,0.0002,0.0000,0.0000]
	立つ:[0.0007,0.0010,0.0000,0.0000]
	初心:[0.0000,0.0001,0.0000,0.0009]
	使う:[0.0035,0.0023,0.0008,0.0000]
	ゼロ:[0.0000,0.0002,0.0000,0.0000]
	ため:[0.0035,0.0042,0.0007,0.0035]
	知る:[0.0000,0.0007,0.0000,0.0007]
	菓子:[0.0000,0.0000,0.0000,0.0000]
	でも:[0.0021,0.0016,0.0018,0.0000]
False-Positive

Section:4
	Ｆｌａｇ：：１０００
	ミントの苗選びのコツは、ひょろっと長いものよりも株元から何本も芽が出ている株を選びましょう。
	また地面の近くの下葉の裏をみて斑点状に変色していないものや虫が付いていないかも確認して下さい。
	植え付け時期はハーブ苗が出回る時期に合わせ、だいたい真冬と真夏は避ければいつでも大丈夫です。
	鉢選びと植え付けのコツ
	ミントは地植えと鉢植えの両方できますが生育旺盛で根も張るため植える鉢も大きめの鉢を選ぶ必要があります。
	目安として、市販されている黒いビニールポット３号ポット（直径９ｃｍ）に植えられている苗の場合５〜６号鉢（直径１８ｃｍ）くらいを選びましょう。
	植え付ける土は保湿性のあるハーブ専用培養土か肥料が配合されている野菜栽培用などの培養土を選んでください。
	ミントを植えるときに注意したいのは混植してはいけません。
	ミントは繁殖力が強いため一緒に植えてもミントだらけになってしまい他の植物を枯らしてしまいます。
	また、ミント同士でも種間交雑をしてしまうため１鉢１品種で栽培しましょう。
	水やりと肥料
	ミントは乾燥に弱いので鉢の表面が乾いたら鉢底から水が流れ出るまで水をあげて下さい。
	また肥料に関しては基本的に植え付け時に肥料入りの培養土で植え付けたのなら追肥はあまり必要ありません。
	葉色が黄色くなってきたり葉数を増やしたい場合は固形もしくは液体の肥料を肥料の容器に書かれている用法容量に従って与えて下さい。
Score:0.00109842446524
EACH_TAG_SCORE:
	image:0.000319697611068
	table:0.000308800141275
	graph:0.000234551006172
	flow:0.000235375706726
PARA:
Clueword:
	配合:[0.0003,0.0000,0.0000,0.0000]
	追肥:[0.0001,0.0000,0.0000,0.0000]
	ビニール:[0.0003,0.0000,0.0000,0.0000]
	弱い:[0.0002,0.0000,0.0000,0.0000]
	枯らす:[0.0001,0.0000,0.0000,0.0000]
	乾燥:[0.0002,0.0000,0.0000,0.0000]
	もしくは:[0.0023,0.0000,0.0000,0.0000]
	できる:[0.0030,0.0048,0.0012,0.0010]
	あまり:[0.0002,0.0000,0.0000,0.0000]
	保湿:[0.0001,0.0000,0.0000,0.0000]
	生育:[0.0001,0.0000,0.0000,0.0000]
	品種:[0.0001,0.0000,0.0000,0.0000]
	みる:[0.0003,0.0003,0.0016,0.0000]
	なる:[0.0111,0.0126,0.0094,0.0022]
	ひる:[0.0008,0.0009,0.0000,0.0000]
	旺盛だ:[0.0003,0.0000,0.0000,0.0000]
	交雑:[0.0003,0.0000,0.0000,0.0000]
	基本:[0.0022,0.0029,0.0000,0.0000]
	付ける:[0.0011,0.0002,0.0007,0.0000]
	必要だ:[0.0020,0.0039,0.0006,0.0010]
	表面:[0.0023,0.0000,0.0000,0.0000]
	直径:[0.0034,0.0000,0.0000,0.0000]
	大丈夫だ:[0.0002,0.0000,0.0000,0.0000]
	容器:[0.0003,0.0000,0.0000,0.0000]
	ミント:[0.0011,0.0002,0.0000,0.0000]
	流れ出る:[0.0003,0.0000,0.0000,0.0000]
	繁殖:[0.0002,0.0002,0.0000,0.0000]
	いける:[0.0003,0.0000,0.0000,0.0000]
	たい:[0.0004,0.0005,0.0006,0.0000]
	くる:[0.0034,0.0012,0.0012,0.0010]
	書く:[0.0041,0.0026,0.0000,0.0514]
	くらい:[0.0005,0.0004,0.0000,0.0000]
	専用:[0.0003,0.0000,0.0000,0.0000]
	大きい:[0.0030,0.0018,0.0126,0.0000]
	目安:[0.0001,0.0000,0.0000,0.0000]
	付く:[0.0002,0.0003,0.0000,0.0000]
	確認:[0.0006,0.0020,0.0000,0.0000]
	斑点:[0.0017,0.0000,0.0000,0.0000]
	られる:[0.0000,0.0017,0.0000,0.0000]
	ある:[0.0106,0.0115,0.0058,0.0064]
	ため:[0.0035,0.0042,0.0007,0.0035]
	的だ:[0.0000,0.0017,0.0000,0.0000]
	黄色い:[0.0032,0.0000,0.0000,0.0000]
	地面:[0.0003,0.0000,0.0000,0.0000]
	関する:[0.0001,0.0000,0.0000,0.0000]
	ない:[0.0067,0.0084,0.0038,0.0027]
	くださる:[0.0022,0.0006,0.0017,0.0039]
	っと:[0.0007,0.0000,0.0000,0.0000]
	固形:[0.0003,0.0000,0.0000,0.0000]
	より:[0.0047,0.0025,0.0220,0.0000]
	下さる:[0.0003,0.0000,0.0000,0.0000]
	いつでも:[0.0002,0.0000,0.0000,0.0000]
	選ぶ:[0.0022,0.0015,0.0000,0.0000]
	めだ:[0.0029,0.0000,0.0000,0.0000]
	容量:[0.0003,0.0000,0.0000,0.0000]
	市販:[0.0001,0.0000,0.0000,0.0000]
	肥料:[0.0016,0.0000,0.0000,0.0000]
	野菜:[0.0002,0.0000,0.0000,0.0000]
	なら:[0.0005,0.0002,0.0006,0.0000]
	する:[0.0289,0.0260,0.0123,0.0269]
	植える:[0.0027,0.0000,0.0000,0.0000]
	植物:[0.0002,0.0000,0.0000,0.0000]
	避ける:[0.0001,0.0000,0.0000,0.0000]
	だいたい:[0.0005,0.0000,0.0000,0.0000]
	時期:[0.0012,0.0000,0.0276,0.0000]
	もの:[0.0027,0.0015,0.0007,0.0022]
	出る:[0.0009,0.0009,0.0012,0.0000]
	いる:[0.0118,0.0087,0.0055,0.0051]
	ポット:[0.0008,0.0000,0.0000,0.0000]
	合わせる:[0.0011,0.0011,0.0000,0.0000]
	鉢植え:[0.0001,0.0000,0.0000,0.0000]
	栽培:[0.0002,0.0000,0.0000,0.0000]
	両方:[0.0002,0.0019,0.0000,0.0000]
	回る:[0.0002,0.0000,0.0000,0.0000]
	一緒だ:[0.0001,0.0001,0.0009,0.0000]
	場合:[0.0060,0.0480,0.0053,0.0010]
	増やす:[0.0001,0.0000,0.0000,0.0000]
	まで:[0.0000,0.0011,0.0000,0.0101]
	ます:[0.0222,0.0199,0.0169,0.0211]
	また:[0.0027,0.0020,0.0021,0.0036]
	から:[0.0045,0.0053,0.0018,0.0011]
	変色:[0.0032,0.0000,0.0000,0.0000]
	与える:[0.0004,0.0001,0.0000,0.0000]
	用法:[0.0003,0.0000,0.0000,0.0000]
	黒い:[0.0034,0.0003,0.0000,0.0000]
	あげる:[0.0006,0.0006,0.0013,0.0000]
	注意:[0.0014,0.0010,0.0006,0.0000]
	液体:[0.0003,0.0000,0.0000,0.0000]
	乾く:[0.0032,0.0003,0.0000,0.0000]
	コツ:[0.0003,0.0000,0.0000,0.0000]
	従う:[0.0001,0.0000,0.0000,0.0000]
	でも:[0.0021,0.0016,0.0018,0.0000]
	水やり:[0.0003,0.0000,0.0000,0.0000]
	強い:[0.0008,0.0011,0.0000,0.0000]
	同士:[0.0000,0.0000,0.0000,0.0000]
	培養:[0.0011,0.0000,0.0000,0.0000]
	張る:[0.0003,0.0000,0.0012,0.0000]
	れる:[0.0010,0.0000,0.0000,0.0000]
	長い:[0.0022,0.0006,0.0015,0.0000]
	しまう:[0.0014,0.0011,0.0016,0.0009]
True-Positive

Section:2
	Ｆｌａｇ：：０１００
	ミントはシソ科の多年草（一部一年）で地下茎で増えることから非常に繁殖力と交配力が強く丈夫です。
CUTOFF SECTION:Too Short

Section:5
	Ｆｌａｇ：：００００
	今回は初心者がベランダなどでミントの土を使った鉢植え栽培について紹介してきました。
	ミントを室内で水耕栽培したい場合はこちらの記事をご覧ください。
CUTOFF SECTION:Too Short

True-Negative:0
False-Positive:2
Too Short:2
True-Positive:1
False-Negative:0
precision = 0.333333
recall = 1.000000
fvalue = 0.500000