Section:9
	Ｆｌａｇ：：１０００
	俗に言う迷惑メールのうち、純粋に他人に迷惑をかける目的で送信されているものはほぼありません。
	以下のような、送信者がなんらかの金銭的メリットを得る目的で、大半の迷惑メールは送信されています。
	アダルトや出会い系
	ドラッグの販売
	アフィリエイトのリンク
	非合法な仕事の斡旋
	ワンクリック詐欺
	フィッシング詐欺
Score:0.00186759424899
EACH_TAG_SCORE:
	image:0.000613739455267
	table:0.000506410150373
	graph:0.000331368142723
	flow:0.000416076500626
PARA:
Clueword:
	純粋だ:[0.0003,0.0000,0.0000,0.0000]
	リンク:[0.0001,0.0000,0.0000,0.0000]
	得る:[0.0001,0.0006,0.0000,0.0000]
	斡旋:[0.0003,0.0000,0.0000,0.0000]
	非合法だ:[0.0003,0.0000,0.0000,0.0000]
	的だ:[0.0000,0.0017,0.0000,0.0000]
	出会う:[0.0002,0.0000,0.0000,0.0000]
	メリット:[0.0005,0.0059,0.0000,0.0000]
	金銭:[0.0003,0.0000,0.0000,0.0000]
	送信:[0.0007,0.0007,0.0000,0.0000]
	ます:[0.0222,0.0199,0.0169,0.0211]
	なんらか:[0.0003,0.0000,0.0000,0.0000]
	俗だ:[0.0001,0.0000,0.0000,0.0000]
	れる:[0.0010,0.0000,0.0000,0.0000]
	うち:[0.0002,0.0000,0.0000,0.0000]
	仕事:[0.0006,0.0004,0.0008,0.0000]
	他人:[0.0001,0.0000,0.0000,0.0000]
	大半:[0.0002,0.0000,0.0060,0.0000]
	する:[0.0289,0.0260,0.0123,0.0269]
	ドラッグ:[0.0002,0.0000,0.0000,0.0000]
	言う:[0.0008,0.0010,0.0000,0.0000]
	いる:[0.0118,0.0087,0.0055,0.0051]
	アダルト:[0.0003,0.0000,0.0000,0.0000]
	詐欺:[0.0004,0.0000,0.0000,0.0000]
	クリック:[0.0014,0.0000,0.0000,0.0000]
	販売:[0.0001,0.0000,0.0000,0.0000]
	目的:[0.0005,0.0012,0.0000,0.0000]
	ほぼ:[0.0005,0.0009,0.0060,0.0000]
	アフィリエイト:[0.0003,0.0000,0.0000,0.0000]
	かける:[0.0005,0.0005,0.0000,0.0012]
	フィッシング:[0.0003,0.0000,0.0000,0.0000]
	ある:[0.0106,0.0115,0.0058,0.0064]
	以下:[0.0055,0.0005,0.0000,0.0012]
	メール:[0.0013,0.0009,0.0000,0.0024]
	迷惑:[0.0007,0.0005,0.0000,0.0013]
	ようだ:[0.0057,0.0000,0.0000,0.0000]
	ワン:[0.0003,0.0000,0.0000,0.0000]
	もの:[0.0027,0.0015,0.0007,0.0022]
True-Positive

Section:11
	Ｆｌａｇ：：１０００
	インターネット上では、以下のような手段で常にメールアドレスが収集されています。
	不正なスマホアプリを本人に気づかないようにインストールさせ、端末内の電話帳ごと盗み取る
	あるサービスを利用するために登録されたメールアドレスを他のサービスに流用
	手当たりしだいにメールを送り、送信が成功したアドレスのみをリスト化する
	インターネット上を巡回し、ＷＥＢサイトなどに書き込まれたアドレスをリスト化する
Score:0.00180643124545
EACH_TAG_SCORE:
	image:0.00054305858094
	table:0.000436157787692
	graph:0.000221307318059
	flow:0.000605907558762
PARA:
Clueword:
	登録:[0.0001,0.0000,0.0000,0.0000]
	スマホ:[0.0001,0.0000,0.0000,0.0000]
	電話:[0.0002,0.0000,0.0000,0.0005]
	成功:[0.0006,0.0000,0.0000,0.0000]
	利用:[0.0006,0.0013,0.0000,0.0000]
	手段:[0.0001,0.0000,0.0000,0.0000]
	アドレス:[0.0011,0.0003,0.0000,0.0000]
	送信:[0.0007,0.0007,0.0000,0.0000]
	ます:[0.0222,0.0199,0.0169,0.0211]
	端末:[0.0003,0.0000,0.0000,0.0000]
	書く:[0.0041,0.0026,0.0000,0.0514]
	手当たりしだい:[0.0003,0.0000,0.0000,0.0000]
	流用:[0.0003,0.0000,0.0000,0.0000]
	れる:[0.0010,0.0000,0.0000,0.0000]
	収集:[0.0001,0.0001,0.0000,0.0000]
	リスト:[0.0006,0.0000,0.0000,0.0000]
	込む:[0.0007,0.0009,0.0008,0.0000]
	アプリ:[0.0009,0.0000,0.0000,0.0000]
	本人:[0.0001,0.0000,0.0000,0.0000]
	常に:[0.0004,0.0000,0.0000,0.0000]
	する:[0.0289,0.0260,0.0123,0.0269]
	取る:[0.0007,0.0005,0.0000,0.0000]
	いる:[0.0118,0.0087,0.0055,0.0051]
	盗む:[0.0001,0.0000,0.0000,0.0000]
	送る:[0.0001,0.0000,0.0000,0.0000]
	ある:[0.0106,0.0115,0.0058,0.0064]
	インターネット:[0.0004,0.0015,0.0000,0.0000]
	サービス:[0.0012,0.0007,0.0000,0.0030]
	せる:[0.0007,0.0005,0.0000,0.0011]
	インストール:[0.0001,0.0000,0.0000,0.0000]
	ため:[0.0035,0.0042,0.0007,0.0035]
	以下:[0.0055,0.0005,0.0000,0.0012]
	気づく:[0.0002,0.0000,0.0000,0.0000]
	不正だ:[0.0003,0.0000,0.0000,0.0000]
	メール:[0.0013,0.0009,0.0000,0.0024]
	ない:[0.0067,0.0084,0.0038,0.0027]
	ようだ:[0.0057,0.0000,0.0000,0.0000]
	サイト:[0.0002,0.0011,0.0000,0.0000]
	巡回:[0.0003,0.0000,0.0000,0.0000]
True-Positive

Section:2
	Ｆｌａｇ：：１００１
	１−１−１．設定方法
	まずｉＰｈｏｎｅ標準のインターネットブラウザであるＳａｆａｒｉを開きましょう。
	なおこのとき、Ｗｉ−Ｆｉに接続していると設定できないため、Ｗｉ−Ｆｉをオフにする必要があります。
	【ｄｏｃｏｍｏ】
	Ｓａｆａｒｉのブックマーク内にある【ドコモお客さまサービス】を開く。
	【サービス・メールなどの設定】をタップ。
	【メール設定】をタップ。
	【２．迷惑メール対策設定】に進む。
	【ａｕ】
	ブックマークにある【ａｕお客さまサポート】を開く。
	【お持ちの機種を選択】から、使用機種を選択。
	【ＳｏｆｔＢａｎｋ】
	ブックマークの【ＭｙＳｏｆｔｂａｎｋ】を開く。
	【ログインはこちら】をタップ。
	携帯電話番号とパスワードを入力してログインします。
	【迷惑メール対策を行う】をタップ。
	ＭｙＳｏｆｔＢａｎｋに直接アクセスして設定することもできます（パソコンからも可能）。
	１−１−２．対策方法
	対策のメインとなる設定は以下の通り。
Score:0.00132432144354
EACH_TAG_SCORE:
	image:0.00033031207219
	table:0.000306809122585
	graph:0.000163651088234
	flow:0.00052354916053
PARA:
Clueword:
	携帯:[0.0004,0.0004,0.0000,0.0008]
	ドコモ:[0.0003,0.0000,0.0000,0.0020]
	できる:[0.0030,0.0048,0.0012,0.0010]
	サポート:[0.0005,0.0002,0.0000,0.0013]
	対策:[0.0008,0.0005,0.0000,0.0035]
	接続:[0.0001,0.0001,0.0000,0.0004]
	方法:[0.0032,0.0048,0.0005,0.0017]
	パスワード:[0.0003,0.0000,0.0000,0.0020]
	電話:[0.0002,0.0000,0.0000,0.0005]
	いる:[0.0118,0.0087,0.0055,0.0051]
	必要だ:[0.0020,0.0039,0.0006,0.0010]
	こと:[0.0066,0.0067,0.0051,0.0056]
	この:[0.0019,0.0018,0.0007,0.0033]
	以下:[0.0055,0.0005,0.0000,0.0012]
	タップ:[0.0009,0.0000,0.0000,0.0054]
	機種:[0.0003,0.0011,0.0000,0.0016]
	ログイン:[0.0006,0.0000,0.0000,0.0024]
	メール:[0.0013,0.0009,0.0000,0.0024]
	入力:[0.0001,0.0003,0.0000,0.0029]
	ブックマーク:[0.0008,0.0000,0.0000,0.0040]
	インターネットブラウザ:[0.0003,0.0000,0.0000,0.0020]
	こちら:[0.0006,0.0005,0.0000,0.0011]
	する:[0.0289,0.0260,0.0123,0.0269]
	進む:[0.0002,0.0000,0.0007,0.0012]
	使用:[0.0005,0.0002,0.0000,0.0027]
	標準:[0.0001,0.0000,0.0000,0.0010]
	行う:[0.0007,0.0008,0.0006,0.0010]
	ます:[0.0222,0.0199,0.0169,0.0211]
	まず:[0.0011,0.0011,0.0000,0.0723]
	持つ:[0.0001,0.0001,0.0000,0.0009]
	オフ:[0.0012,0.0000,0.0032,0.0018]
	から:[0.0045,0.0053,0.0018,0.0011]
	開く:[0.0008,0.0000,0.0000,0.0050]
	可能だ:[0.0008,0.0012,0.0012,0.0000]
	番号:[0.0002,0.0000,0.0000,0.0005]
	さま:[0.0006,0.0002,0.0000,0.0028]
	なお:[0.0002,0.0000,0.0000,0.0013]
	直接だ:[0.0000,0.0000,0.0000,0.0000]
	ある:[0.0106,0.0115,0.0058,0.0064]
	サービス:[0.0012,0.0007,0.0000,0.0030]
	なる:[0.0111,0.0126,0.0094,0.0022]
	アクセス:[0.0001,0.0000,0.0000,0.0000]
	ため:[0.0035,0.0042,0.0007,0.0035]
	設定:[0.0015,0.0006,0.0000,0.0085]
	メイン:[0.0003,0.0000,0.0000,0.0020]
	選択:[0.0011,0.0015,0.0000,0.0029]
	迷惑:[0.0007,0.0005,0.0000,0.0013]
	ない:[0.0067,0.0084,0.0038,0.0027]
	パソコン:[0.0008,0.0008,0.0000,0.0000]
True-Positive

Section:12
	Ｆｌａｇ：：００００
	そして収集されたアドレスはリスト化され、そのままインターネット上で販売されてます。
	アドレスの種類や属性（無料メールｏｒ携帯メールなど）によっても価格は変化しますが、一例として１０００アドレスで０．５ドル〜１０ドル、１０万アドレスで７０ドル〜１５０ドルほどで取引されています。
	また正規のサービスに登録したアドレスが、同意した規約の範囲内で別のサービスの情報送信に用いられるケースもあります。
	アドレス収集や迷惑メールのパターンなどは、『徹底解剖！迷惑メールの仕組みを全て知り、被害をなくす方法』で詳しく解説しています。
	４．まとめ
	ｉＰｈｏｎｅの迷惑メール対策と、迷惑メールが無尽蔵に送られ続ける仕組みを解説してきましたがいかがでしたか。
	将来的にはともかく、しばらくの間は迷惑メールがなくなることはないでしょう。
	だからこそ、対策と知識を持つことで快適にｉＰｈｏｎｅを使うことができるはずです。
Score:0.00126006168833
EACH_TAG_SCORE:
	image:0.00031924318604
	table:0.000393367031879
	graph:0.000154603841664
	flow:0.000392847628743
PARA:
Clueword:
	そのまま:[0.0001,0.0002,0.0000,0.0000]
	詳しい:[0.0003,0.0004,0.0000,0.0000]
	よる:[0.0034,0.0041,0.0016,0.0000]
	携帯:[0.0004,0.0004,0.0000,0.0008]
	取引:[0.0002,0.0000,0.0000,0.0000]
	アドレス:[0.0011,0.0003,0.0000,0.0000]
	送信:[0.0007,0.0007,0.0000,0.0000]
	快適だ:[0.0000,0.0001,0.0000,0.0000]
	なくなる:[0.0001,0.0001,0.0000,0.0000]
	同意:[0.0000,0.0000,0.0000,0.0000]
	れる:[0.0010,0.0000,0.0000,0.0000]
	収集:[0.0001,0.0001,0.0000,0.0000]
	情報:[0.0003,0.0013,0.0000,0.0009]
	ある:[0.0106,0.0115,0.0058,0.0064]
	的だ:[0.0000,0.0017,0.0000,0.0000]
	する:[0.0289,0.0260,0.0123,0.0269]
	いる:[0.0118,0.0087,0.0055,0.0051]
	解説:[0.0000,0.0000,0.0000,0.0000]
	なくす:[0.0000,0.0002,0.0000,0.0000]
	送る:[0.0001,0.0000,0.0000,0.0000]
	販売:[0.0001,0.0000,0.0000,0.0000]
	別だ:[0.0000,0.0000,0.0000,0.0000]
	こと:[0.0066,0.0067,0.0051,0.0056]
	種類:[0.0008,0.0317,0.0019,0.0000]
	全て:[0.0000,0.0000,0.0000,0.0000]
	知る:[0.0000,0.0007,0.0000,0.0007]
	用いる:[0.0005,0.0000,0.0000,0.0000]
	まとめる:[0.0000,0.0001,0.0004,0.0000]
	メール:[0.0013,0.0009,0.0000,0.0024]
	登録:[0.0001,0.0000,0.0000,0.0000]
	一例:[0.0010,0.0011,0.0000,0.0000]
	続ける:[0.0000,0.0000,0.0000,0.0000]
	価格:[0.0005,0.0000,0.0000,0.0000]
	リスト:[0.0006,0.0000,0.0000,0.0000]
	ます:[0.0222,0.0199,0.0169,0.0211]
	くる:[0.0034,0.0012,0.0012,0.0010]
	持つ:[0.0001,0.0001,0.0000,0.0009]
	また:[0.0027,0.0020,0.0021,0.0036]
	仕組む:[0.0030,0.0000,0.0000,0.0614]
	無料:[0.0009,0.0002,0.0000,0.0000]
	範囲:[0.0024,0.0000,0.0000,0.0000]
	属性:[0.0000,0.0034,0.0000,0.0000]
	できる:[0.0030,0.0048,0.0012,0.0010]
	対策:[0.0008,0.0005,0.0000,0.0035]
	しばらく:[0.0004,0.0001,0.0005,0.0000]
	られる:[0.0000,0.0017,0.0000,0.0000]
	インターネット:[0.0004,0.0015,0.0000,0.0000]
	サービス:[0.0012,0.0007,0.0000,0.0030]
	ほど:[0.0031,0.0006,0.0030,0.0000]
	変化:[0.0008,0.0009,0.0000,0.0000]
	そして:[0.0003,0.0001,0.0000,0.0101]
	規約:[0.0000,0.0000,0.0000,0.0000]
	方法:[0.0032,0.0048,0.0005,0.0017]
	被害:[0.0000,0.0000,0.0000,0.0000]
	ドル:[0.0005,0.0000,0.0000,0.0000]
	将来:[0.0001,0.0000,0.0000,0.0000]
	迷惑:[0.0007,0.0005,0.0000,0.0013]
	ケース:[0.0004,0.0083,0.0000,0.0000]
	ない:[0.0067,0.0084,0.0038,0.0027]
	使う:[0.0035,0.0023,0.0008,0.0000]
	パターン:[0.0000,0.0013,0.0004,0.0000]
False-Positive

Section:8
	Ｆｌａｇ：：００００
	２−２．ＬＩＮＥなどコミュニケーションできるアプリで代替
	そもそも迷惑メールが届くのは、メールアドレスがオフィシャルなものであり、アドレスさえ合致していれば、他人でも送信や受信ができてしまうからです。
	家族や友人とメッセージをやりとりするのなら、お互いが認可しあっていなければ通信できない、ＬＩＮＥ、カカオトーク、Ｓｋｙｐｅなどのコミュニケーションツールを使う手があります。
	また、Ｆａｃｅｂｏｏｋユーザー同士が通信できるメッセンジャーや、海外ではユーザーが非常に多いＷｈａｔｓＡｐｐも頼りになります。
	さらに、電話番号同士でメールをやりとりできるＳＭＳという選択肢もあります。
	３．なぜ迷惑メールがｉＰｈｏｎｅに届くのか
	３−１．営利目的で大量の迷惑メールが送信されている
Score:0.00124825858151
EACH_TAG_SCORE:
	image:0.000367863988154
	table:0.000352796221798
	graph:0.000254406012959
	flow:0.000273192358596
PARA:
Clueword:
	あう:[0.0001,0.0003,0.0000,0.0000]
	非常だ:[0.0013,0.0015,0.0000,0.0000]
	アドレス:[0.0011,0.0003,0.0000,0.0000]
	できる:[0.0030,0.0048,0.0012,0.0010]
	お互い:[0.0000,0.0000,0.0000,0.0000]
	受信:[0.0000,0.0001,0.0000,0.0000]
	通信:[0.0000,0.0005,0.0000,0.0000]
	いう:[0.0027,0.0019,0.0023,0.0028]
	しまう:[0.0014,0.0011,0.0016,0.0009]
	なら:[0.0005,0.0002,0.0006,0.0000]
	なる:[0.0111,0.0126,0.0094,0.0022]
	なぜ:[0.0004,0.0002,0.0000,0.0000]
	する:[0.0289,0.0260,0.0123,0.0269]
	いる:[0.0118,0.0087,0.0055,0.0051]
	さらに:[0.0009,0.0008,0.0000,0.0140]
	番号:[0.0002,0.0000,0.0000,0.0005]
	そもそも:[0.0000,0.0000,0.0002,0.0000]
	アプリ:[0.0009,0.0000,0.0000,0.0000]
	他人:[0.0001,0.0000,0.0000,0.0000]
	もの:[0.0027,0.0015,0.0007,0.0022]
	家族:[0.0005,0.0018,0.0000,0.0000]
	大量だ:[0.0000,0.0001,0.0060,0.0000]
	届く:[0.0000,0.0006,0.0000,0.0000]
	メール:[0.0013,0.0009,0.0000,0.0024]
	メッセージ:[0.0001,0.0000,0.0000,0.0000]
	多い:[0.0027,0.0029,0.0156,0.0000]
	電話:[0.0002,0.0000,0.0000,0.0005]
	ます:[0.0222,0.0199,0.0169,0.0211]
	また:[0.0027,0.0020,0.0021,0.0036]
	から:[0.0045,0.0053,0.0018,0.0011]
	海外:[0.0002,0.0002,0.0000,0.0000]
	送信:[0.0007,0.0007,0.0000,0.0000]
	選択肢:[0.0000,0.0020,0.0000,0.0000]
	目的:[0.0005,0.0012,0.0000,0.0000]
	同士:[0.0000,0.0000,0.0000,0.0000]
	ある:[0.0106,0.0115,0.0058,0.0064]
	ツール:[0.0000,0.0000,0.0000,0.0000]
	れる:[0.0010,0.0000,0.0000,0.0000]
	ユーザー:[0.0003,0.0000,0.0000,0.0000]
	合致:[0.0000,0.0000,0.0000,0.0000]
	でも:[0.0021,0.0016,0.0018,0.0000]
	迷惑:[0.0007,0.0005,0.0000,0.0013]
	ない:[0.0067,0.0084,0.0038,0.0027]
	使う:[0.0035,0.0023,0.0008,0.0000]
False-Positive

Section:3
	Ｆｌａｇ：：０１００
	≪パソコンからのメールを拒否≫
	発信元がパソコンのメール（携帯ではないメール）を、すべて受信拒否にします。
	ほぼすべての迷惑メールはパソコンから送信されているため、強力な迷惑メール対策になりますが、同時に迷惑メールではないパソコン経由のメールも届かなくなってしまいます。
	≪指定アドレス（ｏｒドメイン）受信≫
	こちらが指定したメールアドレス（ｏｒドメイン）は、必ず受信されます。
	≪指定アドレス（ｏｒドメイン）拒否≫
	こちらが指定したメールアドレス（ｏｒドメイン）は、必ず拒否されます。
	≪なりすまし拒否≫
	送信元と送信アドレスがちがう（携帯アドレスに見せかけてパソコンから送信するなど）メールは拒否します。
	上記４種類の設定を組み合わせることで、迷惑メールがｉＰｈｏｎｅに届く前にサーバで処理します。
Score:0.00115021464502
EACH_TAG_SCORE:
	image:0.000308581806947
	table:0.000377032228408
	graph:0.000197815064271
	flow:0.000266785545389
PARA:
Clueword:
	組み合わせる:[0.0007,0.0003,0.0000,0.0000]
	こちら:[0.0006,0.0005,0.0000,0.0011]
	携帯:[0.0004,0.0004,0.0000,0.0008]
	上記:[0.0033,0.0001,0.0000,0.0000]
	すます:[0.0000,0.0002,0.0000,0.0000]
	必ず:[0.0001,0.0005,0.0004,0.0000]
	する:[0.0289,0.0260,0.0123,0.0269]
	強力だ:[0.0003,0.0003,0.0000,0.0000]
	送信:[0.0007,0.0007,0.0000,0.0000]
	ます:[0.0222,0.0199,0.0169,0.0211]
	受信:[0.0000,0.0001,0.0000,0.0000]
	見せかける:[0.0000,0.0003,0.0000,0.0000]
	ドメイン:[0.0000,0.0000,0.0000,0.0000]
	から:[0.0045,0.0053,0.0018,0.0011]
	れる:[0.0010,0.0000,0.0000,0.0000]
	対策:[0.0008,0.0005,0.0000,0.0035]
	ちがう:[0.0000,0.0002,0.0000,0.0000]
	しまう:[0.0014,0.0011,0.0016,0.0009]
	アドレス:[0.0011,0.0003,0.0000,0.0000]
	なる:[0.0111,0.0126,0.0094,0.0022]
	届く:[0.0000,0.0006,0.0000,0.0000]
	いる:[0.0118,0.0087,0.0055,0.0051]
	指定:[0.0000,0.0000,0.0000,0.0000]
	発信:[0.0000,0.0003,0.0000,0.0000]
	ない:[0.0067,0.0084,0.0038,0.0027]
	拒否:[0.0000,0.0012,0.0000,0.0000]
	こと:[0.0066,0.0067,0.0051,0.0056]
	種類:[0.0008,0.0317,0.0019,0.0000]
	経由:[0.0000,0.0002,0.0000,0.0000]
	同時に:[0.0000,0.0002,0.0000,0.0000]
	ほぼ:[0.0005,0.0009,0.0060,0.0000]
	ため:[0.0035,0.0042,0.0007,0.0035]
	設定:[0.0015,0.0006,0.0000,0.0085]
	すべて:[0.0002,0.0008,0.0060,0.0000]
	メール:[0.0013,0.0009,0.0000,0.0024]
	迷惑:[0.0007,0.0005,0.0000,0.0013]
	サーバ:[0.0000,0.0001,0.0000,0.0000]
	処理:[0.0000,0.0001,0.0000,0.0095]
	パソコン:[0.0008,0.0008,0.0000,0.0000]
True-Positive

Section:6
	Ｆｌａｇ：：００００
	もっとも強力な方法です。
	後述しますが、世界中の悪徳業者がいろいろな手段を用いてメールアドレスを収集しており、本人がいくら気をつけても知人の電話帳から自分のメールアドレスが流出する可能性があります。
	つまり時間が経つほどそのアドレスは迷惑メールの標的になりやすくなるため、変更することで完全なリセットが可能です。
	もちろん新しいアドレスを知人に通知する必要がありますが、その際に知人が指定したアドレスのみを受信する設定だった場合、メール以外の手段でアドレス変更を知らせなければいけません。
	２．【間接的対処】ｉＰｈｏｎｅへの迷惑メールの影響を減らす方法
	２−１．無料メールを活用し、キャリアメールの使用を限定する
	携帯キャリアのメールアドレス変更は少々手間ですよね。
	またスマホは基本的にメール着信がユーザーに通知されるため、メールの開封率がパソコンのメールにくらべ高い傾向にあります。
	だからこそ悪徳業者にとって、携帯キャリアのメールアドレスは美味しいターゲットなのです。
	であれば、携帯キャリアのアドレスをあえて使わず、無料で取得できるＧｍａｉｌ、Ｙａｈｏｏ！メールなどを、携帯メールがわりに使うという手があります。
	≪無料メールを使う４つのメリット≫
	１．無料でいくつでも取得できる
Score:0.00114285448712
EACH_TAG_SCORE:
	image:0.000284429117787
	table:0.000364323287682
	graph:0.000271704375339
	flow:0.000222397706309
PARA:
Clueword:
	業者:[0.0000,0.0000,0.0000,0.0000]
	完全だ:[0.0001,0.0000,0.0000,0.0000]
	時間:[0.0000,0.0006,0.0030,0.0000]
	いろいろだ:[0.0000,0.0000,0.0000,0.0000]
	減らす:[0.0000,0.0000,0.0000,0.0000]
	電話:[0.0002,0.0000,0.0000,0.0005]
	アドレス:[0.0011,0.0003,0.0000,0.0000]
	できる:[0.0030,0.0048,0.0012,0.0010]
	活用:[0.0000,0.0003,0.0000,0.0000]
	ユーザー:[0.0003,0.0000,0.0000,0.0000]
	受信:[0.0000,0.0001,0.0000,0.0000]
	通知:[0.0003,0.0000,0.0000,0.0000]
	スマホ:[0.0001,0.0000,0.0000,0.0000]
	変更:[0.0000,0.0000,0.0000,0.0000]
	収集:[0.0001,0.0001,0.0000,0.0000]
	なる:[0.0111,0.0126,0.0094,0.0022]
	自分:[0.0006,0.0008,0.0014,0.0000]
	方法:[0.0032,0.0048,0.0005,0.0017]
	ターゲット:[0.0007,0.0002,0.0000,0.0000]
	つける:[0.0009,0.0009,0.0000,0.0000]
	基本:[0.0022,0.0029,0.0000,0.0000]
	的だ:[0.0000,0.0017,0.0000,0.0000]
	する:[0.0289,0.0260,0.0123,0.0269]
	必要だ:[0.0020,0.0039,0.0006,0.0010]
	こと:[0.0066,0.0067,0.0051,0.0056]
	後述:[0.0008,0.0008,0.0000,0.0000]
	限定:[0.0000,0.0000,0.0000,0.0000]
	用いる:[0.0005,0.0000,0.0000,0.0000]
	携帯:[0.0004,0.0004,0.0000,0.0008]
	メール:[0.0013,0.0009,0.0000,0.0024]
	流出:[0.0000,0.0000,0.0000,0.0000]
	いく:[0.0006,0.0001,0.0005,0.0008]
	経つ:[0.0000,0.0002,0.0030,0.0000]
	メリット:[0.0005,0.0059,0.0000,0.0000]
	いう:[0.0027,0.0019,0.0023,0.0028]
	取得:[0.0006,0.0000,0.0000,0.0000]
	世界:[0.0002,0.0000,0.0000,0.0000]
	影響:[0.0005,0.0005,0.0000,0.0000]
	手段:[0.0001,0.0000,0.0000,0.0000]
	使用:[0.0005,0.0002,0.0000,0.0027]
	強力だ:[0.0003,0.0003,0.0000,0.0000]
	わりに:[0.0000,0.0000,0.0000,0.0000]
	対処:[0.0000,0.0027,0.0009,0.0000]
	いける:[0.0003,0.0000,0.0000,0.0000]
	ます:[0.0222,0.0199,0.0169,0.0211]
	また:[0.0027,0.0020,0.0021,0.0036]
	傾向:[0.0010,0.0014,0.0335,0.0000]
	から:[0.0045,0.0053,0.0018,0.0011]
	手間:[0.0001,0.0000,0.0000,0.0000]
	とる:[0.0004,0.0004,0.0005,0.0000]
	可能だ:[0.0008,0.0012,0.0012,0.0000]
	場合:[0.0060,0.0480,0.0053,0.0010]
	無料:[0.0009,0.0002,0.0000,0.0000]
	少々:[0.0029,0.0000,0.0000,0.0000]
	その:[0.0035,0.0019,0.0000,0.0233]
	いくら:[0.0002,0.0000,0.0000,0.0000]
	指定:[0.0000,0.0000,0.0000,0.0000]
	高い:[0.0012,0.0012,0.0266,0.0000]
	ない:[0.0067,0.0084,0.0038,0.0027]
	新しい:[0.0000,0.0001,0.0000,0.0000]
	おる:[0.0001,0.0001,0.0000,0.0000]
	ほど:[0.0031,0.0006,0.0030,0.0000]
	ある:[0.0106,0.0115,0.0058,0.0064]
	開封:[0.0000,0.0000,0.0060,0.0000]
	れる:[0.0010,0.0000,0.0000,0.0000]
	ため:[0.0035,0.0042,0.0007,0.0035]
	設定:[0.0015,0.0006,0.0000,0.0085]
	以外:[0.0000,0.0000,0.0000,0.0000]
	本人:[0.0001,0.0000,0.0000,0.0000]
	もっとも:[0.0000,0.0000,0.0000,0.0000]
	知らせる:[0.0008,0.0002,0.0000,0.0000]
	でも:[0.0021,0.0016,0.0018,0.0000]
	迷惑:[0.0007,0.0005,0.0000,0.0013]
	やすい:[0.0055,0.0080,0.0000,0.0016]
	使う:[0.0035,0.0023,0.0008,0.0000]
	もちろん:[0.0000,0.0000,0.0000,0.0000]
	パソコン:[0.0008,0.0008,0.0000,0.0000]
	つまり:[0.0000,0.0000,0.0000,0.0000]
False-Positive

Section:10
	Ｆｌａｇ：：００００
	そして営利目的とはいっても、通常の方法で売り込むことのできない怪しげなものを大量に拡散しているのが迷惑メールですから、上記のような怪しいメールを受信してしまっても、興味を持たずすぐに破棄すれば問題は起きません。
	言い替えれば、本文を読み、興味を持ってしまう人がいるかぎり、迷惑メールはなくなりません。
	また迷惑メールの送信は、ゾンビパソコンと呼ばれる犯罪者に秘密裏に操られているグループ化されたパソコンにより、常時送信されています。
	１分間で１０００通以上、１日に１００万通以上の迷惑メール送信を行うゾンビパソコンのグループも確認されています。
	犯罪者にとっては、コストがほぼかからず、送れば送るほど利益になるのですから、迷惑メール送信が完全になくなることは当面ないでしょう。
	３−２．メールアドレスは収集され、販売されている
	それでは迷惑メールを大量に送信する犯罪者は、送信先をどのように確保しているのでしょうか。
Score:0.00109210955013
EACH_TAG_SCORE:
	image:0.000331895694975
	table:0.00030188041877
	graph:0.000211989362269
	flow:0.000246344074119
PARA:
Clueword:
	呼ぶ:[0.0015,0.0009,0.0000,0.0015]
	完全だ:[0.0001,0.0000,0.0000,0.0000]
	よる:[0.0034,0.0041,0.0016,0.0000]
	アドレス:[0.0011,0.0003,0.0000,0.0000]
	できる:[0.0030,0.0048,0.0012,0.0010]
	確認:[0.0006,0.0020,0.0000,0.0000]
	なくなる:[0.0001,0.0001,0.0000,0.0000]
	犯罪:[0.0000,0.0000,0.0000,0.0000]
	受信:[0.0000,0.0001,0.0000,0.0000]
	れる:[0.0010,0.0000,0.0000,0.0000]
	収集:[0.0001,0.0001,0.0000,0.0000]
	起きる:[0.0000,0.0002,0.0000,0.0000]
	しまう:[0.0014,0.0011,0.0016,0.0009]
	かかる:[0.0002,0.0002,0.0000,0.0012]
	なる:[0.0111,0.0126,0.0094,0.0022]
	方法:[0.0032,0.0048,0.0005,0.0017]
	する:[0.0289,0.0260,0.0123,0.0269]
	読む:[0.0005,0.0000,0.0000,0.0000]
	送る:[0.0001,0.0000,0.0000,0.0000]
	販売:[0.0001,0.0000,0.0000,0.0000]
	こと:[0.0066,0.0067,0.0051,0.0056]
	問題:[0.0011,0.0010,0.0000,0.0000]
	以上:[0.0006,0.0024,0.0000,0.0000]
	もの:[0.0027,0.0015,0.0007,0.0022]
	コスト:[0.0000,0.0002,0.0060,0.0000]
	言う:[0.0008,0.0010,0.0000,0.0000]
	確保:[0.0000,0.0000,0.0000,0.0000]
	メール:[0.0013,0.0009,0.0000,0.0024]
	興味:[0.0002,0.0002,0.0000,0.0000]
	ようだ:[0.0057,0.0000,0.0000,0.0000]
	上記:[0.0033,0.0001,0.0000,0.0000]
	どのように:[0.0000,0.0000,0.0000,0.0000]
	いう:[0.0027,0.0019,0.0023,0.0028]
	大量だ:[0.0000,0.0001,0.0060,0.0000]
	すぐ:[0.0005,0.0009,0.0000,0.0000]
	いる:[0.0118,0.0087,0.0055,0.0051]
	行う:[0.0007,0.0008,0.0006,0.0010]
	ます:[0.0222,0.0199,0.0169,0.0211]
	持つ:[0.0001,0.0001,0.0000,0.0009]
	また:[0.0027,0.0020,0.0021,0.0036]
	から:[0.0045,0.0053,0.0018,0.0011]
	とる:[0.0004,0.0004,0.0005,0.0000]
	込む:[0.0007,0.0009,0.0008,0.0000]
	通常:[0.0002,0.0002,0.0000,0.0000]
	送信:[0.0007,0.0007,0.0000,0.0000]
	それでは:[0.0000,0.0000,0.0000,0.0073]
	目的:[0.0005,0.0012,0.0000,0.0000]
	ほぼ:[0.0005,0.0009,0.0060,0.0000]
	ほど:[0.0031,0.0006,0.0030,0.0000]
	売る:[0.0000,0.0000,0.0000,0.0000]
	そして:[0.0003,0.0001,0.0000,0.0101]
	利益:[0.0000,0.0000,0.0005,0.0000]
	グループ:[0.0000,0.0000,0.0000,0.0000]
	迷惑:[0.0007,0.0005,0.0000,0.0013]
	ない:[0.0067,0.0084,0.0038,0.0027]
	パソコン:[0.0008,0.0008,0.0000,0.0000]
False-Positive

Section:7
	Ｆｌａｇ：：１０００
	アドレス取得の手間はほとんどかかりませんし、保有数の制限は当然ないため、個人で複数のアドレスを持てます。
	これにより、用途や相手によりアドレスを使い分けることが可能になります。
	またいくらでも無料で手に入るため、不要なアドレスを使い捨てしても問題ありません。
	２．パソコンからも送受信できる
	パソコンで文字を打つのが得意な人にとっては、見逃せないメリット。
	パソコンのキーボードで素早く文字を打てます。
	またｉＰｈｏｎｅそのものが使えない状態でもメールが送受信できます。
	３．ｉＰｈｏｎｅアプリを使えば、携帯アドレスと同じように使える
	ブラウザでサービスにログインする必要はありません。
	専用のアプリを使うことで、携帯メールと同じように送受信できます。
	また「メール」アプリに、取得した無料アドレスのアカウントを追加することもできます。
	４．デフォルトの迷惑メール対策に期待できる
	Ｇｍａｉｌなど大手の無料メールは、強力な迷惑メールのフィルタリング機能を搭載しています。
	世界中のユーザーから集められた情報により、特別な設定をすることなく迷惑メールの可能性が高いものを排除してくれます。
Score:0.00107908512128
EACH_TAG_SCORE:
	image:0.000329370307494
	table:0.000317899122079
	graph:0.000210028525253
	flow:0.00022178716645
PARA:
Clueword:
	文字:[0.0003,0.0001,0.0000,0.0000]
	よる:[0.0034,0.0041,0.0016,0.0000]
	捨てる:[0.0001,0.0000,0.0000,0.0000]
	携帯:[0.0004,0.0004,0.0000,0.0008]
	同じだ:[0.0027,0.0010,0.0000,0.0011]
	期待:[0.0001,0.0002,0.0007,0.0000]
	アドレス:[0.0011,0.0003,0.0000,0.0000]
	できる:[0.0030,0.0048,0.0012,0.0010]
	複数:[0.0001,0.0000,0.0000,0.0010]
	対策:[0.0008,0.0005,0.0000,0.0035]
	集める:[0.0002,0.0000,0.0000,0.0000]
	また:[0.0027,0.0020,0.0021,0.0036]
	かかる:[0.0002,0.0002,0.0000,0.0012]
	なる:[0.0111,0.0126,0.0094,0.0022]
	見逃せる:[0.0003,0.0000,0.0000,0.0000]
	情報:[0.0003,0.0013,0.0000,0.0009]
	キーボード:[0.0002,0.0002,0.0000,0.0000]
	する:[0.0289,0.0260,0.0123,0.0269]
	いる:[0.0118,0.0087,0.0055,0.0051]
	必要だ:[0.0020,0.0039,0.0006,0.0010]
	搭載:[0.0001,0.0000,0.0000,0.0000]
	世界:[0.0002,0.0000,0.0000,0.0000]
	排除:[0.0002,0.0002,0.0000,0.0000]
	フィルタリング:[0.0003,0.0000,0.0000,0.0000]
	こと:[0.0066,0.0067,0.0051,0.0056]
	打てる:[0.0003,0.0000,0.0000,0.0000]
	保有:[0.0002,0.0000,0.0000,0.0000]
	打つ:[0.0008,0.0002,0.0000,0.0000]
	問題:[0.0011,0.0010,0.0000,0.0000]
	ほとんど:[0.0006,0.0006,0.0060,0.0000]
	入る:[0.0008,0.0003,0.0000,0.0012]
	いためる:[0.0003,0.0000,0.0000,0.0000]
	もの:[0.0027,0.0015,0.0007,0.0022]
	用途:[0.0002,0.0000,0.0000,0.0000]
	制限:[0.0002,0.0000,0.0000,0.0000]
	ログイン:[0.0006,0.0000,0.0000,0.0024]
	メール:[0.0013,0.0009,0.0000,0.0024]
	ようだ:[0.0057,0.0000,0.0000,0.0000]
	デフォルト:[0.0003,0.0000,0.0000,0.0000]
	追加:[0.0001,0.0000,0.0000,0.0000]
	メリット:[0.0005,0.0059,0.0000,0.0000]
	ブラウザ:[0.0003,0.0000,0.0000,0.0000]
	取得:[0.0006,0.0000,0.0000,0.0000]
	当然だ:[0.0001,0.0000,0.0000,0.0000]
	使える:[0.0010,0.0007,0.0000,0.0000]
	強力だ:[0.0003,0.0003,0.0000,0.0000]
	素早い:[0.0003,0.0003,0.0000,0.0000]
	相手:[0.0007,0.0001,0.0000,0.0000]
	機能:[0.0001,0.0005,0.0000,0.0000]
	持てる:[0.0003,0.0000,0.0000,0.0000]
	から:[0.0045,0.0053,0.0018,0.0011]
	くれる:[0.0005,0.0001,0.0000,0.0000]
	専用:[0.0003,0.0000,0.0000,0.0000]
	手間:[0.0001,0.0000,0.0000,0.0000]
	とる:[0.0004,0.0004,0.0005,0.0000]
	可能だ:[0.0008,0.0012,0.0012,0.0000]
	これ:[0.0017,0.0014,0.0000,0.0000]
	無料:[0.0009,0.0002,0.0000,0.0000]
	ため:[0.0035,0.0042,0.0007,0.0035]
	アプリ:[0.0009,0.0000,0.0000,0.0000]
	いくら:[0.0002,0.0000,0.0000,0.0000]
	ます:[0.0222,0.0199,0.0169,0.0211]
	特別だ:[0.0005,0.0002,0.0000,0.0000]
	使い分ける:[0.0002,0.0000,0.0000,0.0000]
	られる:[0.0000,0.0017,0.0000,0.0000]
	高い:[0.0012,0.0012,0.0266,0.0000]
	ある:[0.0106,0.0115,0.0058,0.0064]
	不要だ:[0.0006,0.0007,0.0000,0.0000]
	サービス:[0.0012,0.0007,0.0000,0.0030]
	個人:[0.0001,0.0005,0.0000,0.0009]
	アカウント:[0.0003,0.0000,0.0000,0.0000]
	送受信:[0.0008,0.0000,0.0000,0.0000]
	設定:[0.0015,0.0006,0.0000,0.0085]
	大手:[0.0002,0.0000,0.0000,0.0000]
	状態:[0.0011,0.0097,0.0000,0.0000]
	ユーザー:[0.0003,0.0000,0.0000,0.0000]
	でも:[0.0021,0.0016,0.0018,0.0000]
	迷惑:[0.0007,0.0005,0.0000,0.0013]
	ない:[0.0067,0.0084,0.0038,0.0027]
	使う:[0.0035,0.0023,0.0008,0.0000]
	パソコン:[0.0008,0.0008,0.0000,0.0000]
	得意だ:[0.0003,0.0000,0.0000,0.0000]
True-Positive

Section:1
	Ｆｌａｇ：：００００
	ｉＰｈｏｎｅに届く迷惑メールに悩まされているのなら、この記事があなたの力になれるかもしれません。
	多くのｉＰｈｏｎｅユーザーは、「メール」という初期搭載アプリで携帯アドレスのメールを送受信しているはずですが、このアプリには迷惑メールのフォルダ分け機能はありません。
	よって、迷惑メール対策は、各キャリアのサーバにユーザーログインして行いましょう。
	またそもそも携帯メールを使わずに済むコミュニケーション方法や、迷惑メールを誰がなんの目的で送信しているかという部分の話もしていきます。
	読み終わるころには、あなたのｉＰｈｏｎｅが迷惑メールに悩まされることもなくなるでしょう。
	１．【直接的対策】ｉＰｈｏｎｅへの迷惑メールを遮断する方法
	１−１．キャリアごとのサーバ設定で根元から絶つ
	＠ｄｏｃｏｍｏ．ｎｅ．ｊｐ、＠ｅｚｗｅｂ．ｎｅ．ｊｐ、＠ｉ．ｓｏｆｔｂａｎｋ．ｎｅ．ｊｐといった、携帯キャリアのメールをｉＰｈｏｎｅで受信する場合、ほとんどの人は最初からｉＰｈｏｎｅに入っており、キャリア側が設定方法を教えてくれる「メール」という純正アプリを使用しているのではないでしょうか。
	ｍａｉｌ
	このアプリはシンプルで使いやすいのですが、そのままでは迷惑メールを別のフォルダに振り分けたり、削除はできません。
	よって、ｉＰｈｏｎｅに到達する前に経由する、各キャリアのサーバで迷惑メールを排除することが有効です。
	キャリアによっては基本的な迷惑メール対策を行っていますが、積極的に対策するためには以下の方法でサーバにログインしましょう。
Score:0.000822845984514
EACH_TAG_SCORE:
	image:0.000232036348201
	table:0.000286465008203
	graph:0.00011866072398
	flow:0.000185683904129
PARA:
Clueword:
	いく:[0.0006,0.0001,0.0005,0.0008]
	初期:[0.0000,0.0000,0.0000,0.0000]
	経由:[0.0000,0.0002,0.0000,0.0000]
	あなた:[0.0002,0.0000,0.0000,0.0000]
	しれる:[0.0001,0.0000,0.0000,0.0000]
	アドレス:[0.0011,0.0003,0.0000,0.0000]
	そのまま:[0.0001,0.0002,0.0000,0.0000]
	そもそも:[0.0000,0.0000,0.0002,0.0000]
	なくなる:[0.0001,0.0001,0.0000,0.0000]
	れる:[0.0010,0.0000,0.0000,0.0000]
	対策:[0.0008,0.0005,0.0000,0.0035]
	なら:[0.0005,0.0002,0.0006,0.0000]
	悩む:[0.0001,0.0000,0.0000,0.0000]
	方法:[0.0032,0.0048,0.0005,0.0017]
	基本:[0.0022,0.0029,0.0000,0.0000]
	する:[0.0289,0.0260,0.0123,0.0269]
	いる:[0.0118,0.0087,0.0055,0.0051]
	場合:[0.0060,0.0480,0.0053,0.0010]
	以下:[0.0055,0.0005,0.0000,0.0012]
	搭載:[0.0001,0.0000,0.0000,0.0000]
	排除:[0.0002,0.0002,0.0000,0.0000]
	こと:[0.0066,0.0067,0.0051,0.0056]
	この:[0.0019,0.0018,0.0007,0.0033]
	シンプルだ:[0.0010,0.0009,0.0000,0.0000]
	ほとんど:[0.0006,0.0006,0.0060,0.0000]
	入る:[0.0008,0.0003,0.0000,0.0012]
	携帯:[0.0004,0.0004,0.0000,0.0008]
	届く:[0.0000,0.0006,0.0000,0.0000]
	ログイン:[0.0006,0.0000,0.0000,0.0024]
	メール:[0.0013,0.0009,0.0000,0.0024]
	分ける:[0.0002,0.0036,0.0000,0.0000]
	多く:[0.0000,0.0034,0.0040,0.0000]
	教える:[0.0000,0.0002,0.0007,0.0000]
	いう:[0.0027,0.0019,0.0023,0.0028]
	送信:[0.0007,0.0007,0.0000,0.0000]
	できる:[0.0030,0.0048,0.0012,0.0010]
	的だ:[0.0000,0.0017,0.0000,0.0000]
	使用:[0.0005,0.0002,0.0000,0.0027]
	済む:[0.0000,0.0001,0.0000,0.0000]
	終わる:[0.0004,0.0000,0.0005,0.0109]
	読む:[0.0005,0.0000,0.0000,0.0000]
	行う:[0.0007,0.0008,0.0006,0.0010]
	機能:[0.0001,0.0005,0.0000,0.0000]
	また:[0.0027,0.0020,0.0021,0.0036]
	行く:[0.0000,0.0000,0.0000,0.0000]
	くれる:[0.0005,0.0001,0.0000,0.0000]
	別だ:[0.0000,0.0000,0.0000,0.0000]
	よる:[0.0034,0.0041,0.0016,0.0000]
	有効だ:[0.0000,0.0001,0.0000,0.0000]
	ころ:[0.0000,0.0000,0.0000,0.0000]
	ため:[0.0035,0.0042,0.0007,0.0035]
	アプリ:[0.0009,0.0000,0.0000,0.0000]
	部分:[0.0028,0.0007,0.0000,0.0000]
	記事:[0.0000,0.0000,0.0000,0.0000]
	ます:[0.0222,0.0199,0.0169,0.0211]
	目的:[0.0005,0.0012,0.0000,0.0000]
	ある:[0.0106,0.0115,0.0058,0.0064]
	積極:[0.0000,0.0000,0.0000,0.0000]
	やすい:[0.0055,0.0080,0.0000,0.0016]
	よって:[0.0000,0.0000,0.0000,0.0000]
	おる:[0.0001,0.0001,0.0000,0.0000]
	送受信:[0.0008,0.0000,0.0000,0.0000]
	設定:[0.0015,0.0006,0.0000,0.0085]
	受信:[0.0000,0.0001,0.0000,0.0000]
	ユーザー:[0.0003,0.0000,0.0000,0.0000]
	最初だ:[0.0002,0.0000,0.0000,0.0000]
	迷惑:[0.0007,0.0005,0.0000,0.0013]
	ない:[0.0067,0.0084,0.0038,0.0027]
	使う:[0.0035,0.0023,0.0008,0.0000]
	サーバ:[0.0000,0.0001,0.0000,0.0000]
	から:[0.0045,0.0053,0.0018,0.0011]
False-Positive

Section:4
	Ｆｌａｇ：：００００
	『迷惑メール断固拒否！携帯３キャリア＆ＰＣの簡単設定法』に、迷惑メール設定についてもう一歩踏み込んだ記事があります。
CUTOFF SECTION:Too Short

Section:5
	Ｆｌａｇ：：１０００
	無料でいくつでも取得できる
CUTOFF SECTION:Too Short

True-Negative:0
False-Positive:5
Too Short:2
True-Positive:5
False-Negative:0
precision = 0.500000
recall = 1.000000
fvalue = 0.666667