Section:11
	Ｆｌａｇ：：００００
	あげられる方もいらっしゃいます。
	そんなご注文を見るたびに素敵な
	ご夫婦だなってつい微笑んでしまいします。
	自分の大切な人を祝う
	ことが出来るのも還暦祝いのいいところですね。
	還暦祝いの”のし”ってどう書けばいいの？
Score:0.00249376297436
EACH_TAG_SCORE:
	image:0.000588306775535
	table:0.000557311151815
	graph:0.000442335133437
	flow:0.000905809913569
PARA:
Clueword:
	いい:[0.0009,0.0003,0.0014,0.0000]
	ところ:[0.0000,0.0013,0.0030,0.0000]
	書く:[0.0041,0.0026,0.0000,0.0514]
	微笑む:[0.0000,0.0002,0.0006,0.0000]
	祝う:[0.0003,0.0008,0.0019,0.0000]
	素敵だ:[0.0000,0.0001,0.0005,0.0000]
	ます:[0.0222,0.0199,0.0169,0.0211]
	夫婦:[0.0000,0.0000,0.0001,0.0000]
	還暦:[0.0004,0.0003,0.0006,0.0000]
	たび:[0.0001,0.0001,0.0003,0.0000]
	あげる:[0.0006,0.0006,0.0013,0.0000]
	しまう:[0.0014,0.0011,0.0016,0.0009]
	自分:[0.0006,0.0008,0.0014,0.0000]
	注文:[0.0000,0.0002,0.0008,0.0000]
	どう:[0.0003,0.0001,0.0004,0.0000]
	する:[0.0289,0.0260,0.0123,0.0269]
	られる:[0.0000,0.0017,0.0000,0.0000]
	こと:[0.0066,0.0067,0.0051,0.0056]
	そんな:[0.0002,0.0001,0.0005,0.0000]
	いらっしゃる:[0.0001,0.0001,0.0005,0.0000]
	のす:[0.0005,0.0000,0.0000,0.0000]
	見る:[0.0016,0.0012,0.0012,0.0000]
	出来る:[0.0001,0.0004,0.0004,0.0000]
	つい:[0.0000,0.0002,0.0006,0.0000]
	大切だ:[0.0001,0.0005,0.0005,0.0000]
False-Positive

Section:10
	Ｆｌａｇ：：０１１０
	プレゼント予算としては、人数などにもよりますが、お１人３千円〜５千円×５人〜１０人といったところでしょうか。
	ちょっと話しは違いますが、奥様が旦那様を旦那様が奥様を祝ってあげられる方もいらっしゃいます。
	そんなご注文を見るたびに素敵なご夫婦だなってつい微笑んでしまいします。
	自分の大切な人を祝うことが出来るのも還暦祝いのいいところですね。
Score:0.00159984481385
EACH_TAG_SCORE:
	image:0.000408707992692
	table:0.000506519046688
	graph:0.000363731011747
	flow:0.00032088676272
PARA:
Clueword:
	いう:[0.0027,0.0019,0.0023,0.0028]
	いい:[0.0009,0.0003,0.0014,0.0000]
	予算:[0.0000,0.0004,0.0011,0.0000]
	ところ:[0.0000,0.0013,0.0030,0.0000]
	よる:[0.0034,0.0041,0.0016,0.0000]
	微笑む:[0.0000,0.0002,0.0006,0.0000]
	夫婦:[0.0000,0.0000,0.0001,0.0000]
	ます:[0.0222,0.0199,0.0169,0.0211]
	旦那:[0.0000,0.0006,0.0016,0.0000]
	そんな:[0.0002,0.0001,0.0005,0.0000]
	還暦:[0.0004,0.0003,0.0006,0.0000]
	素敵だ:[0.0000,0.0001,0.0005,0.0000]
	たび:[0.0001,0.0001,0.0003,0.0000]
	あげる:[0.0006,0.0006,0.0013,0.0000]
	奥様:[0.0000,0.0009,0.0024,0.0000]
	しまう:[0.0014,0.0011,0.0016,0.0009]
	自分:[0.0006,0.0008,0.0014,0.0000]
	注文:[0.0000,0.0002,0.0008,0.0000]
	プレゼント:[0.0003,0.0004,0.0010,0.0000]
	ちょっと:[0.0002,0.0002,0.0003,0.0000]
	する:[0.0289,0.0260,0.0123,0.0269]
	話す:[0.0000,0.0001,0.0005,0.0000]
	られる:[0.0000,0.0017,0.0000,0.0000]
	こと:[0.0066,0.0067,0.0051,0.0056]
	人数:[0.0003,0.0003,0.0012,0.0000]
	いらっしゃる:[0.0001,0.0001,0.0005,0.0000]
	見る:[0.0016,0.0012,0.0012,0.0000]
	祝う:[0.0003,0.0008,0.0019,0.0000]
	大切だ:[0.0001,0.0005,0.0005,0.0000]
	出来る:[0.0001,0.0004,0.0004,0.0000]
	違う:[0.0023,0.0192,0.0018,0.0000]
	つい:[0.0000,0.0002,0.0006,0.0000]
True-Positive

Section:8
	Ｆｌａｇ：：０１１０
	皆さん気になるところですよね。
	プレゼントのご予算の相場は、還暦祝い本舗調べでは、２万円前後です。
	会食費や、旅行代が親御様一人につき１〜２万円程度がそれに加わっているようです。
	プレゼント２万円＋ご両親会食代ｏｒ旅行代２〜３万円＝５万円前後あくまで目安なので、ご兄弟の人数やお祝いの方法によってご予算は変わってきますので、お祝いされる皆さんでご旅行など金額が大きくなるときは、事前に積み立てをされるのもいいですね。
	一緒にお祝いされる方とお祝い方法も含めてよくご相談しましょう。
Score:0.00141626447287
EACH_TAG_SCORE:
	image:0.000414435203304
	table:0.000383881852977
	graph:0.000375823194385
	flow:0.000242124222208
PARA:
Clueword:
	皆さん:[0.0000,0.0001,0.0002,0.0000]
	予算:[0.0000,0.0004,0.0011,0.0000]
	相談:[0.0004,0.0009,0.0014,0.0000]
	よる:[0.0034,0.0041,0.0016,0.0000]
	会食:[0.0000,0.0001,0.0004,0.0000]
	加わる:[0.0000,0.0003,0.0012,0.0000]
	積む:[0.0002,0.0000,0.0000,0.0000]
	還暦:[0.0004,0.0003,0.0006,0.0000]
	前後:[0.0006,0.0018,0.0010,0.0000]
	れる:[0.0010,0.0000,0.0000,0.0000]
	よい:[0.0009,0.0012,0.0013,0.0000]
	なる:[0.0111,0.0126,0.0094,0.0022]
	方法:[0.0032,0.0048,0.0005,0.0017]
	いい:[0.0009,0.0003,0.0014,0.0000]
	プレゼント:[0.0003,0.0004,0.0010,0.0000]
	旅行:[0.0000,0.0002,0.0006,0.0000]
	する:[0.0289,0.0260,0.0123,0.0269]
	いる:[0.0118,0.0087,0.0055,0.0051]
	含める:[0.0000,0.0002,0.0007,0.0000]
	それ:[0.0007,0.0024,0.0005,0.0008]
	つく:[0.0015,0.0008,0.0006,0.0010]
	変わる:[0.0006,0.0009,0.0020,0.0008]
	ようだ:[0.0057,0.0000,0.0000,0.0000]
	金額:[0.0006,0.0000,0.0000,0.0000]
	調べる:[0.0000,0.0001,0.0004,0.0000]
	ところ:[0.0000,0.0013,0.0030,0.0000]
	本舗:[0.0000,0.0003,0.0012,0.0000]
	祝う:[0.0003,0.0008,0.0019,0.0000]
	一緒だ:[0.0001,0.0001,0.0009,0.0000]
	立てる:[0.0000,0.0002,0.0007,0.0000]
	ます:[0.0222,0.0199,0.0169,0.0211]
	くる:[0.0034,0.0012,0.0012,0.0010]
	事前:[0.0000,0.0000,0.0000,0.0000]
	大きい:[0.0030,0.0018,0.0126,0.0000]
	目安:[0.0001,0.0000,0.0000,0.0000]
	程度:[0.0006,0.0010,0.0007,0.0000]
	あくまで:[0.0001,0.0000,0.0000,0.0000]
	兄弟:[0.0003,0.0000,0.0000,0.0000]
	人数:[0.0003,0.0003,0.0012,0.0000]
	相場:[0.0014,0.0029,0.0104,0.0000]
True-Positive

Section:2
	Ｆｌａｇ：：０１００
	明治の頃までは年齢は数え年で表していて、生れた時が１歳で始まり、年が明けると誕生日と関係なく２歳になる数え方をしてました。
	ですので、「満年齢で６０歳の誕生日」の年が「数え年の６１歳」になります。
	ちょっと注意したいのは、その年の１月１日から１２月３１日までが、数え年の６１歳なんですね。
	満年齢が一般的な現在では違和感はありますが、年が明けたお正月には数え年で６１歳の誕生年？になるので、お正月から節分（立春）の頃までにお祝いを済ませていたようです。
	現在は満年齢が一般的になっているため、６０歳を迎える誕生日にお祝いをされるのが一般的になってきています。
Score:0.00140337859176
EACH_TAG_SCORE:
	image:0.00040485954159
	table:0.000419250055362
	graph:0.00021401051595
	flow:0.000365258478853
PARA:
Clueword:
	祝う:[0.0003,0.0008,0.0019,0.0000]
	明治:[0.0000,0.0001,0.0000,0.0000]
	違和感:[0.0000,0.0009,0.0012,0.0000]
	れる:[0.0010,0.0000,0.0000,0.0000]
	一般:[0.0007,0.0011,0.0000,0.0025]
	なる:[0.0111,0.0126,0.0094,0.0022]
	明ける:[0.0000,0.0009,0.0000,0.0000]
	年齢:[0.0000,0.0002,0.0000,0.0000]
	数え年:[0.0000,0.0010,0.0000,0.0000]
	する:[0.0289,0.0260,0.0123,0.0269]
	節分:[0.0000,0.0030,0.0000,0.0000]
	いる:[0.0118,0.0087,0.0055,0.0051]
	迎える:[0.0000,0.0006,0.0000,0.0000]
	現在:[0.0007,0.0007,0.0000,0.0000]
	正月:[0.0000,0.0005,0.0000,0.0000]
	誕生:[0.0000,0.0003,0.0000,0.0000]
	表す:[0.0007,0.0002,0.0000,0.0000]
	済ませる:[0.0000,0.0002,0.0000,0.0000]
	ようだ:[0.0057,0.0000,0.0000,0.0000]
	立春:[0.0000,0.0003,0.0000,0.0000]
	的だ:[0.0000,0.0017,0.0000,0.0000]
	まで:[0.0000,0.0011,0.0000,0.0101]
	ます:[0.0222,0.0199,0.0169,0.0211]
	たい:[0.0004,0.0005,0.0006,0.0000]
	くる:[0.0034,0.0012,0.0012,0.0010]
	関係:[0.0000,0.0006,0.0000,0.0000]
	から:[0.0045,0.0053,0.0018,0.0011]
	注意:[0.0014,0.0010,0.0006,0.0000]
	その:[0.0035,0.0019,0.0000,0.0233]
	満年齢:[0.0000,0.0009,0.0000,0.0000]
	数える:[0.0000,0.0018,0.0000,0.0000]
	ちょっと:[0.0002,0.0002,0.0003,0.0000]
	誕生日:[0.0000,0.0025,0.0000,0.0000]
	ある:[0.0106,0.0115,0.0058,0.0064]
	始まる:[0.0000,0.0002,0.0000,0.0000]
	ため:[0.0035,0.0042,0.0007,0.0035]
	ない:[0.0067,0.0084,0.0038,0.0027]
	生れる:[0.0000,0.0003,0.0000,0.0000]
True-Positive

Section:9
	Ｆｌａｇ：：００００
	※両親以外や会社の上司を祝う場合は？
	昔は６０歳で引退される方が多かったようですが、今はまだまだ現役
	なんて方も沢山いらしゃいるので、そんな方へ感謝を込めて還暦祝いをされることも多いですよね。
	お祝いのされ方は様々ですが、慰安旅行中にプレゼントしたり、内緒にしていて職場で誕生日に渡したりして、ちょっとサプライズな演出をされるなど渡す側も楽しまれてはいかがでしょうか？
Score:0.0013064762277
EACH_TAG_SCORE:
	image:0.000347168283296
	table:0.000506123852326
	graph:0.000254801877377
	flow:0.0001983822147
PARA:
Clueword:
	現役:[0.0000,0.0000,0.0000,0.0000]
	様々だ:[0.0030,0.0001,0.0000,0.0000]
	ちょっと:[0.0002,0.0002,0.0003,0.0000]
	多い:[0.0027,0.0029,0.0156,0.0000]
	のす:[0.0005,0.0000,0.0000,0.0000]
	祝う:[0.0003,0.0008,0.0019,0.0000]
	場合:[0.0060,0.0480,0.0053,0.0010]
	なんて:[0.0001,0.0000,0.0008,0.0000]
	楽しむ:[0.0000,0.0000,0.0000,0.0000]
	職場:[0.0000,0.0000,0.0002,0.0000]
	そんな:[0.0002,0.0001,0.0005,0.0000]
	還暦:[0.0004,0.0003,0.0006,0.0000]
	れる:[0.0010,0.0000,0.0000,0.0000]
	プレゼント:[0.0003,0.0004,0.0010,0.0000]
	会社:[0.0000,0.0007,0.0000,0.0000]
	する:[0.0289,0.0260,0.0123,0.0269]
	いる:[0.0118,0.0087,0.0055,0.0051]
	誕生日:[0.0000,0.0025,0.0000,0.0000]
	渡す:[0.0000,0.0000,0.0000,0.0000]
	こと:[0.0066,0.0067,0.0051,0.0056]
	上司:[0.0000,0.0011,0.0000,0.0000]
	まだまだ:[0.0000,0.0000,0.0000,0.0000]
	旅行:[0.0000,0.0002,0.0006,0.0000]
	ようだ:[0.0057,0.0000,0.0000,0.0000]
	以外:[0.0000,0.0000,0.0000,0.0000]
False-Positive

Section:3
	Ｆｌａｇ：：００００
	そうそう、あとはお祝いする方が集まりやすい時！
	お正月やゴールデンウイーク、お盆休みなどご家族が揃われるタイミングにお祝いをされる方も多いですね。
	６０才で定年退職される方も多いので、ご勇退記念を兼ねてされる方もおられます。
	「還暦のお祝いにしようか、退職のお祝いにしようか悩んでるんです」ってご相談されることもあります。
	ご一緒にお祝いされる方は定年退職前にお祝いをされるなら還暦の祝い、定年退職直後にされるなら退職のお祝いにされたりしても良いかもしれませんね。
	色々なことを書きましたが、形にとらわれずお祝いしたいという気持ちが一番大切かと思います。
	６０歳の誕生日がある年で、参加者やもちろんご本人の都合が良い時にされればいいと思います。
	現在の６０歳の方はまだまだお若いです。
	６０歳の年を過ぎた場合でも、お誕生日やご家族が集まった際に６０歳の時にはできなかったけど、感謝の気持ちを届ける機会を設けるのも良いのではないでしょうか。
	形ではなくその気持ちが一番のプレゼントかと思います。
Score:0.00113120880199
EACH_TAG_SCORE:
	image:0.000248031350574
	table:0.00034746439082
	graph:0.000197890989647
	flow:0.000337822070952
PARA:
Clueword:
	れる:[0.0010,0.0000,0.0000,0.0000]
	しれる:[0.0001,0.0000,0.0000,0.0000]
	できる:[0.0030,0.0048,0.0012,0.0010]
	還暦:[0.0004,0.0003,0.0006,0.0000]
	あと:[0.0000,0.0000,0.0000,0.0101]
	相談:[0.0004,0.0009,0.0014,0.0000]
	いう:[0.0027,0.0019,0.0023,0.0028]
	なら:[0.0005,0.0002,0.0006,0.0000]
	悩む:[0.0001,0.0000,0.0000,0.0000]
	本人:[0.0001,0.0000,0.0000,0.0000]
	する:[0.0289,0.0260,0.0123,0.0269]
	機会:[0.0000,0.0000,0.0000,0.0000]
	現在:[0.0007,0.0007,0.0000,0.0000]
	直後:[0.0000,0.0000,0.0000,0.0000]
	こと:[0.0066,0.0067,0.0051,0.0056]
	色々だ:[0.0000,0.0001,0.0000,0.0000]
	気持ち:[0.0000,0.0000,0.0000,0.0000]
	正月:[0.0000,0.0005,0.0000,0.0000]
	届ける:[0.0000,0.0000,0.0000,0.0000]
	一番:[0.0005,0.0014,0.0101,0.0000]
	休む:[0.0001,0.0001,0.0005,0.0000]
	兼ねる:[0.0000,0.0000,0.0000,0.0000]
	プレゼント:[0.0003,0.0004,0.0010,0.0000]
	多い:[0.0027,0.0029,0.0156,0.0000]
	いい:[0.0009,0.0003,0.0014,0.0000]
	集まる:[0.0000,0.0022,0.0000,0.0000]
	祝う:[0.0003,0.0008,0.0019,0.0000]
	一緒だ:[0.0001,0.0001,0.0009,0.0000]
	場合:[0.0060,0.0480,0.0053,0.0010]
	タイミング:[0.0000,0.0000,0.0000,0.0000]
	ます:[0.0222,0.0199,0.0169,0.0211]
	たい:[0.0004,0.0005,0.0006,0.0000]
	書く:[0.0041,0.0026,0.0000,0.0514]
	誕生日:[0.0000,0.0025,0.0000,0.0000]
	その:[0.0035,0.0019,0.0000,0.0233]
	都合:[0.0001,0.0000,0.0000,0.0000]
	良い:[0.0007,0.0006,0.0005,0.0000]
	ある:[0.0106,0.0115,0.0058,0.0064]
	ない:[0.0067,0.0084,0.0038,0.0027]
	おる:[0.0001,0.0001,0.0000,0.0000]
	けど:[0.0001,0.0000,0.0000,0.0000]
	過ぎる:[0.0007,0.0008,0.0000,0.0000]
	家族:[0.0005,0.0018,0.0000,0.0000]
	思う:[0.0005,0.0001,0.0008,0.0000]
	まだまだ:[0.0000,0.0000,0.0000,0.0000]
	でも:[0.0021,0.0016,0.0018,0.0000]
	やすい:[0.0055,0.0080,0.0000,0.0016]
	もちろん:[0.0000,0.0000,0.0000,0.0000]
False-Positive

Section:12
	Ｆｌａｇ：：１０００
	還暦のお祝いは長寿のお祝いなので、何回有っても良い、めでたい事用の蝶々結びで、赤白の水引を使います。
	のしの書き方は、上のほうに「祝還暦」「寿還暦」「還暦御祝」などが一般的ですが、なんだか形式的なので「ありがとう」っていうのもお勧めです。
	下のほうには、贈る人の名前を書きましょう。
	たまに、お父さんなどお祝の方のお名前で申し込まれる方がいらっしゃいますが、それでは逆になってしまうので注意しましょう。
	入れるお名前は、受け取った方が誰からの贈物か解れば大丈夫です。
	例えば、自分の家族からなら苗字だけ、兄弟なら名前だけという具合です。
	連名で贈られるときには３名様ぐらいのお名前がちょうどいいでしょう。
	それ以上の人数になるときは、
	「家族一同」や「兄弟一同」などと入れるといいでしょう。
	ちょっと茶目っ気を出して「あなたの愛する娘達より」なんていうのもいいですね。
	贈物というより、プレゼントって感じの方は、のしではなく、メッセージカードを付けるといいと思いますよ
Score:0.000978124189663
EACH_TAG_SCORE:
	image:0.000267792052826
	table:0.000241384590709
	graph:0.000192959625754
	flow:0.000275987920374
PARA:
Clueword:
	感じる:[0.0010,0.0009,0.0006,0.0000]
	一同:[0.0008,0.0000,0.0000,0.0000]
	より:[0.0047,0.0025,0.0220,0.0000]
	めでたい:[0.0003,0.0000,0.0000,0.0000]
	出す:[0.0003,0.0004,0.0000,0.0000]
	人数:[0.0003,0.0003,0.0012,0.0000]
	還暦:[0.0004,0.0003,0.0006,0.0000]
	れる:[0.0010,0.0000,0.0000,0.0000]
	一般:[0.0007,0.0011,0.0000,0.0025]
	受け取る:[0.0003,0.0000,0.0000,0.0000]
	しまう:[0.0014,0.0011,0.0016,0.0009]
	なら:[0.0005,0.0002,0.0006,0.0000]
	なる:[0.0111,0.0126,0.0094,0.0022]
	自分:[0.0006,0.0008,0.0014,0.0000]
	いい:[0.0009,0.0003,0.0014,0.0000]
	注意:[0.0014,0.0010,0.0006,0.0000]
	する:[0.0289,0.0260,0.0123,0.0269]
	付ける:[0.0011,0.0002,0.0007,0.0000]
	例えば:[0.0025,0.0002,0.0000,0.0000]
	たまだ:[0.0001,0.0000,0.0000,0.0000]
	有る:[0.0001,0.0000,0.0000,0.0000]
	思う:[0.0005,0.0001,0.0008,0.0000]
	長寿:[0.0001,0.0000,0.0000,0.0000]
	それ:[0.0007,0.0024,0.0005,0.0008]
	解る:[0.0003,0.0000,0.0000,0.0000]
	入れる:[0.0007,0.0005,0.0000,0.0000]
	いらっしゃる:[0.0001,0.0001,0.0005,0.0000]
	贈る:[0.0004,0.0000,0.0000,0.0000]
	以上:[0.0006,0.0024,0.0000,0.0000]
	大丈夫だ:[0.0002,0.0000,0.0000,0.0000]
	ありがとう:[0.0000,0.0000,0.0000,0.0000]
	メッセージ:[0.0001,0.0000,0.0000,0.0000]
	プレゼント:[0.0003,0.0004,0.0010,0.0000]
	ない:[0.0067,0.0084,0.0038,0.0027]
	結ぶ:[0.0001,0.0000,0.0000,0.0000]
	いう:[0.0027,0.0019,0.0023,0.0028]
	水引:[0.0002,0.0000,0.0000,0.0000]
	苗字:[0.0000,0.0000,0.0000,0.0000]
	のす:[0.0005,0.0000,0.0000,0.0000]
	祝う:[0.0003,0.0008,0.0019,0.0000]
	家族:[0.0005,0.0018,0.0000,0.0000]
	ます:[0.0222,0.0199,0.0169,0.0211]
	なんて:[0.0001,0.0000,0.0008,0.0000]
	書く:[0.0041,0.0026,0.0000,0.0514]
	連名:[0.0003,0.0000,0.0000,0.0000]
	名前:[0.0013,0.0007,0.0000,0.0024]
	から:[0.0045,0.0053,0.0018,0.0011]
	形式:[0.0031,0.0022,0.0000,0.0000]
	具合:[0.0003,0.0001,0.0000,0.0000]
	贈物:[0.0003,0.0000,0.0000,0.0000]
	父さん:[0.0001,0.0000,0.0000,0.0000]
	カード:[0.0002,0.0000,0.0000,0.0000]
	茶目っ気:[0.0003,0.0000,0.0000,0.0000]
	ちょっと:[0.0002,0.0002,0.0003,0.0000]
	申し込む:[0.0001,0.0000,0.0000,0.0000]
	それでは:[0.0000,0.0000,0.0000,0.0073]
	良い:[0.0007,0.0006,0.0005,0.0000]
	愛する:[0.0003,0.0000,0.0000,0.0000]
	兄弟:[0.0003,0.0000,0.0000,0.0000]
	ちょうど:[0.0001,0.0000,0.0000,0.0000]
	勧める:[0.0009,0.0010,0.0000,0.0000]
	使う:[0.0035,0.0023,0.0008,0.0000]
	あなた:[0.0002,0.0000,0.0000,0.0000]
	蝶々:[0.0003,0.0000,0.0000,0.0000]
	的だ:[0.0000,0.0017,0.0000,0.0000]
	逆だ:[0.0001,0.0034,0.0000,0.0000]
	ほう:[0.0019,0.0002,0.0007,0.0000]
	なんだか:[0.0001,0.0000,0.0006,0.0000]
True-Positive

Section:13
	Ｆｌａｇ：：００００
	熨斗について詳しくはこちら
	兄弟揃ってお祝いをしないといけないの？
	最近は、皆さんが遠く離れていて、ウマく足並みが揃わないこともありますよね。
	もちろん皆さん揃ってお祝いしてあげられれば一番良いのですが、無理をせず、ご兄弟で相談をして各々でお祝いをしてあげるのも良いと思います。
	ご家族が揃われるお正月やＧＷ、お盆などの機会を利用される方も非常に多いですね。
	私と旦那さんのお母さんが今年還暦なんですが．．．
	何も悩む必要はありません。
	同じようにお祝いをして上げましょう。
	もし、比較的近くで、お互いの交流があるようなら、一緒にお祝いすることも盛大で思い出深いお祝いになっていいかもしれませんね。
	ただ、その場合は各ご兄弟で、いろいろ調整することも必要かと思いますので、どなたかがしっかりと幹事をされる必要があるでしょうね。
	女性は還暦祝いをしなくていいのですか？
	還暦は一般的に男女による違いはありません。
	男性にも女性にも同じように還暦はあります。
	昔は家督を後継者に譲るという意味があったため、還暦のお祝いの対象は男性だけだったようです。
	そのため女性の還暦祝いはしない慣習が残っている地域もあるようですが、今では一般的に男女による違いはありません。
	でも、年齢を気にされる女性が多いんですよね。
	「還暦祝いをするよ」って言うより、「誕生日のお祝い」をすると言っておいて、実は「還暦祝い」なんてサプライズな演出もいかがでしょうか？！
	重大な病気の前触れとして、だるさや倦怠感が生じることがあります。
	疲労感・倦怠感を伴う病気の見極め方を詳しくお伝えします。
Score:0.000964898740173
EACH_TAG_SCORE:
	image:0.000233148438785
	table:0.000327208278101
	graph:0.00023845685052
	flow:0.000166085172767
PARA:
Clueword:
	生じる:[0.0000,0.0007,0.0000,0.0000]
	皆さん:[0.0000,0.0001,0.0002,0.0000]
	あう:[0.0001,0.0003,0.0000,0.0000]
	より:[0.0047,0.0025,0.0220,0.0000]
	利用:[0.0006,0.0013,0.0000,0.0000]
	前触れ:[0.0002,0.0009,0.0000,0.0000]
	しれる:[0.0001,0.0000,0.0000,0.0000]
	伝える:[0.0000,0.0002,0.0000,0.0000]
	同じだ:[0.0027,0.0010,0.0000,0.0011]
	対象:[0.0006,0.0007,0.0000,0.0000]
	病気:[0.0005,0.0017,0.0015,0.0000]
	いろいろ:[0.0000,0.0000,0.0000,0.0000]
	非常だ:[0.0013,0.0015,0.0000,0.0000]
	疲労:[0.0014,0.0034,0.0010,0.0000]
	お互い:[0.0000,0.0000,0.0000,0.0000]
	無理:[0.0000,0.0000,0.0000,0.0000]
	還暦:[0.0004,0.0003,0.0006,0.0000]
	相談:[0.0004,0.0009,0.0014,0.0000]
	さん:[0.0000,0.0004,0.0013,0.0000]
	いう:[0.0027,0.0019,0.0023,0.0028]
	なら:[0.0005,0.0002,0.0006,0.0000]
	なる:[0.0111,0.0126,0.0094,0.0022]
	悩む:[0.0001,0.0000,0.0000,0.0000]
	もし:[0.0000,0.0001,0.0014,0.0000]
	年齢:[0.0000,0.0002,0.0000,0.0000]
	何も:[0.0003,0.0004,0.0000,0.0000]
	する:[0.0289,0.0260,0.0123,0.0269]
	機会:[0.0000,0.0000,0.0000,0.0000]
	つく:[0.0015,0.0008,0.0006,0.0010]
	必要だ:[0.0020,0.0039,0.0006,0.0010]
	こと:[0.0066,0.0067,0.0051,0.0056]
	重大だ:[0.0000,0.0009,0.0000,0.0000]
	正月:[0.0000,0.0005,0.0000,0.0000]
	遠い:[0.0005,0.0006,0.0000,0.0000]
	よる:[0.0034,0.0041,0.0016,0.0000]
	一番:[0.0005,0.0014,0.0101,0.0000]
	家族:[0.0005,0.0018,0.0000,0.0000]
	実は:[0.0002,0.0001,0.0000,0.0000]
	残る:[0.0000,0.0000,0.0000,0.0000]
	旦那:[0.0000,0.0006,0.0016,0.0000]
	上げる:[0.0001,0.0000,0.0000,0.0000]
	なんて:[0.0001,0.0000,0.0008,0.0000]
	見極める:[0.0000,0.0000,0.0000,0.0000]
	ようだ:[0.0057,0.0000,0.0000,0.0000]
	ただ:[0.0000,0.0000,0.0000,0.0000]
	比較:[0.0001,0.0051,0.0195,0.0000]
	こちら:[0.0006,0.0005,0.0000,0.0011]
	だるい:[0.0006,0.0008,0.0014,0.0000]
	多い:[0.0027,0.0029,0.0156,0.0000]
	いい:[0.0009,0.0003,0.0014,0.0000]
	祝う:[0.0003,0.0008,0.0019,0.0000]
	一緒だ:[0.0001,0.0001,0.0009,0.0000]
	場合:[0.0060,0.0480,0.0053,0.0010]
	言う:[0.0008,0.0010,0.0000,0.0000]
	いる:[0.0118,0.0087,0.0055,0.0051]
	ます:[0.0222,0.0199,0.0169,0.0211]
	意味:[0.0008,0.0005,0.0000,0.0000]
	一般:[0.0007,0.0011,0.0000,0.0025]
	詳しい:[0.0003,0.0004,0.0000,0.0000]
	交流:[0.0000,0.0000,0.0000,0.0000]
	あげる:[0.0006,0.0006,0.0013,0.0000]
	その:[0.0035,0.0019,0.0000,0.0233]
	女性:[0.0013,0.0006,0.0008,0.0000]
	どなた:[0.0000,0.0000,0.0000,0.0000]
	男性:[0.0007,0.0000,0.0016,0.0000]
	的だ:[0.0000,0.0017,0.0000,0.0000]
	誕生日:[0.0000,0.0025,0.0000,0.0000]
	調整:[0.0000,0.0000,0.0000,0.0000]
	良い:[0.0007,0.0006,0.0005,0.0000]
	られる:[0.0000,0.0017,0.0000,0.0000]
	倦怠:[0.0001,0.0002,0.0003,0.0000]
	兄弟:[0.0003,0.0000,0.0000,0.0000]
	最近:[0.0000,0.0001,0.0005,0.0067]
	伴う:[0.0000,0.0000,0.0008,0.0000]
	深い:[0.0000,0.0000,0.0000,0.0000]
	ある:[0.0106,0.0115,0.0058,0.0064]
	れる:[0.0010,0.0000,0.0000,0.0000]
	ため:[0.0035,0.0042,0.0007,0.0035]
	おく:[0.0011,0.0015,0.0012,0.0000]
	しっかり:[0.0000,0.0000,0.0000,0.0000]
	今年:[0.0000,0.0000,0.0000,0.0000]
	思う:[0.0005,0.0001,0.0008,0.0000]
	でも:[0.0021,0.0016,0.0018,0.0000]
	離れる:[0.0000,0.0000,0.0000,0.0000]
	いけない:[0.0000,0.0000,0.0000,0.0000]
	ない:[0.0067,0.0084,0.0038,0.0027]
	違う:[0.0023,0.0192,0.0018,0.0000]
	地域:[0.0000,0.0000,0.0000,0.0000]
	もちろん:[0.0000,0.0000,0.0000,0.0000]
False-Positive

Section:1
	Ｆｌａｇ：：００００
	どうやってお祝いするの？
	還暦祝いは満年齢で６０歳（数え年で６１歳）を迎えたことを喜ぶ元々は長寿を祝う行事でした。
	でも、今の６０歳の方は見た目も若いし、体力に自信のある方も多いので、長寿って感じじゃないですよね。
	仕事も現役で続けられている方も最近では増えていますもんね。
	それでも６０歳って人生の節目に当たるんですよね。
	仕事も一段落し、子供たちも社会へ出て家庭を持っていることも多いですし、もう家族のことを気にしなくてもいい頃なのではないでしょうか。
	それに、今は元気でも体のことを気にかけて欲しい頃でもありますよね。
	普段は口にしないけれど、ここまで育ててくれた感謝や、これからはできるだけ自分の為に時間を使って欲しいという想いや、健康に注意して欲しい気持を伝える機会でもあと思うんです。
	子供は親離れしているけれど、それに気が付いていなかったりするご両親に、「私達のことはもう大丈夫！これからは自分たちが楽しんでね」ってさりげなく伝えるちょうどいいタイミングなのではないでしょうか？
	還暦のお祝い方法に特に決まりはありません。
	けれど、いつもの誕生日とは違う特別な日にしてあげたいですよね。
	結婚式ほど大げさにとは言いませんが、想い出に残るものにしてあげたいものです。
	家族みんなで会食をしたり、旅行へ行くのもいいですよね。
	還暦のお祝いはいつすればいいの？
	還暦祝いは「数え年の６１歳」になったら行います。
Score:0.000874902027548
EACH_TAG_SCORE:
	image:0.000237914078153
	table:0.000267295684066
	graph:0.000172012313904
	flow:0.000197679951425
PARA:
Clueword:
	現役:[0.0000,0.0000,0.0000,0.0000]
	たい:[0.0004,0.0005,0.0006,0.0000]
	やる:[0.0000,0.0000,0.0000,0.0015]
	感じる:[0.0010,0.0009,0.0006,0.0000]
	行う:[0.0007,0.0008,0.0006,0.0010]
	会食:[0.0000,0.0001,0.0004,0.0000]
	できる:[0.0030,0.0048,0.0012,0.0010]
	社会:[0.0000,0.0000,0.0000,0.0000]
	還暦:[0.0004,0.0003,0.0006,0.0000]
	あと:[0.0000,0.0000,0.0000,0.0101]
	多い:[0.0027,0.0029,0.0156,0.0000]
	いつも:[0.0001,0.0000,0.0000,0.0000]
	当たる:[0.0002,0.0002,0.0000,0.0000]
	方法:[0.0032,0.0048,0.0005,0.0017]
	数え年:[0.0000,0.0010,0.0000,0.0000]
	旅行:[0.0000,0.0002,0.0006,0.0000]
	する:[0.0289,0.0260,0.0123,0.0269]
	いる:[0.0118,0.0087,0.0055,0.0051]
	家庭:[0.0000,0.0000,0.0000,0.0000]
	いう:[0.0027,0.0019,0.0023,0.0028]
	こと:[0.0066,0.0067,0.0051,0.0056]
	伝える:[0.0000,0.0002,0.0000,0.0000]
	見た目:[0.0031,0.0002,0.0006,0.0000]
	長寿:[0.0001,0.0000,0.0000,0.0000]
	それ:[0.0007,0.0024,0.0005,0.0008]
	自分:[0.0006,0.0008,0.0014,0.0000]
	みんな:[0.0000,0.0000,0.0000,0.0000]
	ここ:[0.0004,0.0001,0.0000,0.0111]
	子供:[0.0003,0.0003,0.0000,0.0000]
	もの:[0.0027,0.0015,0.0007,0.0022]
	健康だ:[0.0000,0.0002,0.0000,0.0000]
	大丈夫だ:[0.0002,0.0000,0.0000,0.0000]
	残る:[0.0000,0.0000,0.0000,0.0000]
	機会:[0.0000,0.0000,0.0000,0.0000]
	言う:[0.0008,0.0010,0.0000,0.0000]
	続ける:[0.0000,0.0000,0.0000,0.0000]
	特に:[0.0000,0.0005,0.0000,0.0000]
	いい:[0.0009,0.0003,0.0014,0.0000]
	もう:[0.0000,0.0000,0.0004,0.0000]
	ちょうど:[0.0001,0.0000,0.0000,0.0000]
	祝う:[0.0003,0.0008,0.0019,0.0000]
	迎える:[0.0000,0.0006,0.0000,0.0000]
	タイミング:[0.0000,0.0000,0.0000,0.0000]
	欲しい:[0.0001,0.0000,0.0000,0.0000]
	まで:[0.0000,0.0011,0.0000,0.0101]
	喜ぶ:[0.0001,0.0002,0.0000,0.0000]
	ます:[0.0222,0.0199,0.0169,0.0211]
	楽しむ:[0.0000,0.0000,0.0000,0.0000]
	持つ:[0.0001,0.0001,0.0000,0.0009]
	さりげない:[0.0008,0.0003,0.0000,0.0000]
	行く:[0.0000,0.0000,0.0000,0.0000]
	から:[0.0045,0.0053,0.0018,0.0011]
	くれる:[0.0005,0.0001,0.0000,0.0000]
	増える:[0.0000,0.0002,0.0000,0.0000]
	あげる:[0.0006,0.0006,0.0013,0.0000]
	注意:[0.0014,0.0010,0.0006,0.0000]
	仕事:[0.0006,0.0004,0.0008,0.0000]
	これ:[0.0017,0.0014,0.0000,0.0000]
	誕生日:[0.0000,0.0025,0.0000,0.0000]
	満年齢:[0.0000,0.0009,0.0000,0.0000]
	どう:[0.0003,0.0001,0.0004,0.0000]
	体力:[0.0000,0.0000,0.0000,0.0000]
	付く:[0.0002,0.0003,0.0000,0.0000]
	特別だ:[0.0005,0.0002,0.0000,0.0000]
	られる:[0.0000,0.0017,0.0000,0.0000]
	ある:[0.0106,0.0115,0.0058,0.0064]
	最近:[0.0000,0.0001,0.0005,0.0067]
	時間:[0.0000,0.0006,0.0030,0.0000]
	かける:[0.0005,0.0005,0.0000,0.0012]
	なる:[0.0111,0.0126,0.0094,0.0022]
	ほど:[0.0031,0.0006,0.0030,0.0000]
	出る:[0.0009,0.0009,0.0012,0.0000]
	家族:[0.0005,0.0018,0.0000,0.0000]
	思う:[0.0005,0.0001,0.0008,0.0000]
	でも:[0.0021,0.0016,0.0018,0.0000]
	離れる:[0.0000,0.0000,0.0000,0.0000]
	ない:[0.0067,0.0084,0.0038,0.0027]
	使う:[0.0035,0.0023,0.0008,0.0000]
	違う:[0.0023,0.0192,0.0018,0.0000]
False-Positive

Section:5
	Ｆｌａｇ：：００００
	どんな物を贈ってあげればいいの？
	昔でこそ長寿をお祝いしていた還暦ですが、現在の還暦を迎えられる方はまだまだお若いです。
	還暦なので赤いものを取り入れたプレゼントももちろん良いですが、それにこだわらず若々しいお父さん、お母さんにお似合いの気持ちのこもったプレゼントをされる方も多くなっております。
	還暦の贈物にはみんなさんからの感謝の気持を込められるものを選んであげましょう。
	普段使う物でも、記念に残る物でもいいと思いますが、渡すときに一言「今までありがとう。これからも元気でね！」って
	声をぜひかけてあげてください。
	その時の感動がきっと贈物を見るたびに思い出されるはずです。
	ご自宅でお祝いの席を設けるのなら、大きなものでもいいと思いますが、外での会食をされるのなら、持って帰りやすいものを選ぶのも良いかもしれませんね。
	離れて暮らしていて一緒にお祝いが出来ない時には、送ることになると思いますが、できればプレゼントを持ってお顔を見せてあげるのが一番かもしれませんね。
	もし、送られる場合はメッセージカードや、お手紙を入れたり、最近の写真を送ってあげたり、お顔が見えない分を補ってあげるお心遣いがあれば良いと思います。
	贈物の到着する頃に在宅されているか確認しておいてそれから到着の頃を見計らってお電話するなどすれば、お父さんやお母さんの喜びはさらに大きくなるものと思います。
	最高の還暦祝いプレゼント
	贈り物を選ぶときに注意することは？
	ご本人にとって実は還暦になることに抵抗がある方も多いようです。
	お父さんやお母さんの若い頃には「還暦の人＝お年寄り」の感覚が強くあるのだと思います。
	ですから、あまりお年寄り扱いになるような物は避けた方がいいかもしれませんね。
Score:0.000854531789611
EACH_TAG_SCORE:
	image:0.00022719065155
	table:0.000268721422711
	graph:0.00017328011669
	flow:0.00018533959866
PARA:
Clueword:
	一言:[0.0000,0.0000,0.0000,0.0000]
	しれる:[0.0001,0.0000,0.0000,0.0000]
	できる:[0.0030,0.0048,0.0012,0.0010]
	あまり:[0.0002,0.0000,0.0000,0.0000]
	若々しい:[0.0001,0.0001,0.0000,0.0000]
	還暦:[0.0004,0.0003,0.0006,0.0000]
	たび:[0.0001,0.0001,0.0003,0.0000]
	れる:[0.0010,0.0000,0.0000,0.0000]
	なら:[0.0005,0.0002,0.0006,0.0000]
	なる:[0.0111,0.0126,0.0094,0.0022]
	本人:[0.0001,0.0000,0.0000,0.0000]
	プレゼント:[0.0003,0.0004,0.0010,0.0000]
	電話:[0.0002,0.0000,0.0000,0.0005]
	感動:[0.0000,0.0000,0.0000,0.0000]
	思う:[0.0005,0.0001,0.0008,0.0000]
	扱う:[0.0000,0.0000,0.0000,0.0000]
	長寿:[0.0001,0.0000,0.0000,0.0000]
	それ:[0.0007,0.0024,0.0005,0.0008]
	入れる:[0.0007,0.0005,0.0000,0.0000]
	みんな:[0.0000,0.0000,0.0000,0.0000]
	ぜひ:[0.0000,0.0001,0.0009,0.0000]
	残る:[0.0000,0.0000,0.0000,0.0000]
	会食:[0.0000,0.0001,0.0004,0.0000]
	出来る:[0.0001,0.0004,0.0004,0.0000]
	取り入れる:[0.0001,0.0000,0.0000,0.0000]
	大きな:[0.0026,0.0011,0.0009,0.0000]
	多い:[0.0027,0.0029,0.0156,0.0000]
	ようだ:[0.0057,0.0000,0.0000,0.0000]
	暮らす:[0.0000,0.0000,0.0000,0.0000]
	強い:[0.0008,0.0011,0.0000,0.0000]
	大きい:[0.0030,0.0018,0.0126,0.0000]
	ありがとう:[0.0000,0.0000,0.0000,0.0000]
	父さん:[0.0001,0.0000,0.0000,0.0000]
	自宅:[0.0000,0.0000,0.0000,0.0000]
	その:[0.0035,0.0019,0.0000,0.0233]
	カード:[0.0002,0.0000,0.0000,0.0000]
	良い:[0.0007,0.0006,0.0005,0.0000]
	ある:[0.0106,0.0115,0.0058,0.0064]
	最近:[0.0000,0.0001,0.0005,0.0067]
	おる:[0.0001,0.0001,0.0000,0.0000]
	かける:[0.0005,0.0005,0.0000,0.0012]
	送る:[0.0001,0.0000,0.0000,0.0000]
	でも:[0.0021,0.0016,0.0018,0.0000]
	離れる:[0.0000,0.0000,0.0000,0.0000]
	ない:[0.0067,0.0084,0.0038,0.0027]
	さん:[0.0000,0.0004,0.0013,0.0000]
	選ぶ:[0.0022,0.0015,0.0000,0.0000]
	確認:[0.0006,0.0020,0.0000,0.0000]
	見せる:[0.0000,0.0000,0.0000,0.0000]
	する:[0.0289,0.0260,0.0123,0.0269]
	いる:[0.0118,0.0087,0.0055,0.0051]
	避ける:[0.0001,0.0000,0.0000,0.0000]
	現在:[0.0007,0.0007,0.0000,0.0000]
	もし:[0.0000,0.0001,0.0014,0.0000]
	くださる:[0.0022,0.0006,0.0017,0.0039]
	気持ち:[0.0000,0.0000,0.0000,0.0000]
	一番:[0.0005,0.0014,0.0101,0.0000]
	もの:[0.0027,0.0015,0.0007,0.0022]
	実は:[0.0002,0.0001,0.0000,0.0000]
	贈物:[0.0003,0.0000,0.0000,0.0000]
	渡す:[0.0000,0.0000,0.0000,0.0000]
	メッセージ:[0.0001,0.0000,0.0000,0.0000]
	場合:[0.0060,0.0480,0.0053,0.0010]
	いい:[0.0009,0.0003,0.0014,0.0000]
	贈る:[0.0004,0.0000,0.0000,0.0000]
	祝う:[0.0003,0.0008,0.0019,0.0000]
	一緒だ:[0.0001,0.0001,0.0009,0.0000]
	写真:[0.0000,0.0000,0.0000,0.0000]
	まで:[0.0000,0.0011,0.0000,0.0101]
	喜ぶ:[0.0001,0.0002,0.0000,0.0000]
	ます:[0.0222,0.0199,0.0169,0.0211]
	持つ:[0.0001,0.0001,0.0000,0.0009]
	から:[0.0045,0.0053,0.0018,0.0011]
	とる:[0.0004,0.0004,0.0005,0.0000]
	見える:[0.0027,0.0014,0.0000,0.0000]
	あげる:[0.0006,0.0006,0.0013,0.0000]
	注意:[0.0014,0.0010,0.0006,0.0000]
	これ:[0.0017,0.0014,0.0000,0.0000]
	さらに:[0.0009,0.0008,0.0000,0.0140]
	られる:[0.0000,0.0017,0.0000,0.0000]
	補う:[0.0002,0.0002,0.0000,0.0000]
	見る:[0.0016,0.0012,0.0012,0.0000]
	思い出す:[0.0000,0.0000,0.0002,0.0000]
	おく:[0.0011,0.0015,0.0012,0.0000]
	迎える:[0.0000,0.0006,0.0000,0.0000]
	こと:[0.0066,0.0067,0.0051,0.0056]
	まだまだ:[0.0000,0.0000,0.0000,0.0000]
	やすい:[0.0055,0.0080,0.0000,0.0016]
	使う:[0.0035,0.0023,0.0008,0.0000]
	もちろん:[0.0000,0.0000,0.0000,0.0000]
False-Positive

Section:4
	Ｆｌａｇ：：０１００
	年	干支	還暦を迎える方	お祝いの日の参考
	２０１６年	丙申（ひのえさる・へいしん）	１９５６年（昭和３１年）生まれの方	２０１６年元旦から節分のころ、２０１６年のお誕生日のころ、ご家族の集まりやすい時
	２０１７年	丁酉（ひのととり・へいゆう）	１９５７年（昭和３２年）生まれの方	２０１７年元旦から節分のころ、２０１７年のお誕生日のころ、ご家族の集まりやすい時
	２０１８年	戊戌（つちのえいぬ・ぼじゅつ）	１９５８年（昭和３３年）生まれの方	２０１８年元旦から節分のころ、２０１７年のお誕生日のころ、ご家族の集まりやすい時
	２０１９年	己亥（つちのとい・きがい）	１９５９年（昭和３４年）生まれの方	２０１９年元旦から節分のころ、２０１７年のお誕生日のころ、ご家族の集まりやすい時
	２０２０年	庚子（かのえね・こうし）	１９６０年（昭和３５年）生まれの方	２０２０年元旦から節分のころ、２０１７年のお誕生日のころ、ご家族の集まりやすい時
	２０２１年	辛丑（かのとうし・しんちゅう）	１９６１年（昭和３６年）生まれの方	２０２１年元旦から節分のころ、２０１７年のお誕生日のころ、ご家族の集まりやすい時
	２０２２年	壬寅（みずのえとら・じんいん）	１９６２年（昭和３７年）生まれの方	２０２２年元旦から節分のころ、２０１７年のお誕生日のころ、ご家族の集まりやすい時
	２０２３年	癸卯（みずのとう・きぼう）	１９６３年（昭和３８年）生まれの方	２０２３年元旦から節分のころ、２０１７年のお誕生日のころ、ご家族の集まりやすい時
Score:0.000145425190517
EACH_TAG_SCORE:
	image:3.96711748901e-05
	table:7.55757480274e-05
	graph:1.87278726516e-05
	flow:1.14503949481e-05
PARA:
Clueword:
	いしん:[0.0000,0.0003,0.0000,0.0000]
	壬寅:[0.0000,0.0003,0.0000,0.0000]
	癸卯:[0.0000,0.0003,0.0000,0.0000]
	しんちゅう:[0.0000,0.0003,0.0000,0.0000]
	きぼう:[0.0000,0.0003,0.0000,0.0000]
	庚子:[0.0000,0.0003,0.0000,0.0000]
	還暦:[0.0004,0.0003,0.0006,0.0000]
	きる:[0.0001,0.0006,0.0006,0.0000]
	さる:[0.0000,0.0002,0.0000,0.0000]
	みる:[0.0003,0.0003,0.0016,0.0000]
	丙申:[0.0000,0.0003,0.0000,0.0000]
	じゅつ:[0.0000,0.0003,0.0000,0.0000]
	節分:[0.0000,0.0030,0.0000,0.0000]
	いる:[0.0118,0.0087,0.0055,0.0051]
	かの:[0.0000,0.0009,0.0000,0.0000]
	つち:[0.0000,0.0009,0.0000,0.0000]
	える:[0.0006,0.0007,0.0000,0.0000]
	ゆう:[0.0006,0.0002,0.0000,0.0000]
	ひる:[0.0008,0.0009,0.0000,0.0000]
	生まれる:[0.0000,0.0016,0.0000,0.0000]
	家族:[0.0005,0.0018,0.0000,0.0000]
	とう:[0.0000,0.0011,0.0000,0.0000]
	丁酉:[0.0000,0.0003,0.0000,0.0000]
	集まる:[0.0000,0.0022,0.0000,0.0000]
	戊戌:[0.0000,0.0003,0.0000,0.0000]
	祝う:[0.0003,0.0008,0.0019,0.0000]
	がい:[0.0000,0.0001,0.0000,0.0000]
	から:[0.0045,0.0053,0.0018,0.0011]
	とる:[0.0004,0.0004,0.0005,0.0000]
	えと:[0.0000,0.0003,0.0000,0.0000]
	ころ:[0.0000,0.0000,0.0000,0.0000]
	誕生日:[0.0000,0.0025,0.0000,0.0000]
	参考:[0.0004,0.0002,0.0000,0.0000]
	昭和:[0.0000,0.0024,0.0000,0.0000]
	干支:[0.0000,0.0003,0.0000,0.0000]
	元旦:[0.0000,0.0027,0.0000,0.0000]
	迎える:[0.0000,0.0006,0.0000,0.0000]
	こう:[0.0003,0.0001,0.0000,0.0000]
	じんいん:[0.0000,0.0003,0.0000,0.0000]
	やすい:[0.0055,0.0080,0.0000,0.0016]
True-Positive

Section:6
	Ｆｌａｇ：：１０００
	色も地味なものより少し派手な明るいものを選んであげた方が喜びますよね。
	女性の方には赤ちゃんにかえるという意味の還暦祝いですから、それを表に出さずそっとプレゼントするにはベビーリングなんかも良いかもしれませんね。
CUTOFF SECTION:Too Short

Section:7
	Ｆｌａｇ：：００００
	還暦祝いにどれくらい予算が必要ですか？
CUTOFF SECTION:Too Short

True-Negative:0
False-Positive:6
Too Short:2
True-Positive:5
False-Negative:0
precision = 0.454545
recall = 1.000000
fvalue = 0.625000