Section:16
	Ｆｌａｇ：：１０００
	始値、高値、安値、終値といった株価の動向を示す４本の値段を１本の線で表しているもののことです。
	形がローソクに似ているためこう呼ばれています。
	目先の相場展開を予想したり、相場の強弱を見るものとして使われています。
	ローソク足はチャート（値動きのグラフ）を書く場合に用いられ、相場の方向性（トレンド）を視覚的に読み取ることができます。
Score:0.00325809425983
EACH_TAG_SCORE:
	image:0.000684026147545
	table:0.000831873622616
	graph:0.00104347420003
	flow:0.000698720289634
PARA:
Clueword:
	呼ぶ:[0.0015,0.0009,0.0000,0.0015]
	場合:[0.0060,0.0480,0.0053,0.0010]
	始値:[0.0005,0.0000,0.0242,0.0000]
	いう:[0.0027,0.0019,0.0023,0.0028]
	取る:[0.0007,0.0005,0.0000,0.0000]
	書く:[0.0041,0.0026,0.0000,0.0514]
	目先:[0.0003,0.0000,0.0000,0.0000]
	動く:[0.0008,0.0007,0.0011,0.0000]
	読む:[0.0005,0.0000,0.0000,0.0000]
	できる:[0.0030,0.0048,0.0012,0.0010]
	ます:[0.0222,0.0199,0.0169,0.0211]
	値段:[0.0002,0.0008,0.0030,0.0000]
	動向:[0.0001,0.0005,0.0067,0.0000]
	れる:[0.0010,0.0000,0.0000,0.0000]
	高値:[0.0004,0.0009,0.0193,0.0000]
	相場:[0.0014,0.0029,0.0104,0.0000]
	展開:[0.0001,0.0000,0.0000,0.0000]
	用いる:[0.0005,0.0000,0.0000,0.0000]
	似る:[0.0013,0.0003,0.0010,0.0000]
	トレンド:[0.0011,0.0039,0.0135,0.0000]
	する:[0.0289,0.0260,0.0123,0.0269]
	いる:[0.0118,0.0087,0.0055,0.0051]
	られる:[0.0000,0.0017,0.0000,0.0000]
	グラフ:[0.0001,0.0000,0.0000,0.0000]
	強弱:[0.0003,0.0000,0.0000,0.0000]
	使う:[0.0035,0.0023,0.0008,0.0000]
	チャート:[0.0001,0.0001,0.0000,0.0000]
	視覚:[0.0003,0.0000,0.0000,0.0000]
	株価:[0.0028,0.0013,0.0020,0.0000]
	ため:[0.0035,0.0042,0.0007,0.0035]
	安値:[0.0004,0.0009,0.0193,0.0000]
	終値:[0.0013,0.0000,0.0302,0.0000]
	表す:[0.0007,0.0002,0.0000,0.0000]
	見る:[0.0016,0.0012,0.0012,0.0000]
	もの:[0.0027,0.0015,0.0007,0.0022]
	的だ:[0.0000,0.0017,0.0000,0.0000]
	ローソク:[0.0003,0.0000,0.0000,0.0000]
	こと:[0.0066,0.0067,0.0051,0.0056]
	示す:[0.0024,0.0002,0.0000,0.0000]
	予想:[0.0002,0.0000,0.0000,0.0000]
	方向:[0.0035,0.0002,0.0000,0.0000]
	こう:[0.0003,0.0001,0.0000,0.0000]
True-Positive

Section:5
	Ｆｌａｇ：：１０００
	１つ目は、ある企業の株価を過去と比べる場合です。
	例えば「良品計画の株価は３年前に比べて今は３倍になった＝高くなった」という意味です。
	２つ目は、２つの企業の株価を比較する場合です。
	実例を見てみましょう。
	良品計画の株価が２５０００円、ニトリが１００００円とします。
	この時、「良品計画はニトリより株価が高い」と言えます。
Score:0.00278298692339
EACH_TAG_SCORE:
	image:0.000613384290442
	table:0.000796541010376
	graph:0.000994599708833
	flow:0.00037846191374
PARA:
Clueword:
	ます:[0.0222,0.0199,0.0169,0.0211]
	いう:[0.0027,0.0019,0.0023,0.0028]
	実例:[0.0002,0.0000,0.0000,0.0000]
	場合:[0.0060,0.0480,0.0053,0.0010]
	より:[0.0047,0.0025,0.0220,0.0000]
	計画:[0.0006,0.0000,0.0000,0.0000]
	意味:[0.0008,0.0005,0.0000,0.0000]
	企業:[0.0006,0.0001,0.0000,0.0000]
	みる:[0.0003,0.0003,0.0016,0.0000]
	なる:[0.0111,0.0126,0.0094,0.0022]
	する:[0.0289,0.0260,0.0123,0.0269]
	比べる:[0.0035,0.0004,0.0420,0.0000]
	例えば:[0.0025,0.0002,0.0000,0.0000]
	高い:[0.0012,0.0012,0.0266,0.0000]
	ある:[0.0106,0.0115,0.0058,0.0064]
	言える:[0.0004,0.0001,0.0006,0.0000]
	過去:[0.0004,0.0000,0.0000,0.0000]
	良品:[0.0004,0.0000,0.0000,0.0000]
	株価:[0.0028,0.0013,0.0020,0.0000]
	見る:[0.0016,0.0012,0.0012,0.0000]
	ニトリ:[0.0002,0.0000,0.0000,0.0000]
	比較:[0.0001,0.0051,0.0195,0.0000]
	この:[0.0019,0.0018,0.0007,0.0033]
True-Positive

Section:19
	Ｆｌａｇ：：００００
	１ヶ月ごとの相場の動きを表しています。
	チャートの見方〜トレンド（方向性）の見方〜
	トレンドの基本パターン
Score:0.00261216746995
EACH_TAG_SCORE:
	image:0.000708814032983
	table:0.000637239777599
	graph:0.000746470399168
	flow:0.000519643260197
PARA:
Clueword:
	トレンド:[0.0011,0.0039,0.0135,0.0000]
	基本:[0.0022,0.0029,0.0000,0.0000]
	いる:[0.0118,0.0087,0.0055,0.0051]
	チャート:[0.0001,0.0001,0.0000,0.0000]
	見方:[0.0014,0.0000,0.0000,0.0070]
	相場:[0.0014,0.0029,0.0104,0.0000]
	ます:[0.0222,0.0199,0.0169,0.0211]
	表す:[0.0007,0.0002,0.0000,0.0000]
	動く:[0.0008,0.0007,0.0011,0.0000]
	方向:[0.0035,0.0002,0.0000,0.0000]
	パターン:[0.0000,0.0013,0.0004,0.0000]
False-Positive

Section:4
	Ｆｌａｇ：：００００
	２「株価の高低」と「株式時価総額の大小」の違い
	株価の高低とは
	私たちが「株価が高い」というとき、主に２つの意味があります。
Score:0.00259690685294
EACH_TAG_SCORE:
	image:0.000601687842406
	table:0.000779488150419
	graph:0.000799451800251
	flow:0.000416279059863
PARA:
Clueword:
	主だ:[0.0007,0.0008,0.0000,0.0000]
	いう:[0.0027,0.0019,0.0023,0.0028]
	高低:[0.0003,0.0001,0.0000,0.0000]
	意味:[0.0008,0.0005,0.0000,0.0000]
	ます:[0.0222,0.0199,0.0169,0.0211]
	大小:[0.0001,0.0000,0.0030,0.0000]
	高い:[0.0012,0.0012,0.0266,0.0000]
	ある:[0.0106,0.0115,0.0058,0.0064]
	株価:[0.0028,0.0013,0.0020,0.0000]
	総額:[0.0001,0.0001,0.0000,0.0000]
	時価:[0.0001,0.0001,0.0000,0.0000]
	株式:[0.0001,0.0004,0.0000,0.0000]
	違う:[0.0023,0.0192,0.0018,0.0000]
False-Positive

Section:12
	Ｆｌａｇ：：１０００
	始値：その日最初にいくらで株価の値がついたかを示します。
	高値：その日一番高くついた株価を示します。
	安値：その日一番安くついた株価を示します。
	終値：その日最後についた株価を示します。
	前日比：当日の終値が前日の終値から何円増減したのか示します。
	△は上昇、▲は下落、「０」は変わらずに終えたこと、「−」は売買が成立しなかったことを示します。
	売買高：１０００株単位で表記されますが、売買単位が１株、１０株、５０株の銘柄は１株単位で表記されています。
Score:0.00223621029389
EACH_TAG_SCORE:
	image:0.0004433043098
	table:0.000381379389028
	graph:0.000954280308739
	flow:0.000457246286323
PARA:
Clueword:
	始値:[0.0005,0.0000,0.0242,0.0000]
	銘柄:[0.0001,0.0001,0.0000,0.0000]
	増減:[0.0003,0.0000,0.0000,0.0000]
	安い:[0.0001,0.0005,0.0013,0.0000]
	ます:[0.0222,0.0199,0.0169,0.0211]
	終える:[0.0001,0.0000,0.0000,0.0000]
	上昇:[0.0002,0.0021,0.0176,0.0000]
	から:[0.0045,0.0053,0.0018,0.0011]
	れる:[0.0010,0.0000,0.0000,0.0000]
	高値:[0.0004,0.0009,0.0193,0.0000]
	下落:[0.0003,0.0024,0.0205,0.0000]
	変わる:[0.0006,0.0009,0.0020,0.0008]
	その:[0.0035,0.0019,0.0000,0.0233]
	前日:[0.0005,0.0000,0.0060,0.0000]
	する:[0.0289,0.0260,0.0123,0.0269]
	いくら:[0.0002,0.0000,0.0000,0.0000]
	いる:[0.0118,0.0087,0.0055,0.0051]
	最後だ:[0.0004,0.0000,0.0000,0.0202]
	高い:[0.0012,0.0012,0.0266,0.0000]
	こと:[0.0066,0.0067,0.0051,0.0056]
	株価:[0.0028,0.0013,0.0020,0.0000]
	当日:[0.0001,0.0000,0.0000,0.0000]
	単位:[0.0012,0.0000,0.0000,0.0000]
	終値:[0.0013,0.0000,0.0302,0.0000]
	つく:[0.0015,0.0008,0.0006,0.0010]
	売買:[0.0006,0.0000,0.0000,0.0000]
	一番:[0.0005,0.0014,0.0101,0.0000]
	表記:[0.0034,0.0003,0.0000,0.0000]
	最初だ:[0.0002,0.0000,0.0000,0.0000]
	示す:[0.0024,0.0002,0.0000,0.0000]
	ない:[0.0067,0.0084,0.0038,0.0027]
	成立:[0.0003,0.0000,0.0000,0.0000]
	安値:[0.0004,0.0009,0.0193,0.0000]
True-Positive

Section:7
	Ｆｌａｇ：：００１０
	具体例で見ておきましょう。
	トヨタの株価が７５００円、スズキの株価が４０００円とします。
	株価収益率はトヨタが１０倍、スズキが１７倍になっています。
	トヨタの株価はトヨタ１年分の１株純利益の１０年分、スズキは１７年分ですので、スズキのほうが投資家の人気・期待が高く割高と言えます。
Score:0.00216490174181
EACH_TAG_SCORE:
	image:0.000576382428392
	table:0.0005165699063
	graph:0.000697748313978
	flow:0.00037420109314
PARA:
Clueword:
	おく:[0.0011,0.0015,0.0012,0.0000]
	期待:[0.0001,0.0002,0.0007,0.0000]
	スズキ:[0.0000,0.0000,0.0032,0.0000]
	ます:[0.0222,0.0199,0.0169,0.0211]
	収益:[0.0000,0.0001,0.0065,0.0000]
	トヨタ:[0.0000,0.0000,0.0019,0.0000]
	なる:[0.0111,0.0126,0.0094,0.0022]
	投資:[0.0017,0.0002,0.0007,0.0000]
	人気:[0.0002,0.0000,0.0008,0.0000]
	する:[0.0289,0.0260,0.0123,0.0269]
	いる:[0.0118,0.0087,0.0055,0.0051]
	高い:[0.0012,0.0012,0.0266,0.0000]
	言える:[0.0004,0.0001,0.0006,0.0000]
	割高だ:[0.0003,0.0034,0.0124,0.0000]
	株価:[0.0028,0.0013,0.0020,0.0000]
	見る:[0.0016,0.0012,0.0012,0.0000]
	利益:[0.0000,0.0000,0.0005,0.0000]
	具体:[0.0000,0.0000,0.0002,0.0000]
	ほう:[0.0019,0.0002,0.0007,0.0000]
True-Positive

Section:17
	Ｆｌａｇ：：００００
	ローソク足が表すこと
	ローソク足が理解できれば、見るだけで、その日の株価の値動きを把握することができます。
	下図は代表的なローソク足を紹介した図です。
	足の長さや、実体（本体）の色、大きさで呼び名も、線の性質も違うことが分かります。
	＜基礎編＞
	＜応用編＞
	※代表的なローソク足を紹介していますが、この見方が絶対的に正しいというものではありません。
	これらの線は安値圏で出るか、中値で出るか、高値圏で出るかによって大きく意味は異なってきます。
	過去の値動きを基に統計的に、そうなりやすいという一つの考え方としてご活用ください。
	ローソク足の種類
Score:0.00201935467051
EACH_TAG_SCORE:
	image:0.000516599358579
	table:0.000637039663389
	graph:0.000459881614339
	flow:0.0004058340342
PARA:
Clueword:
	ローソク:[0.0003,0.0000,0.0000,0.0000]
	よる:[0.0034,0.0041,0.0016,0.0000]
	統計:[0.0000,0.0000,0.0000,0.0000]
	意味:[0.0008,0.0005,0.0000,0.0000]
	絶対:[0.0001,0.0000,0.0000,0.0000]
	できる:[0.0030,0.0048,0.0012,0.0010]
	株価:[0.0028,0.0013,0.0020,0.0000]
	いう:[0.0027,0.0019,0.0023,0.0028]
	活用:[0.0000,0.0003,0.0000,0.0000]
	なる:[0.0111,0.0126,0.0094,0.0022]
	する:[0.0289,0.0260,0.0123,0.0269]
	分かる:[0.0005,0.0007,0.0000,0.0000]
	いる:[0.0118,0.0087,0.0055,0.0051]
	こと:[0.0066,0.0067,0.0051,0.0056]
	この:[0.0019,0.0018,0.0007,0.0033]
	種類:[0.0008,0.0317,0.0019,0.0000]
	くださる:[0.0022,0.0006,0.0017,0.0039]
	見方:[0.0014,0.0000,0.0000,0.0070]
	性質:[0.0000,0.0000,0.0000,0.0000]
	基礎:[0.0000,0.0000,0.0000,0.0000]
	表す:[0.0007,0.0002,0.0000,0.0000]
	見る:[0.0016,0.0012,0.0012,0.0000]
	もの:[0.0027,0.0015,0.0007,0.0022]
	理解:[0.0004,0.0001,0.0000,0.0000]
	正しい:[0.0001,0.0000,0.0000,0.0000]
	代表:[0.0000,0.0008,0.0000,0.0000]
	ます:[0.0222,0.0199,0.0169,0.0211]
	紹介:[0.0006,0.0003,0.0000,0.0000]
	くる:[0.0034,0.0012,0.0012,0.0010]
	異なる:[0.0015,0.0006,0.0000,0.0000]
	動く:[0.0008,0.0007,0.0011,0.0000]
	高値:[0.0004,0.0009,0.0193,0.0000]
	大きい:[0.0030,0.0018,0.0126,0.0000]
	これ:[0.0017,0.0014,0.0000,0.0000]
	その:[0.0035,0.0019,0.0000,0.0233]
	考える:[0.0006,0.0008,0.0015,0.0000]
	ある:[0.0106,0.0115,0.0058,0.0064]
	過去:[0.0004,0.0000,0.0000,0.0000]
	本体:[0.0004,0.0001,0.0000,0.0000]
	長い:[0.0022,0.0006,0.0015,0.0000]
	そう:[0.0003,0.0002,0.0010,0.0000]
	出る:[0.0009,0.0009,0.0012,0.0000]
	的だ:[0.0000,0.0017,0.0000,0.0000]
	安値:[0.0004,0.0009,0.0193,0.0000]
	やすい:[0.0055,0.0080,0.0000,0.0016]
	違う:[0.0023,0.0192,0.0018,0.0000]
	把握:[0.0001,0.0001,0.0000,0.0000]
False-Positive

Section:11
	Ｆｌａｇ：：１０００
	銘柄名は業種ごと、証券コード（各企業ごとに割り振られた４ケタの番号です）ごとに並んでいます。
	名称は略語が使われます。
	典型的な例は、
	ＨＤ＝ホールディングス
	紙＝製紙
	洋＝東洋
	東＝東京
	日＝日本
	建＝建設
	です。
Score:0.00189865362812
EACH_TAG_SCORE:
	image:0.000622343067104
	table:0.000514594581284
	graph:0.000303126734794
	flow:0.00045858924494
PARA:
Clueword:
	並ぶ:[0.0005,0.0002,0.0000,0.0000]
	建設:[0.0001,0.0000,0.0000,0.0000]
	銘柄:[0.0001,0.0001,0.0000,0.0000]
	名称:[0.0003,0.0001,0.0000,0.0000]
	東洋:[0.0003,0.0000,0.0000,0.0000]
	ます:[0.0222,0.0199,0.0169,0.0211]
	業種:[0.0000,0.0000,0.0000,0.0000]
	製紙:[0.0003,0.0000,0.0000,0.0000]
	れる:[0.0010,0.0000,0.0000,0.0000]
	ケタ:[0.0003,0.0000,0.0000,0.0000]
	日本:[0.0007,0.0005,0.0000,0.0000]
	する:[0.0289,0.0260,0.0123,0.0269]
	いる:[0.0118,0.0087,0.0055,0.0051]
	典型:[0.0002,0.0000,0.0000,0.0000]
	番号:[0.0002,0.0000,0.0000,0.0005]
	企業:[0.0006,0.0001,0.0000,0.0000]
	証券:[0.0001,0.0005,0.0000,0.0000]
	東京:[0.0002,0.0000,0.0000,0.0000]
	コード:[0.0008,0.0000,0.0000,0.0000]
	的だ:[0.0000,0.0017,0.0000,0.0000]
	略語:[0.0001,0.0000,0.0000,0.0000]
	ホールディングス:[0.0003,0.0000,0.0000,0.0000]
	使う:[0.0035,0.0023,0.0008,0.0000]
	割り振る:[0.0003,0.0000,0.0000,0.0000]
True-Positive

Section:3
	Ｆｌａｇ：：１０００
	株価とは、一株当たりの価格のことです。
	市場で売り手と買い手が取引のたびに合意した価格です。
	株価はその企業の現在から将来にわたる見通しを反映しています。
	その見通しは投資家の間で刻々と変化していきますので、株価もこれに連動して常に変動します。
	ここが株価の見方を難しくしているのですが、原理はリンゴ１個、ミカン１個の価格と同じです。
Score:0.00187716632673
EACH_TAG_SCORE:
	image:0.000547270198246
	table:0.000434854467872
	graph:0.000302546582933
	flow:0.000592495077678
PARA:
Clueword:
	反映:[0.0002,0.0000,0.0000,0.0000]
	いく:[0.0006,0.0001,0.0005,0.0008]
	たび:[0.0001,0.0001,0.0003,0.0000]
	同じだ:[0.0027,0.0010,0.0000,0.0011]
	変動:[0.0002,0.0000,0.0075,0.0000]
	合意:[0.0003,0.0000,0.0000,0.0000]
	見通す:[0.0006,0.0000,0.0000,0.0000]
	原理:[0.0001,0.0000,0.0000,0.0000]
	価格:[0.0005,0.0000,0.0000,0.0000]
	わたる:[0.0002,0.0007,0.0000,0.0000]
	ます:[0.0222,0.0199,0.0169,0.0211]
	から:[0.0045,0.0053,0.0018,0.0011]
	企業:[0.0006,0.0001,0.0000,0.0000]
	リンゴ:[0.0000,0.0000,0.0000,0.0000]
	市場:[0.0001,0.0001,0.0000,0.0000]
	これ:[0.0017,0.0014,0.0000,0.0000]
	投資:[0.0017,0.0002,0.0007,0.0000]
	その:[0.0035,0.0019,0.0000,0.0233]
	常に:[0.0004,0.0000,0.0000,0.0000]
	する:[0.0289,0.0260,0.0123,0.0269]
	いる:[0.0118,0.0087,0.0055,0.0051]
	変化:[0.0008,0.0009,0.0000,0.0000]
	現在:[0.0007,0.0007,0.0000,0.0000]
	こと:[0.0066,0.0067,0.0051,0.0056]
	見方:[0.0014,0.0000,0.0000,0.0070]
	売り手:[0.0003,0.0000,0.0000,0.0000]
	株価:[0.0028,0.0013,0.0020,0.0000]
	ここ:[0.0004,0.0001,0.0000,0.0111]
	買い手:[0.0002,0.0000,0.0000,0.0000]
	ミカン:[0.0000,0.0000,0.0000,0.0000]
	将来:[0.0001,0.0000,0.0000,0.0000]
	刻々:[0.0003,0.0000,0.0000,0.0000]
	難しい:[0.0006,0.0004,0.0000,0.0000]
	連動:[0.0001,0.0000,0.0000,0.0000]
	取引:[0.0002,0.0000,0.0000,0.0000]
True-Positive

Section:10
	Ｆｌａｇ：：００００
	日々の株価情報欄は株式投資をする方には必見です。
	ここでは必ず押さえておくべき点を解説します。
	銘柄：
	銘柄名が無印の場合以外に、Ａ、ａ、・などの記号があります。
	これは売買単位（取引において何株をまとめて売買するのか）を示します。
	無印とｋは１０００株、Ａとａは１００株、Ｂは１株、Ｃは１０株、Ｄは５０株、Ｅは５００株などとなっています。
	また・は貸借銘柄（たいしゃくめいがら）を示します。
	貸借銘柄とは制度信用取引で空売りが可能な銘柄のことですが、株を始めて間もない方がすぐに知っておく必要のある内容ではありません。
Score:0.00168322084055
EACH_TAG_SCORE:
	image:0.000466143965426
	table:0.00060742988891
	graph:0.000272910602916
	flow:0.000336736383297
PARA:
Clueword:
	銘柄:[0.0001,0.0001,0.0000,0.0000]
	おく:[0.0011,0.0015,0.0012,0.0000]
	取引:[0.0002,0.0000,0.0000,0.0000]
	信用:[0.0000,0.0000,0.0000,0.0000]
	なる:[0.0111,0.0126,0.0094,0.0022]
	情報:[0.0003,0.0013,0.0000,0.0009]
	する:[0.0289,0.0260,0.0123,0.0269]
	いる:[0.0118,0.0087,0.0055,0.0051]
	単位:[0.0012,0.0000,0.0000,0.0000]
	必要だ:[0.0020,0.0039,0.0006,0.0010]
	こと:[0.0066,0.0067,0.0051,0.0056]
	必ず:[0.0001,0.0005,0.0004,0.0000]
	株価:[0.0028,0.0013,0.0020,0.0000]
	知る:[0.0000,0.0007,0.0000,0.0007]
	日々:[0.0001,0.0001,0.0000,0.0000]
	まとめる:[0.0000,0.0001,0.0004,0.0000]
	ここ:[0.0004,0.0001,0.0000,0.0111]
	示す:[0.0024,0.0002,0.0000,0.0000]
	以外:[0.0000,0.0000,0.0000,0.0000]
	場合:[0.0060,0.0480,0.0053,0.0010]
	すぐ:[0.0005,0.0009,0.0000,0.0000]
	ます:[0.0222,0.0199,0.0169,0.0211]
	制度:[0.0000,0.0000,0.0000,0.0000]
	また:[0.0027,0.0020,0.0021,0.0036]
	解説:[0.0000,0.0000,0.0000,0.0000]
	可能だ:[0.0008,0.0012,0.0012,0.0000]
	これ:[0.0017,0.0014,0.0000,0.0000]
	投資:[0.0017,0.0002,0.0007,0.0000]
	押さえる:[0.0001,0.0000,0.0000,0.0000]
	ある:[0.0106,0.0115,0.0058,0.0064]
	売買:[0.0006,0.0000,0.0000,0.0000]
	始める:[0.0003,0.0007,0.0000,0.0000]
	株式:[0.0001,0.0004,0.0000,0.0000]
	内容:[0.0010,0.0033,0.0000,0.0011]
	ない:[0.0067,0.0084,0.0038,0.0027]
False-Positive

Section:20
	Ｆｌａｇ：：０１１０
	トレンドのパターンは３種類あります。
	右肩上がりの上昇トレンド（ＢＵＬＬ）、右肩下がりの下落トレンド（ＢＥＡＲ）、上昇下落でいったりきたりのもみ合い（ＮＥＵＴＲＡＬ）があります。
	上昇トレンド
	高値は前の高値よりも高く、安値も前の安値よりも高い。
	一旦このような動きが出ると、長く続き、当初は想像もしなかったような値段まで上昇することがあります。
	下落トレンド
	高値は前の高値よりも安く、安値も前の安値よりも安い。
	一旦このような動きが出ると、長く続き、当初は想像もしなかったような値段まで下落することがあります。
	上昇トレンドが下落トレンドに変わる時
	上昇トレンド中に安値が、前回の重要な安値を割り込んだとき、トレンドが変わる可能性が考えられます。
	下落トレンドが上昇トレンドに変わる時
	下落トレンド中に高値が、前回の重要な高値を上抜けたとき、トレンドが変わる可能性が考えられます。
Score:0.00135961331698
EACH_TAG_SCORE:
	image:0.00025235157026
	table:0.000345090406078
	graph:0.000571184158539
	flow:0.000190987182103
PARA:
Clueword:
	このような:[0.0002,0.0011,0.0018,0.0000]
	より:[0.0047,0.0025,0.0220,0.0000]
	重要だ:[0.0007,0.0009,0.0012,0.0000]
	続く:[0.0007,0.0012,0.0031,0.0000]
	み合う:[0.0000,0.0003,0.0012,0.0000]
	安い:[0.0001,0.0005,0.0013,0.0000]
	当初:[0.0000,0.0005,0.0014,0.0000]
	きる:[0.0001,0.0006,0.0006,0.0000]
	トレンド:[0.0011,0.0039,0.0135,0.0000]
	する:[0.0289,0.0260,0.0123,0.0269]
	抜ける:[0.0000,0.0003,0.0012,0.0000]
	下がる:[0.0000,0.0002,0.0049,0.0000]
	こと:[0.0066,0.0067,0.0051,0.0056]
	種類:[0.0008,0.0317,0.0019,0.0000]
	下落:[0.0003,0.0024,0.0205,0.0000]
	割る:[0.0000,0.0002,0.0007,0.0000]
	動く:[0.0008,0.0007,0.0011,0.0000]
	肩上がり:[0.0000,0.0003,0.0072,0.0000]
	変わる:[0.0006,0.0009,0.0020,0.0008]
	ようだ:[0.0057,0.0000,0.0000,0.0000]
	前回:[0.0000,0.0006,0.0016,0.0000]
	安値:[0.0004,0.0009,0.0193,0.0000]
	いう:[0.0027,0.0019,0.0023,0.0028]
	上昇:[0.0002,0.0021,0.0176,0.0000]
	まで:[0.0000,0.0011,0.0000,0.0101]
	ます:[0.0222,0.0199,0.0169,0.0211]
	高値:[0.0004,0.0009,0.0193,0.0000]
	可能だ:[0.0008,0.0012,0.0012,0.0000]
	込む:[0.0007,0.0009,0.0008,0.0000]
	考える:[0.0006,0.0008,0.0015,0.0000]
	られる:[0.0000,0.0017,0.0000,0.0000]
	高い:[0.0012,0.0012,0.0266,0.0000]
	ある:[0.0106,0.0115,0.0058,0.0064]
	想像:[0.0000,0.0004,0.0019,0.0000]
	値段:[0.0002,0.0008,0.0030,0.0000]
	長い:[0.0022,0.0006,0.0015,0.0000]
	一旦:[0.0000,0.0004,0.0010,0.0000]
	出る:[0.0009,0.0009,0.0012,0.0000]
	ない:[0.0067,0.0084,0.0038,0.0027]
	パターン:[0.0000,0.0013,0.0004,0.0000]
True-Positive

Section:14
	Ｆｌａｇ：：０１００
	インターネットの株価欄の活用法
	インターネットサイトの利点は、今現在の株価がすぐに分かることに加えて、以下の３つがあります。
	●タイムリーな株価に基づいて、株式時価総額、株価収益率、株価純資産倍率が自動計算されている
	●タイムリーな株価に基づいてさまざまなチャートを自由に利用できる
	●銘柄に関連するニュースをすばやく知ることができる
	株式市場を俯瞰的に見るには新聞にも利点がありますが、既に気になる銘柄があって、それを追いかけるならインターネットの株価欄はお勧めです。
	ちなみに、多くのサイトでは無料で利用できるサービスだけでも株式投資で必要なほとんどの情報をカバーできます。
	より詳しい情報を知りたい方には、証券会社のインターネットサイトがおすすめです。
	＞＞株初心者向けの証券会社は？
Score:0.00126477650984
EACH_TAG_SCORE:
	image:0.000354553104725
	table:0.000373744020607
	graph:0.000316073104907
	flow:0.000220406279599
PARA:
Clueword:
	あう:[0.0001,0.0003,0.0000,0.0000]
	詳しい:[0.0003,0.0004,0.0000,0.0000]
	かける:[0.0005,0.0005,0.0000,0.0012]
	銘柄:[0.0001,0.0001,0.0000,0.0000]
	ニュース:[0.0000,0.0002,0.0000,0.0000]
	より:[0.0047,0.0025,0.0220,0.0000]
	利用:[0.0006,0.0013,0.0000,0.0000]
	ちなみに:[0.0000,0.0002,0.0000,0.0000]
	できる:[0.0030,0.0048,0.0012,0.0010]
	収益:[0.0000,0.0001,0.0065,0.0000]
	れる:[0.0010,0.0000,0.0000,0.0000]
	なら:[0.0005,0.0002,0.0006,0.0000]
	なる:[0.0111,0.0126,0.0094,0.0022]
	情報:[0.0003,0.0013,0.0000,0.0009]
	する:[0.0289,0.0260,0.0123,0.0269]
	分かる:[0.0005,0.0007,0.0000,0.0000]
	いる:[0.0118,0.0087,0.0055,0.0051]
	関連:[0.0000,0.0001,0.0000,0.0000]
	カバー:[0.0000,0.0003,0.0000,0.0000]
	新聞:[0.0000,0.0000,0.0000,0.0000]
	既に:[0.0000,0.0000,0.0000,0.0000]
	現在:[0.0007,0.0007,0.0000,0.0000]
	こと:[0.0066,0.0067,0.0051,0.0056]
	証券:[0.0001,0.0005,0.0000,0.0000]
	それ:[0.0007,0.0024,0.0005,0.0008]
	株価:[0.0028,0.0013,0.0020,0.0000]
	倍率:[0.0000,0.0001,0.0091,0.0000]
	ほとんど:[0.0006,0.0006,0.0060,0.0000]
	知る:[0.0000,0.0007,0.0000,0.0007]
	以下:[0.0055,0.0005,0.0000,0.0012]
	見る:[0.0016,0.0012,0.0012,0.0000]
	すすめる:[0.0002,0.0009,0.0000,0.0000]
	加える:[0.0000,0.0002,0.0000,0.0000]
	利点:[0.0000,0.0040,0.0000,0.0000]
	多く:[0.0000,0.0034,0.0040,0.0000]
	計算:[0.0000,0.0001,0.0000,0.0000]
	自由だ:[0.0000,0.0004,0.0005,0.0000]
	的だ:[0.0000,0.0017,0.0000,0.0000]
	すぐ:[0.0005,0.0009,0.0000,0.0000]
	ます:[0.0222,0.0199,0.0169,0.0211]
	たい:[0.0004,0.0005,0.0006,0.0000]
	基づく:[0.0000,0.0009,0.0000,0.0000]
	市場:[0.0001,0.0001,0.0000,0.0000]
	追う:[0.0000,0.0001,0.0000,0.0000]
	資産:[0.0000,0.0001,0.0000,0.0000]
	必要だ:[0.0020,0.0039,0.0006,0.0010]
	無料:[0.0009,0.0002,0.0000,0.0000]
	投資:[0.0017,0.0002,0.0007,0.0000]
	俯瞰:[0.0000,0.0002,0.0000,0.0000]
	会社:[0.0000,0.0007,0.0000,0.0000]
	ある:[0.0106,0.0115,0.0058,0.0064]
	インターネット:[0.0004,0.0015,0.0000,0.0000]
	サービス:[0.0012,0.0007,0.0000,0.0030]
	勧める:[0.0009,0.0010,0.0000,0.0000]
	初心:[0.0000,0.0001,0.0000,0.0009]
	チャート:[0.0001,0.0001,0.0000,0.0000]
	活用:[0.0000,0.0003,0.0000,0.0000]
	すばやい:[0.0000,0.0003,0.0000,0.0000]
	総額:[0.0001,0.0001,0.0000,0.0000]
	時価:[0.0001,0.0001,0.0000,0.0000]
	さまざまだ:[0.0000,0.0001,0.0000,0.0000]
	自動:[0.0001,0.0001,0.0000,0.0000]
	株式:[0.0001,0.0004,0.0000,0.0000]
	でも:[0.0021,0.0016,0.0018,0.0000]
	サイト:[0.0002,0.0011,0.0000,0.0000]
True-Positive

Section:18
	Ｆｌａｇ：：１０００
	ローソク足には日足、週足、月足などがあります。
	短期のトレンドを見るには日足（ひあし）、中期には週足（しゅうあし）、長期には月足（つきあし）が向いていると考えられます。
	（例）日経平均日足（ひあし）週足（しゅうあし）
	日々の相場の動きを表しています。
	短期の相場の方向性（トレンド）の判断に用います。
	１週間（通常は月曜日の寄付から金曜日の終値まで）ごとの相場の動きを表しています。
	月足（つきあし）
Score:0.00126016918526
EACH_TAG_SCORE:
	image:0.000326748610578
	table:0.000299377882148
	graph:0.00042090378696
	flow:0.000213138905574
PARA:
Clueword:
	しゅう:[0.0003,0.0000,0.0000,0.0000]
	ローソク:[0.0003,0.0000,0.0000,0.0000]
	短期:[0.0006,0.0000,0.0000,0.0000]
	まで:[0.0000,0.0011,0.0000,0.0101]
	ます:[0.0222,0.0199,0.0169,0.0211]
	月曜日:[0.0003,0.0000,0.0000,0.0000]
	動く:[0.0008,0.0007,0.0011,0.0000]
	あしい:[0.0013,0.0000,0.0000,0.0000]
	長期:[0.0002,0.0000,0.0000,0.0000]
	用いる:[0.0005,0.0000,0.0000,0.0000]
	向く:[0.0006,0.0008,0.0000,0.0000]
	トレンド:[0.0011,0.0039,0.0135,0.0000]
	週間:[0.0001,0.0004,0.0000,0.0000]
	判断:[0.0008,0.0011,0.0000,0.0000]
	いる:[0.0118,0.0087,0.0055,0.0051]
	日経:[0.0000,0.0002,0.0000,0.0000]
	られる:[0.0000,0.0017,0.0000,0.0000]
	考える:[0.0006,0.0008,0.0015,0.0000]
	ある:[0.0106,0.0115,0.0058,0.0064]
	中期:[0.0003,0.0000,0.0000,0.0000]
	平均:[0.0000,0.0003,0.0000,0.0000]
	相場:[0.0014,0.0029,0.0104,0.0000]
	ひる:[0.0008,0.0009,0.0000,0.0000]
	終値:[0.0013,0.0000,0.0302,0.0000]
	つく:[0.0015,0.0008,0.0006,0.0010]
	表す:[0.0007,0.0002,0.0000,0.0000]
	見る:[0.0016,0.0012,0.0012,0.0000]
	金曜日:[0.0003,0.0000,0.0000,0.0000]
	日々:[0.0001,0.0001,0.0000,0.0000]
	通常:[0.0002,0.0002,0.0000,0.0000]
	方向:[0.0035,0.0002,0.0000,0.0000]
	から:[0.0045,0.0053,0.0018,0.0011]
	寄付:[0.0003,0.0000,0.0000,0.0000]
True-Positive

Section:15
	Ｆｌａｇ：：００００
	５まとめ
	いかがでしたか。
	株価は市場が提供するとても重要な情報ですが、よりよく活用するにはもう少し踏み込んで理解する必要があります。
	そのためには次の３つをしっかり押さえておきましょう。
	●会社の株主の価値の合計である株式時価総額を理解する
	●株価の高・低と、株価が割高・割安であることは別にして考える
	●株価の割高・割安は、以下の２面からチェックする
	？過去の株価の水準と比べて現在の株価の位置はどこにあるのか、という考え方で割高・割安を判断する
	？株価収益率（ＰＥＲ）や株価純資産倍率（ＰＢＲ）を手掛かりに、株価が割高か割安かを考える。
	特に、同業他社との比較は重要。
	上記の３点を頭に入れた上で、新聞やインターネットの株式欄をチェックする習慣をつけてください。
	株式欄をチェックする際のおすすめは、新高値・新安値の銘柄をフォローすることです。
	市場の評価を上げている銘柄、あるいは下げている銘柄を定期的に見ることで、さまざまな株価の動きをより深く理解できるようになります。
	株価チャートとは？
	チャートとは１日、１週間、１ヶ月といった期間の株価をグラフ化して見やすくしたものです。
	ただ、株価を見ただけでは、安いか、高いかを判断できません。
	そんなときに参考として用いられます。
	また、相場のトレンドや過熱状態等を捉えるために活用することもできます。
	株価チャートの基本〜ローソク足〜
	ローソク足とは
Score:0.00123818199163
EACH_TAG_SCORE:
	image:0.000278792670445
	table:0.000284367445392
	graph:0.000489937782595
	flow:0.000185084093195
PARA:
Clueword:
	あるいは:[0.0000,0.0000,0.0000,0.0000]
	水準:[0.0001,0.0000,0.0000,0.0006]
	期間:[0.0000,0.0001,0.0060,0.0000]
	銘柄:[0.0001,0.0001,0.0000,0.0000]
	ローソク:[0.0003,0.0000,0.0000,0.0000]
	より:[0.0047,0.0025,0.0220,0.0000]
	重要だ:[0.0007,0.0009,0.0012,0.0000]
	合計:[0.0000,0.0000,0.0000,0.0000]
	おく:[0.0011,0.0015,0.0012,0.0000]
	上記:[0.0033,0.0001,0.0000,0.0000]
	安い:[0.0001,0.0005,0.0013,0.0000]
	できる:[0.0030,0.0048,0.0012,0.0010]
	収益:[0.0000,0.0001,0.0065,0.0000]
	活用:[0.0000,0.0003,0.0000,0.0000]
	状態:[0.0011,0.0097,0.0000,0.0000]
	捉える:[0.0000,0.0000,0.0000,0.0000]
	さまざまだ:[0.0000,0.0001,0.0000,0.0000]
	よい:[0.0009,0.0012,0.0013,0.0000]
	なる:[0.0111,0.0126,0.0094,0.0022]
	情報:[0.0003,0.0013,0.0000,0.0009]
	ある:[0.0106,0.0115,0.0058,0.0064]
	トレンド:[0.0011,0.0039,0.0135,0.0000]
	する:[0.0289,0.0260,0.0123,0.0269]
	いる:[0.0118,0.0087,0.0055,0.0051]
	必要だ:[0.0020,0.0039,0.0006,0.0010]
	新聞:[0.0000,0.0000,0.0000,0.0000]
	別だ:[0.0000,0.0000,0.0000,0.0000]
	現在:[0.0007,0.0007,0.0000,0.0000]
	こと:[0.0066,0.0067,0.0051,0.0056]
	すすめる:[0.0002,0.0009,0.0000,0.0000]
	くださる:[0.0022,0.0006,0.0017,0.0039]
	グラフ:[0.0001,0.0000,0.0000,0.0000]
	株価:[0.0028,0.0013,0.0020,0.0000]
	しっかり:[0.0000,0.0000,0.0000,0.0000]
	倍率:[0.0000,0.0001,0.0091,0.0000]
	以下:[0.0055,0.0005,0.0000,0.0012]
	見る:[0.0016,0.0012,0.0012,0.0000]
	まとめる:[0.0000,0.0001,0.0004,0.0000]
	動く:[0.0008,0.0007,0.0011,0.0000]
	ただ:[0.0000,0.0000,0.0000,0.0000]
	ようだ:[0.0057,0.0000,0.0000,0.0000]
	つける:[0.0009,0.0009,0.0000,0.0000]
	相場:[0.0014,0.0029,0.0104,0.0000]
	比較:[0.0001,0.0051,0.0195,0.0000]
	基本:[0.0022,0.0029,0.0000,0.0000]
	特に:[0.0000,0.0005,0.0000,0.0000]
	価値:[0.0000,0.0000,0.0000,0.0000]
	入れる:[0.0007,0.0005,0.0000,0.0000]
	いう:[0.0027,0.0019,0.0023,0.0028]
	もう:[0.0000,0.0000,0.0004,0.0000]
	参考:[0.0004,0.0002,0.0000,0.0000]
	的だ:[0.0000,0.0017,0.0000,0.0000]
	習慣:[0.0000,0.0000,0.0000,0.0000]
	ます:[0.0222,0.0199,0.0169,0.0211]
	とても:[0.0000,0.0000,0.0000,0.0000]
	そんな:[0.0002,0.0001,0.0005,0.0000]
	から:[0.0045,0.0053,0.0018,0.0011]
	比べる:[0.0035,0.0004,0.0420,0.0000]
	高値:[0.0004,0.0009,0.0193,0.0000]
	市場:[0.0001,0.0001,0.0000,0.0000]
	理解:[0.0004,0.0001,0.0000,0.0000]
	資産:[0.0000,0.0001,0.0000,0.0000]
	位置:[0.0027,0.0000,0.0000,0.0000]
	その:[0.0035,0.0019,0.0000,0.0233]
	割安だ:[0.0002,0.0034,0.0121,0.0000]
	高い:[0.0012,0.0012,0.0266,0.0000]
	週間:[0.0001,0.0004,0.0000,0.0000]
	判断:[0.0008,0.0011,0.0000,0.0000]
	割高だ:[0.0003,0.0034,0.0124,0.0000]
	考える:[0.0006,0.0008,0.0015,0.0000]
	られる:[0.0000,0.0017,0.0000,0.0000]
	押さえる:[0.0001,0.0000,0.0000,0.0000]
	定期:[0.0000,0.0001,0.0000,0.0000]
	インターネット:[0.0004,0.0015,0.0000,0.0000]
	過去:[0.0004,0.0000,0.0000,0.0000]
	深い:[0.0000,0.0000,0.0000,0.0000]
	チャート:[0.0001,0.0001,0.0000,0.0000]
	ため:[0.0035,0.0042,0.0007,0.0035]
	安値:[0.0004,0.0009,0.0193,0.0000]
	総額:[0.0001,0.0001,0.0000,0.0000]
	用いる:[0.0005,0.0000,0.0000,0.0000]
	時価:[0.0001,0.0001,0.0000,0.0000]
	チェック:[0.0014,0.0013,0.0010,0.0000]
	下げる:[0.0000,0.0000,0.0000,0.0000]
	提供:[0.0000,0.0001,0.0000,0.0000]
	また:[0.0027,0.0020,0.0021,0.0036]
	上げる:[0.0001,0.0000,0.0000,0.0000]
	もの:[0.0027,0.0015,0.0007,0.0022]
	会社:[0.0000,0.0007,0.0000,0.0000]
	株式:[0.0001,0.0004,0.0000,0.0000]
	どこ:[0.0005,0.0000,0.0000,0.0000]
False-Positive

Section:1
	Ｆｌａｇ：：１０００
	株価の見方は難しいと感じることはありませんか。
	株式を始めたばかりの方だけではありません。
	投資経験を積んできた方も、時として直面する投資家共通の悩みです。
	実は株価の見方は非常に単純で、株価が割高か割安かさえ押さえれば判断を誤ることがありません。
	株価の見方で迷っている投資家の方は、いつの間にかこの基本を忘れてしまっているケースがほとんどです。
	そんな時は、今の株価が割安なのか割高なのか、なるべくシンプルに整理することが投資で成功する近道です。
	これまで見てきた成功した投資家の多くも、要所要所でこうアプローチしてきました。
	私の長年の投資経験からも同じ結論になります。
	そこで、株価を正しく見る視点、株価の意味と情報の読み取り方を身につけて、適切な投資判断につなげていきましょう。
	ざっくりいうと
	「株価の高低」と「時価総額の大小」の違いを明確に理解できるようになることが投資家への第一歩です。
	「株価の高低」と「株価の割高・割安」の違いをおさえることが、投資判断をする上でこの上なく重要です。
Score:0.0011887652398
EACH_TAG_SCORE:
	image:0.000343529894515
	table:0.000368477113681
	graph:0.000250202574808
	flow:0.000226555656797
PARA:
Clueword:
	要所:[0.0008,0.0000,0.0000,0.0000]
	非常だ:[0.0013,0.0015,0.0000,0.0000]
	感じる:[0.0010,0.0009,0.0006,0.0000]
	重要だ:[0.0007,0.0009,0.0012,0.0000]
	同じだ:[0.0027,0.0010,0.0000,0.0011]
	意味:[0.0008,0.0005,0.0000,0.0000]
	経験:[0.0004,0.0000,0.0000,0.0031]
	結論:[0.0005,0.0000,0.0000,0.0000]
	積む:[0.0002,0.0000,0.0000,0.0000]
	明確だ:[0.0008,0.0000,0.0000,0.0000]
	しまう:[0.0014,0.0011,0.0016,0.0009]
	時として:[0.0003,0.0000,0.0000,0.0000]
	なる:[0.0111,0.0126,0.0094,0.0022]
	共通だ:[0.0002,0.0000,0.0000,0.0000]
	悩む:[0.0001,0.0000,0.0000,0.0000]
	情報:[0.0003,0.0013,0.0000,0.0009]
	つける:[0.0009,0.0009,0.0000,0.0000]
	基本:[0.0022,0.0029,0.0000,0.0000]
	する:[0.0289,0.0260,0.0123,0.0269]
	いる:[0.0118,0.0087,0.0055,0.0051]
	こと:[0.0066,0.0067,0.0051,0.0056]
	この:[0.0019,0.0018,0.0007,0.0033]
	なるべく:[0.0001,0.0000,0.0000,0.0000]
	整理:[0.0002,0.0000,0.0000,0.0000]
	シンプルだ:[0.0010,0.0009,0.0000,0.0000]
	見方:[0.0014,0.0000,0.0000,0.0070]
	株価:[0.0028,0.0013,0.0020,0.0000]
	誤る:[0.0001,0.0000,0.0000,0.0000]
	迷う:[0.0001,0.0000,0.0000,0.0000]
	近道:[0.0001,0.0000,0.0000,0.0000]
	ほとんど:[0.0006,0.0006,0.0060,0.0000]
	見る:[0.0016,0.0012,0.0012,0.0000]
	実は:[0.0002,0.0001,0.0000,0.0000]
	ようだ:[0.0057,0.0000,0.0000,0.0000]
	こう:[0.0003,0.0001,0.0000,0.0000]
	多く:[0.0000,0.0034,0.0040,0.0000]
	忘れる:[0.0001,0.0000,0.0000,0.0000]
	そこ:[0.0004,0.0002,0.0006,0.0000]
	いう:[0.0027,0.0019,0.0023,0.0028]
	単純だ:[0.0001,0.0000,0.0000,0.0000]
	取る:[0.0007,0.0005,0.0000,0.0000]
	つなげる:[0.0003,0.0000,0.0000,0.0000]
	アプローチ:[0.0003,0.0000,0.0000,0.0000]
	適切だ:[0.0002,0.0000,0.0000,0.0000]
	読む:[0.0005,0.0000,0.0000,0.0000]
	まで:[0.0000,0.0011,0.0000,0.0101]
	ます:[0.0222,0.0199,0.0169,0.0211]
	くる:[0.0034,0.0012,0.0012,0.0010]
	そんな:[0.0002,0.0001,0.0005,0.0000]
	から:[0.0045,0.0053,0.0018,0.0011]
	成功:[0.0006,0.0000,0.0000,0.0000]
	理解:[0.0004,0.0001,0.0000,0.0000]
	おさえる:[0.0003,0.0000,0.0000,0.0000]
	これ:[0.0017,0.0014,0.0000,0.0000]
	大小:[0.0001,0.0000,0.0030,0.0000]
	投資:[0.0017,0.0002,0.0007,0.0000]
	直面:[0.0001,0.0000,0.0000,0.0000]
	割安だ:[0.0002,0.0034,0.0121,0.0000]
	できる:[0.0030,0.0048,0.0012,0.0010]
	判断:[0.0008,0.0011,0.0000,0.0000]
	高低:[0.0003,0.0001,0.0000,0.0000]
	いつの間にか:[0.0002,0.0000,0.0000,0.0000]
	割高だ:[0.0003,0.0034,0.0124,0.0000]
	この上:[0.0003,0.0000,0.0000,0.0000]
	押さえる:[0.0001,0.0000,0.0000,0.0000]
	ある:[0.0106,0.0115,0.0058,0.0064]
	長年:[0.0001,0.0000,0.0000,0.0000]
	総額:[0.0001,0.0001,0.0000,0.0000]
	時価:[0.0001,0.0001,0.0000,0.0000]
	始める:[0.0003,0.0007,0.0000,0.0000]
	いく:[0.0006,0.0001,0.0005,0.0008]
	正しい:[0.0001,0.0000,0.0000,0.0000]
	株式:[0.0001,0.0004,0.0000,0.0000]
	ケース:[0.0004,0.0083,0.0000,0.0000]
	ない:[0.0067,0.0084,0.0038,0.0027]
	視点:[0.0001,0.0000,0.0000,0.0000]
	違う:[0.0023,0.0192,0.0018,0.0000]
	難しい:[0.0006,0.0004,0.0000,0.0000]
True-Positive

Section:2
	Ｆｌａｇ：：００００
	新聞やインターネットの株価欄の情報を徹底活用しましょう。
	もし楽天証券の口座をもっていない方は、口座開設（無料）しておくとをオススメします。
	日経新聞の記事が実質無料で読めるため、株価の見方を学びながら、年５万円程度のコストメリットを享受することができます。
	株１編集部のメンバーもフル活用しています。
	＞＞新規口座開設で最大１０５０００ポイント＋１０２００円分の投信買付代金プレゼント！楽天証券の公式ページを見る
	＞＞日経新聞が無料で読み放題？ネット証券のお得な活用法
	目次［非表示］
	１株価の意味
	２「株価の高低」と「株式時価総額の大小」の違い
	３「株価の高低」と「株価の割高・割安」の違い
	４新聞やインターネットの株価欄の情報を徹底活用する
	１株価の意味
Score:0.00117818752787
EACH_TAG_SCORE:
	image:0.000325123664812
	table:0.000370286199497
	graph:0.000261005462528
	flow:0.000221772201031
PARA:
Clueword:
	表示:[0.0093,0.0006,0.0000,0.0000]
	おく:[0.0011,0.0015,0.0012,0.0000]
	楽天:[0.0000,0.0000,0.0000,0.0000]
	できる:[0.0030,0.0048,0.0012,0.0010]
	日経:[0.0000,0.0002,0.0000,0.0000]
	代金:[0.0000,0.0000,0.0000,0.0000]
	情報:[0.0003,0.0013,0.0000,0.0009]
	プレゼント:[0.0003,0.0004,0.0010,0.0000]
	する:[0.0289,0.0260,0.0123,0.0269]
	いる:[0.0118,0.0087,0.0055,0.0051]
	公式:[0.0000,0.0000,0.0000,0.0000]
	口座:[0.0000,0.0000,0.0000,0.0000]
	大小:[0.0001,0.0000,0.0030,0.0000]
	こと:[0.0066,0.0067,0.0051,0.0056]
	最大だ:[0.0000,0.0002,0.0000,0.0000]
	見方:[0.0014,0.0000,0.0000,0.0070]
	株価:[0.0028,0.0013,0.0020,0.0000]
	もつ:[0.0000,0.0000,0.0000,0.0000]
	ネット:[0.0000,0.0001,0.0000,0.0000]
	見る:[0.0016,0.0012,0.0012,0.0000]
	コスト:[0.0000,0.0002,0.0060,0.0000]
	ポイント:[0.0006,0.0009,0.0000,0.0000]
	編集:[0.0000,0.0000,0.0000,0.0000]
	メリット:[0.0005,0.0059,0.0000,0.0000]
	証券:[0.0001,0.0005,0.0000,0.0000]
	投信:[0.0000,0.0000,0.0000,0.0000]
	読む:[0.0005,0.0000,0.0000,0.0000]
	ます:[0.0222,0.0199,0.0169,0.0211]
	意味:[0.0008,0.0005,0.0000,0.0000]
	得だ:[0.0000,0.0000,0.0000,0.0000]
	株式:[0.0001,0.0004,0.0000,0.0000]
	割高だ:[0.0003,0.0034,0.0124,0.0000]
	無料:[0.0009,0.0002,0.0000,0.0000]
	割安だ:[0.0002,0.0034,0.0121,0.0000]
	記事:[0.0000,0.0000,0.0000,0.0000]
	高低:[0.0003,0.0001,0.0000,0.0000]
	程度:[0.0006,0.0010,0.0007,0.0000]
	学ぶ:[0.0000,0.0000,0.0000,0.0000]
	新聞:[0.0000,0.0000,0.0000,0.0000]
	開設:[0.0000,0.0000,0.0000,0.0000]
	インターネット:[0.0004,0.0015,0.0000,0.0000]
	活用:[0.0000,0.0003,0.0000,0.0000]
	ながら:[0.0005,0.0001,0.0000,0.0000]
	ため:[0.0035,0.0042,0.0007,0.0035]
	オススメ:[0.0011,0.0011,0.0000,0.0000]
	総額:[0.0001,0.0001,0.0000,0.0000]
	時価:[0.0001,0.0001,0.0000,0.0000]
	ページ:[0.0011,0.0006,0.0000,0.0010]
	もし:[0.0000,0.0001,0.0014,0.0000]
	ない:[0.0067,0.0084,0.0038,0.0027]
	違う:[0.0023,0.0192,0.0018,0.0000]
	新規だ:[0.0000,0.0000,0.0000,0.0000]
False-Positive

Section:13
	Ｆｌａｇ：：００００
	新聞の株価欄の活用法
	さて、以上のようなデータ、細かいなぁとお感じかもしれません。
	しかし始値、高値、安値、終値、前日比、売買高というデータは実はいろいろなチャートを作るときの入力データです。
	よって、この６つの数字から１日の値動きのポイントが分かります。
	投資家は「今日はいくらで始まり、どこまで上がり、どこまで下がり、結局どの水準で終わったのかな、売買は多かったのかな」とイメージし、その銘柄を積極的に買いたいのか売りたいのか判断しています。
	また、新聞の良さは網羅性です。
	すべての銘柄が掲載されていますので、定期的にこれを眺めていると、人気が出て買われている銘柄や業種、逆に人気がなくなり下げている銘柄や業種が見えてくるようになります。
	プロやベテランが活用しているテクニックの１つに、新高値・新安値の銘柄に着目するという手法があります。
	新聞ではこれをビジュアル的に一目で追うことができ、大変便利です。
	日本経済新聞などでは、新高値・新安値銘柄が黒ベタ白抜き（白い字）で示されているからです。
	高値の欄にこれがあるときは新高値がついたこと、安値の欄にこれがあるときは新安値がついたことが分かります。
	新高（安）値は、年初来一番高い（安い）株価のことを意味します（３月までは前年からの最高値、最安値）。
	新聞では、どの業種のどういう銘柄がその年の高値まで買われているのか、その年の安値で売られているのかが一目で俯瞰できます。
	株式市場の物色動向を知る一番身近な手がかりとして重宝しますので、新聞を購読されている場合はぜひ注目してください。
	インターネットの株価欄の見方
	「新聞はもう取っていない」「もっとタイムリーに株価を知りたい」というニーズには、Ｙａｈｏｏ！ファイナンスや証券会社のインターネットサイトの個別銘柄欄（ページ）を活用してください。
	チェックするべき項目は、先ほど新聞の日々の株価動向で取り上げた項目で既に網羅してあります。
	必要があれば新聞の株価欄の見方を改めて参考にしてください。
	また、新高値・新安値をまとめて見ることができるページがあります。
	定期的にチェックして市場の動向を追うと良いと思います。
Score:0.000864348641793
EACH_TAG_SCORE:
	image:0.000196269402851
	table:0.000230672182063
	graph:0.000273427763345
	flow:0.000163979293534
PARA:
Clueword:
	銘柄:[0.0001,0.0001,0.0000,0.0000]
	しれる:[0.0001,0.0000,0.0000,0.0000]
	細かい:[0.0000,0.0002,0.0000,0.0015]
	意味:[0.0008,0.0005,0.0000,0.0000]
	安い:[0.0001,0.0005,0.0013,0.0000]
	数字:[0.0004,0.0000,0.0000,0.0000]
	できる:[0.0030,0.0048,0.0012,0.0010]
	買う:[0.0000,0.0000,0.0000,0.0000]
	なくなる:[0.0001,0.0001,0.0000,0.0000]
	業種:[0.0000,0.0000,0.0000,0.0000]
	いろいろだ:[0.0000,0.0000,0.0000,0.0000]
	なる:[0.0111,0.0126,0.0094,0.0022]
	今日:[0.0000,0.0000,0.0000,0.0000]
	眺める:[0.0000,0.0000,0.0000,0.0000]
	個別:[0.0000,0.0001,0.0000,0.0000]
	必要だ:[0.0020,0.0039,0.0006,0.0010]
	思う:[0.0005,0.0001,0.0008,0.0000]
	注目:[0.0000,0.0005,0.0000,0.0000]
	ぜひ:[0.0000,0.0001,0.0009,0.0000]
	見方:[0.0014,0.0000,0.0000,0.0070]
	株価:[0.0028,0.0013,0.0020,0.0000]
	つく:[0.0015,0.0008,0.0006,0.0010]
	株式:[0.0001,0.0004,0.0000,0.0000]
	日々:[0.0001,0.0001,0.0000,0.0000]
	まとめる:[0.0000,0.0001,0.0004,0.0000]
	安値:[0.0004,0.0009,0.0193,0.0000]
	始値:[0.0005,0.0000,0.0242,0.0000]
	多い:[0.0027,0.0029,0.0156,0.0000]
	取る:[0.0007,0.0005,0.0000,0.0000]
	先ほど:[0.0000,0.0000,0.0000,0.0000]
	便利だ:[0.0002,0.0002,0.0000,0.0000]
	たい:[0.0004,0.0005,0.0006,0.0000]
	くる:[0.0034,0.0012,0.0012,0.0010]
	動く:[0.0008,0.0007,0.0011,0.0000]
	高値:[0.0004,0.0009,0.0193,0.0000]
	参考:[0.0004,0.0002,0.0000,0.0000]
	投資:[0.0017,0.0002,0.0007,0.0000]
	その:[0.0035,0.0019,0.0000,0.0233]
	判断:[0.0008,0.0011,0.0000,0.0000]
	動向:[0.0001,0.0005,0.0067,0.0000]
	良い:[0.0007,0.0006,0.0005,0.0000]
	高い:[0.0012,0.0012,0.0266,0.0000]
	ある:[0.0106,0.0115,0.0058,0.0064]
	前年:[0.0000,0.0000,0.0000,0.0000]
	項目:[0.0001,0.0035,0.0000,0.0000]
	よって:[0.0000,0.0000,0.0000,0.0000]
	チャート:[0.0001,0.0001,0.0000,0.0000]
	活用:[0.0000,0.0003,0.0000,0.0000]
	売る:[0.0000,0.0000,0.0000,0.0000]
	売買:[0.0006,0.0000,0.0000,0.0000]
	インターネット:[0.0004,0.0015,0.0000,0.0000]
	一目:[0.0001,0.0000,0.0000,0.0000]
	的だ:[0.0000,0.0017,0.0000,0.0000]
	逆だ:[0.0001,0.0034,0.0000,0.0000]
	追う:[0.0000,0.0001,0.0000,0.0000]
	ビジュアルだ:[0.0000,0.0000,0.0000,0.0000]
	ない:[0.0067,0.0084,0.0038,0.0027]
	サイト:[0.0002,0.0011,0.0000,0.0000]
	なあ:[0.0000,0.0000,0.0000,0.0000]
	始まる:[0.0000,0.0002,0.0000,0.0000]
	もっと:[0.0000,0.0000,0.0000,0.0000]
	感じる:[0.0010,0.0009,0.0006,0.0000]
	水準:[0.0001,0.0000,0.0000,0.0006]
	れる:[0.0010,0.0000,0.0000,0.0000]
	網羅:[0.0000,0.0001,0.0000,0.0000]
	終わる:[0.0004,0.0000,0.0005,0.0109]
	さて:[0.0000,0.0000,0.0003,0.0000]
	イメージ:[0.0007,0.0008,0.0000,0.0000]
	前日:[0.0005,0.0000,0.0060,0.0000]
	日本:[0.0007,0.0005,0.0000,0.0000]
	する:[0.0289,0.0260,0.0123,0.0269]
	いる:[0.0118,0.0087,0.0055,0.0051]
	チェック:[0.0014,0.0013,0.0010,0.0000]
	新聞:[0.0000,0.0000,0.0000,0.0000]
	テクニック:[0.0000,0.0000,0.0000,0.0000]
	こと:[0.0066,0.0067,0.0051,0.0056]
	この:[0.0019,0.0018,0.0007,0.0033]
	くださる:[0.0022,0.0006,0.0017,0.0039]
	終値:[0.0013,0.0000,0.0302,0.0000]
	知る:[0.0000,0.0007,0.0000,0.0007]
	以上:[0.0006,0.0024,0.0000,0.0000]
	見る:[0.0016,0.0012,0.0012,0.0000]
	実は:[0.0002,0.0001,0.0000,0.0000]
	白い:[0.0014,0.0000,0.0000,0.0000]
	ポイント:[0.0006,0.0009,0.0000,0.0000]
	示す:[0.0024,0.0002,0.0000,0.0000]
	入力:[0.0001,0.0003,0.0000,0.0029]
	ようだ:[0.0057,0.0000,0.0000,0.0000]
	上がる:[0.0005,0.0002,0.0000,0.0000]
	いう:[0.0027,0.0019,0.0023,0.0028]
	上げる:[0.0001,0.0000,0.0000,0.0000]
	もう:[0.0000,0.0000,0.0004,0.0000]
	証券:[0.0001,0.0005,0.0000,0.0000]
	分かる:[0.0005,0.0007,0.0000,0.0000]
	経済:[0.0000,0.0000,0.0000,0.0000]
	場合:[0.0060,0.0480,0.0053,0.0010]
	どの:[0.0001,0.0001,0.0000,0.0000]
	作る:[0.0005,0.0002,0.0000,0.0021]
	まで:[0.0000,0.0011,0.0000,0.0101]
	ます:[0.0222,0.0199,0.0169,0.0211]
	また:[0.0027,0.0020,0.0021,0.0036]
	から:[0.0045,0.0053,0.0018,0.0011]
	市場:[0.0001,0.0001,0.0000,0.0000]
	結局:[0.0000,0.0000,0.0006,0.0000]
	見える:[0.0027,0.0014,0.0000,0.0000]
	改める:[0.0000,0.0000,0.0000,0.0000]
	これ:[0.0017,0.0014,0.0000,0.0000]
	重宝:[0.0000,0.0000,0.0000,0.0000]
	人気:[0.0002,0.0000,0.0008,0.0000]
	俯瞰:[0.0000,0.0002,0.0000,0.0000]
	いくら:[0.0002,0.0000,0.0000,0.0000]
	積極:[0.0000,0.0000,0.0000,0.0000]
	下げる:[0.0000,0.0000,0.0000,0.0000]
	既に:[0.0000,0.0000,0.0000,0.0000]
	下がる:[0.0000,0.0002,0.0049,0.0000]
	出る:[0.0009,0.0009,0.0012,0.0000]
	ページ:[0.0011,0.0006,0.0000,0.0010]
	すべて:[0.0002,0.0008,0.0060,0.0000]
	会社:[0.0000,0.0007,0.0000,0.0000]
	定期:[0.0000,0.0001,0.0000,0.0000]
	どこ:[0.0005,0.0000,0.0000,0.0000]
	しかし:[0.0000,0.0000,0.0000,0.0000]
False-Positive

Section:8
	Ｆｌａｇ：：００００
	■株価純資産倍率
	後者の代表的な指標は「株価純資産倍率」で、
	株価÷１株当たり純資産
	と計算します。
	純資産は会社の資産から負債を引いた残りです。
	これは企業のオーナーである株主全体のものです。
	資産−負債＝純資産
	この式を読み替えると、いま会社の資産（建物や工場や営業所や在庫など）を全て現金化し、借りている金額（負債）を全て返した時に、株主の手元に現金がいくら残るのかというふうに理解できるはずです。
	これを解散価値と呼ぶことがあります。
	この金額を発行済み株式数で割ったものが１株純資産で、これを株価と比較します。
	ＰＢＲ（ＰｒｉｃｅＢｏｏｋＶａｌｕｅＲａｔｉｏ）とも呼ばれます。
	この数値が高いほど、株価が解散価値を上回る人気・期待を集めているとして「割高」とみなされます。
	逆に、低いほど割安とみなされます。
	具体例で見ておきましょう。
	さきほどのトヨタとスズキの例で見ると、１．４倍と１．８倍となっていますので、スズキのほうが割高、トヨタは割安と言えます。
	ここで整理しておきましょう。
	リンゴの「価値」と言われると、単にリンゴの価格が大きいか小さいかではなく、その価格がそのリンゴの品質（等級）に対して高いのか低いのかを考えるはずですね。
	株価の「価値」も同じです。
	株価を「１株純利益」、「１株純資産」と比べて「ＰＥＲ」、「ＰＢＲ」を計算し、高いか低いかを見るべきです。
	さらに「ＰＥＲ」「ＰＢＲ」というものさしを使うと、異なる企業の株価の「割高」「割安」を比較できるようになります。
	株式投資では、多くの銘柄の中から「割安」な銘柄を探していくことが必要です。
	この銘柄選択の過程で、銘柄間の「割高」「割安」を示す指標は大変重要です。
	株取引をするにはＰＥＲとＰＢＲをしっかり理解するとよいでしょう。
	４新聞やインターネットの株価欄の情報を徹底活用する
	株価の見方の基本を押さえましたので、実践編に移りましょう。
	ここではメディアの株式情報の見方のポイントを説明します。
	新聞の株価欄の見方
	ここでは日本経済新聞の株式欄を例に説明します。
	日本経済新聞では東証第一部、第二部、マザーズ、ジャスダックなどの各市場について、上場されている銘柄（企業）を業種に分けて証券コード順に株価情報を提供しています。
Score:0.000839543018214
EACH_TAG_SCORE:
	image:0.000192138385065
	table:0.000186128963854
	graph:0.000286792180469
	flow:0.000174483488825
PARA:
Clueword:
	呼ぶ:[0.0015,0.0009,0.0000,0.0015]
	トヨタ:[0.0000,0.0000,0.0019,0.0000]
	銘柄:[0.0001,0.0001,0.0000,0.0000]
	重要だ:[0.0007,0.0009,0.0012,0.0000]
	おく:[0.0011,0.0015,0.0012,0.0000]
	できる:[0.0030,0.0048,0.0012,0.0010]
	市場:[0.0001,0.0001,0.0000,0.0000]
	業種:[0.0000,0.0000,0.0000,0.0000]
	低い:[0.0001,0.0005,0.0198,0.0000]
	れる:[0.0010,0.0000,0.0000,0.0000]
	なる:[0.0111,0.0126,0.0094,0.0022]
	探す:[0.0001,0.0001,0.0000,0.0000]
	基本:[0.0022,0.0029,0.0000,0.0000]
	言う:[0.0008,0.0010,0.0000,0.0000]
	読む:[0.0005,0.0000,0.0000,0.0000]
	必要だ:[0.0020,0.0039,0.0006,0.0010]
	さらに:[0.0009,0.0008,0.0000,0.0140]
	言える:[0.0004,0.0001,0.0006,0.0000]
	見方:[0.0014,0.0000,0.0000,0.0070]
	全て:[0.0000,0.0000,0.0000,0.0000]
	株価:[0.0028,0.0013,0.0020,0.0000]
	割る:[0.0000,0.0002,0.0007,0.0000]
	単に:[0.0000,0.0000,0.0000,0.0000]
	倍率:[0.0000,0.0001,0.0091,0.0000]
	一部:[0.0000,0.0004,0.0000,0.0000]
	残る:[0.0000,0.0000,0.0000,0.0000]
	割安だ:[0.0002,0.0034,0.0121,0.0000]
	多く:[0.0000,0.0034,0.0040,0.0000]
	価値:[0.0000,0.0000,0.0000,0.0000]
	つく:[0.0015,0.0008,0.0006,0.0010]
	済む:[0.0000,0.0001,0.0000,0.0000]
	スズキ:[0.0000,0.0000,0.0032,0.0000]
	発行:[0.0000,0.0000,0.0000,0.0000]
	取引:[0.0002,0.0000,0.0000,0.0000]
	比べる:[0.0035,0.0004,0.0420,0.0000]
	企業:[0.0006,0.0001,0.0000,0.0000]
	大きい:[0.0030,0.0018,0.0126,0.0000]
	引く:[0.0001,0.0002,0.0000,0.0000]
	投資:[0.0017,0.0002,0.0007,0.0000]
	その:[0.0035,0.0019,0.0000,0.0233]
	考える:[0.0006,0.0008,0.0015,0.0000]
	営業:[0.0000,0.0005,0.0000,0.0000]
	高い:[0.0012,0.0012,0.0266,0.0000]
	ある:[0.0106,0.0115,0.0058,0.0064]
	インターネット:[0.0004,0.0015,0.0000,0.0000]
	見る:[0.0016,0.0012,0.0012,0.0000]
	活用:[0.0000,0.0003,0.0000,0.0000]
	対する:[0.0000,0.0006,0.0000,0.0000]
	コード:[0.0008,0.0000,0.0000,0.0000]
	逆だ:[0.0001,0.0034,0.0000,0.0000]
	株式:[0.0001,0.0004,0.0000,0.0000]
	具体:[0.0000,0.0000,0.0002,0.0000]
	ない:[0.0067,0.0084,0.0038,0.0027]
	分ける:[0.0002,0.0036,0.0000,0.0000]
	説明:[0.0003,0.0003,0.0000,0.0000]
	リンゴ:[0.0000,0.0000,0.0000,0.0000]
	同じだ:[0.0027,0.0010,0.0000,0.0011]
	期待:[0.0001,0.0002,0.0007,0.0000]
	集める:[0.0002,0.0000,0.0000,0.0000]
	情報:[0.0003,0.0013,0.0000,0.0009]
	日本:[0.0007,0.0005,0.0000,0.0000]
	する:[0.0289,0.0260,0.0123,0.0269]
	いる:[0.0118,0.0087,0.0055,0.0051]
	上回る:[0.0000,0.0000,0.0121,0.0000]
	新聞:[0.0000,0.0000,0.0000,0.0000]
	計算:[0.0000,0.0001,0.0000,0.0000]
	こと:[0.0066,0.0067,0.0051,0.0056]
	この:[0.0019,0.0018,0.0007,0.0033]
	整理:[0.0002,0.0000,0.0000,0.0000]
	過程:[0.0000,0.0000,0.0000,0.0000]
	ここ:[0.0004,0.0001,0.0000,0.0111]
	全体:[0.0005,0.0002,0.0000,0.0000]
	もの:[0.0027,0.0015,0.0007,0.0022]
	ポイント:[0.0006,0.0009,0.0000,0.0000]
	理解:[0.0004,0.0001,0.0000,0.0000]
	示す:[0.0024,0.0002,0.0000,0.0000]
	提供:[0.0000,0.0001,0.0000,0.0000]
	ようだ:[0.0057,0.0000,0.0000,0.0000]
	金額:[0.0006,0.0000,0.0000,0.0000]
	比較:[0.0001,0.0051,0.0195,0.0000]
	いく:[0.0006,0.0001,0.0005,0.0008]
	いう:[0.0027,0.0019,0.0023,0.0028]
	代表:[0.0000,0.0008,0.0000,0.0000]
	的だ:[0.0000,0.0017,0.0000,0.0000]
	異なる:[0.0015,0.0006,0.0000,0.0000]
	から:[0.0045,0.0053,0.0018,0.0011]
	順だ:[0.0002,0.0006,0.0000,0.0215]
	価格:[0.0005,0.0000,0.0000,0.0000]
	資産:[0.0000,0.0001,0.0000,0.0000]
	これ:[0.0017,0.0014,0.0000,0.0000]
	人気:[0.0002,0.0000,0.0008,0.0000]
	経済:[0.0000,0.0000,0.0000,0.0000]
	いくら:[0.0002,0.0000,0.0000,0.0000]
	ます:[0.0222,0.0199,0.0169,0.0211]
	割高だ:[0.0003,0.0034,0.0124,0.0000]
	押さえる:[0.0001,0.0000,0.0000,0.0000]
	証券:[0.0001,0.0005,0.0000,0.0000]
	ほど:[0.0031,0.0006,0.0030,0.0000]
	よい:[0.0009,0.0012,0.0013,0.0000]
	しっかり:[0.0000,0.0000,0.0000,0.0000]
	小さい:[0.0045,0.0023,0.0143,0.0000]
	会社:[0.0000,0.0007,0.0000,0.0000]
	利益:[0.0000,0.0000,0.0005,0.0000]
	選択:[0.0011,0.0015,0.0000,0.0029]
	ほう:[0.0019,0.0002,0.0007,0.0000]
	使う:[0.0035,0.0023,0.0008,0.0000]
False-Positive

Section:9
	Ｆｌａｇ：：０１００
	概要は次の通りです。
	●日々の株価情報
	？火曜から土曜まで掲載
	？基本構成は、銘柄、始値、高値、安値、終値、前日比、売買高（マザーズ、ジャスダックは始値を省略）
	●クローズアップ日経平均株価
	？火曜から土曜まで掲載
	？日経平均採用の２２５銘柄のみが対象
	？基本構成は、銘柄、前日比騰落、ＰＥＲ、ＰＢＲ、配当利回り、時価総額
	●週間高低
	？土曜に掲載
	？基本構成は、月曜から金曜までの週間の株価について、銘柄、始値、高値、安値、終値、年初来高値、年初来安値、予想ＰＥＲ、利回り、売買高
Score:0.000616998781967
EACH_TAG_SCORE:
	image:8.00762300879e-05
	table:7.45873961549e-05
	graph:0.000410669576006
	flow:5.16655797192e-05
PARA:
Clueword:
	前日:[0.0005,0.0000,0.0060,0.0000]
	概要:[0.0000,0.0002,0.0000,0.0000]
	始値:[0.0005,0.0000,0.0242,0.0000]
	銘柄:[0.0001,0.0001,0.0000,0.0000]
	対象:[0.0006,0.0007,0.0000,0.0000]
	まで:[0.0000,0.0011,0.0000,0.0101]
	日経:[0.0000,0.0002,0.0000,0.0000]
	省略:[0.0000,0.0010,0.0000,0.0000]
	から:[0.0045,0.0053,0.0018,0.0011]
	高値:[0.0004,0.0009,0.0193,0.0000]
	構成:[0.0037,0.0006,0.0000,0.0000]
	採用:[0.0000,0.0000,0.0000,0.0000]
	情報:[0.0003,0.0013,0.0000,0.0009]
	つく:[0.0015,0.0008,0.0006,0.0010]
	基本:[0.0022,0.0029,0.0000,0.0000]
	週間:[0.0001,0.0004,0.0000,0.0000]
	高低:[0.0003,0.0001,0.0000,0.0000]
	クローズアップ:[0.0000,0.0003,0.0000,0.0000]
	平均:[0.0000,0.0003,0.0000,0.0000]
	株価:[0.0028,0.0013,0.0020,0.0000]
	終値:[0.0013,0.0000,0.0302,0.0000]
	総額:[0.0001,0.0001,0.0000,0.0000]
	売買:[0.0006,0.0000,0.0000,0.0000]
	時価:[0.0001,0.0001,0.0000,0.0000]
	日々:[0.0001,0.0001,0.0000,0.0000]
	予想:[0.0002,0.0000,0.0000,0.0000]
	安値:[0.0004,0.0009,0.0193,0.0000]
True-Positive

Section:6
	Ｆｌａｇ：：００００
	株式時価総額とは
	この２つ目の株価の見方には注意が必要です。
	確かに、良品計画の１株の価格はニトリの１株の価格より大きいことには違いありません。
	しかし、これはリンゴ１個の価格をミカン１個の価格と比べていることになり、意味はあまりないのです。
	多くの投資家は、むしろ良品計画の会社全体の大きさやニトリの会社全体としての大きさに注目しています。
	そこで、例として、良品計画という会社をリンゴの木、ニトリという会社をミカンの木と捉えてみましょう。
	それぞれの会社の大きさを、その木に実った果実の数全体とします。
	すると
	良品計画の大きさ＝リンゴ１個の価格×木全体のリンゴの数
	ニトリの大きさ＝ミカン１個の価格×木全体のミカンの数
	となります。
	会社の大きさは果実１個の価格と果実の数の両方で決まるのです。
	これを専門的には株式時価総額と呼びます。
	算出式は次の通りです。
	先ほどの例と同じ原理です。
	株価×発行済み株式数
	株式市場が会社全体の株式の価値をいくらとしているかは、この計算で求められるのです。
	言い方を変えると、その会社の株式を全部買い占めるにはどれぐらいのお金がかかるのかを示しています。
	さて、さきほどの例ですと、株価は良品計画のほうがニトリより大きい価格でした。
	しかし、時価総額はこの順序ではなく、良品計画は７０００億円、ニトリは１．１兆円ほどです。
	株価の大小は、異なる会社の間で比べても意味がありません。
	異なる会社を比べるためには、それぞれの木の果実の数と果実１個当たりの価格の両方を考える必要があります。
	３「株価の高低」と「株価の割高・割安」の違い
	異なる会社の株価を単純に比べるだけでは不十分だとお話しました。
	株式投資の立場で考えなければならないのは、どの会社が投資に値する価値があるか（一番大きいか）、ということです。
	これをリンゴとミカンに例えると、リンゴとミカンは今どちらが（より）お買い得か、お値打ちかという考え方になります。
	現在のリンゴとミカンの価格を比較するだけではお値打ちかどうかはわからないですね。
	リンゴとミカンに共通のものさしを当てはめて、どちらがお値打ちかを判断する必要があるのです。
	株価で「割高」「割安」という考え方もこれと同じです。
	その株価が割安であるということは、お値打ちがある、今の株価は本来あるべき値段よりも低い、という意味です。
	そこで、割高・割安を判断するために皆さんに是非知っておいていただきたい２つの視点を説明します。
	過去の株価推移から考える（チャート分析）
	第１の視点は、現在の株価は過去の株価の推移の中で高い水準なのか低い水準なのかです。
	先ほどの果物の例では、今年のリンゴの価格は過去の価格と比べて高いか低いかと考えるのと同じ思考方法です。
	特に１０年や２０年という長期で見てみると、株価は必ず上げたり下げたりしています。
	現在の株価が過去の株価の水準とどう違うのか見ておくことは大変有益です。
	仮に過去の推移と比べて現在の株価が低いなら、時系列の面で株価は「割安」と言えそうです。
	企業の財務指標と結び付けて考える（バリュエーション分析）
	第２の視点は、現在の株価をその会社の財務の数値に結びつける考え方で、一般にバリュエーション分析といいます。
	果物でいえば、等級と価格を比べることと一緒です。
	ここにはさらに２つの考え方があります。
	会社利益の水準から等級を割り出す考え方と、会社の純資産に関連付ける考え方です。
	■株価収益率
	前者で代表的な指標は「株価収益率」というもので、次の式で求めます。
	株価÷１株当たり純利益
	分子が１株の価格ですので、これに対応して分母も会社の利益全体を発行済み株式数で割って１株当たりの利益にします。
	略してＰＥＲ（ＰｒｉｃｅＥａｒｎｉｎｇｓＲａｔｉｏ）とも呼ばれます。
	この数値は「今の株価は、今の１株利益の何年分か」と解釈できます。
	この倍率が大きいほど、現在の株価は現在の１株利益の何倍も大きい水準にあるため、一般に「割高」とみなされています。
	株式投資家の人気が高く、将来への期待感が高い銘柄がこれに当たります。
Score:0.000496086499934
EACH_TAG_SCORE:
	image:0.000109895575172
	table:0.000117171781013
	graph:0.000173543473723
	flow:9.54756700248e-05
PARA:
Clueword:
	呼ぶ:[0.0015,0.0009,0.0000,0.0015]
	専門:[0.0009,0.0011,0.0000,0.0000]
	皆さん:[0.0000,0.0001,0.0002,0.0000]
	必ず:[0.0001,0.0005,0.0004,0.0000]
	銘柄:[0.0001,0.0001,0.0000,0.0000]
	ミカン:[0.0000,0.0000,0.0000,0.0000]
	思考:[0.0000,0.0000,0.0000,0.0000]
	意味:[0.0008,0.0005,0.0000,0.0000]
	順序:[0.0000,0.0000,0.0000,0.0134]
	できる:[0.0030,0.0048,0.0012,0.0010]
	あまり:[0.0002,0.0000,0.0000,0.0000]
	低い:[0.0001,0.0005,0.0198,0.0000]
	れる:[0.0010,0.0000,0.0000,0.0000]
	水準:[0.0001,0.0000,0.0000,0.0006]
	みる:[0.0003,0.0003,0.0016,0.0000]
	なら:[0.0005,0.0002,0.0006,0.0000]
	かかる:[0.0002,0.0002,0.0000,0.0012]
	なる:[0.0111,0.0126,0.0094,0.0022]
	当たる:[0.0002,0.0002,0.0000,0.0000]
	方法:[0.0032,0.0048,0.0005,0.0017]
	つける:[0.0009,0.0009,0.0000,0.0000]
	特に:[0.0000,0.0005,0.0000,0.0000]
	付ける:[0.0011,0.0002,0.0007,0.0000]
	言う:[0.0008,0.0010,0.0000,0.0000]
	話す:[0.0000,0.0001,0.0005,0.0000]
	必要だ:[0.0020,0.0039,0.0006,0.0010]
	さらに:[0.0009,0.0008,0.0000,0.0140]
	良品:[0.0004,0.0000,0.0000,0.0000]
	長期:[0.0002,0.0000,0.0000,0.0000]
	時系列:[0.0000,0.0000,0.0000,0.0010]
	注目:[0.0000,0.0005,0.0000,0.0000]
	解釈:[0.0005,0.0000,0.0000,0.0000]
	見方:[0.0014,0.0000,0.0000,0.0070]
	株価:[0.0028,0.0013,0.0020,0.0000]
	割る:[0.0000,0.0002,0.0007,0.0000]
	倍率:[0.0000,0.0001,0.0091,0.0000]
	見る:[0.0016,0.0012,0.0012,0.0000]
	おく:[0.0011,0.0015,0.0012,0.0000]
	果物:[0.0000,0.0000,0.0000,0.0000]
	分子:[0.0000,0.0000,0.0000,0.0000]
	多く:[0.0000,0.0034,0.0040,0.0000]
	価値:[0.0000,0.0000,0.0000,0.0000]
	そこ:[0.0004,0.0002,0.0006,0.0000]
	確かだ:[0.0000,0.0000,0.0000,0.0000]
	是非:[0.0000,0.0000,0.0000,0.0000]
	ニトリ:[0.0002,0.0000,0.0000,0.0000]
	先ほど:[0.0000,0.0000,0.0000,0.0000]
	両方:[0.0002,0.0019,0.0000,0.0000]
	どちら:[0.0000,0.0000,0.0000,0.0000]
	済む:[0.0000,0.0001,0.0000,0.0000]
	価格:[0.0005,0.0000,0.0000,0.0000]
	より:[0.0047,0.0025,0.0220,0.0000]
	発行:[0.0000,0.0000,0.0000,0.0000]
	たい:[0.0004,0.0005,0.0006,0.0000]
	企業:[0.0006,0.0001,0.0000,0.0000]
	大きい:[0.0030,0.0018,0.0126,0.0000]
	大小:[0.0001,0.0000,0.0030,0.0000]
	投資:[0.0017,0.0002,0.0007,0.0000]
	その:[0.0035,0.0019,0.0000,0.0233]
	どれ:[0.0000,0.0001,0.0000,0.0000]
	ここ:[0.0004,0.0001,0.0000,0.0111]
	判断:[0.0008,0.0011,0.0000,0.0000]
	考える:[0.0006,0.0008,0.0015,0.0000]
	不十分だ:[0.0000,0.0000,0.0000,0.0000]
	高い:[0.0012,0.0012,0.0266,0.0000]
	ある:[0.0106,0.0115,0.0058,0.0064]
	全部:[0.0000,0.0000,0.0000,0.0000]
	過去:[0.0004,0.0000,0.0000,0.0000]
	チャート:[0.0001,0.0001,0.0000,0.0000]
	さて:[0.0000,0.0000,0.0003,0.0000]
	ため:[0.0035,0.0042,0.0007,0.0035]
	それぞれ:[0.0002,0.0009,0.0000,0.0000]
	上げる:[0.0001,0.0000,0.0000,0.0000]
	的だ:[0.0000,0.0017,0.0000,0.0000]
	株式:[0.0001,0.0004,0.0000,0.0000]
	ない:[0.0067,0.0084,0.0038,0.0027]
	わかる:[0.0011,0.0005,0.0000,0.0012]
	違う:[0.0023,0.0192,0.0018,0.0000]
	分析:[0.0000,0.0000,0.0000,0.0000]
	推移:[0.0000,0.0000,0.0030,0.0000]
	説明:[0.0003,0.0003,0.0000,0.0000]
	一般に:[0.0000,0.0000,0.0000,0.0000]
	有益だ:[0.0000,0.0000,0.0000,0.0000]
	リンゴ:[0.0000,0.0000,0.0000,0.0000]
	同じだ:[0.0027,0.0010,0.0000,0.0011]
	原理:[0.0001,0.0000,0.0000,0.0000]
	期待:[0.0001,0.0002,0.0007,0.0000]
	計画:[0.0006,0.0000,0.0000,0.0000]
	収益:[0.0000,0.0001,0.0065,0.0000]
	値段:[0.0002,0.0008,0.0030,0.0000]
	共通だ:[0.0002,0.0000,0.0000,0.0000]
	する:[0.0289,0.0260,0.0123,0.0269]
	いる:[0.0118,0.0087,0.0055,0.0051]
	単純だ:[0.0001,0.0000,0.0000,0.0000]
	代表:[0.0000,0.0008,0.0000,0.0000]
	利益:[0.0000,0.0000,0.0005,0.0000]
	こと:[0.0066,0.0067,0.0051,0.0056]
	この:[0.0019,0.0018,0.0007,0.0033]
	今年:[0.0000,0.0000,0.0000,0.0000]
	知る:[0.0000,0.0007,0.0000,0.0007]
	一番:[0.0005,0.0014,0.0101,0.0000]
	全体:[0.0005,0.0002,0.0000,0.0000]
	もの:[0.0027,0.0015,0.0007,0.0022]
	示す:[0.0024,0.0002,0.0000,0.0000]
	比較:[0.0001,0.0051,0.0195,0.0000]
	一緒だ:[0.0001,0.0001,0.0009,0.0000]
	結ぶ:[0.0001,0.0000,0.0000,0.0000]
	いう:[0.0027,0.0019,0.0023,0.0028]
	立場:[0.0010,0.0005,0.0000,0.0000]
	計算:[0.0000,0.0001,0.0000,0.0000]
	どの:[0.0001,0.0001,0.0000,0.0000]
	ます:[0.0222,0.0199,0.0169,0.0211]
	異なる:[0.0015,0.0006,0.0000,0.0000]
	から:[0.0045,0.0053,0.0018,0.0011]
	すると:[0.0001,0.0002,0.0000,0.0000]
	求める:[0.0000,0.0000,0.0000,0.0000]
	市場:[0.0001,0.0001,0.0000,0.0000]
	捉える:[0.0000,0.0000,0.0000,0.0000]
	例える:[0.0000,0.0000,0.0000,0.0000]
	資産:[0.0000,0.0001,0.0000,0.0000]
	注意:[0.0014,0.0010,0.0006,0.0000]
	これ:[0.0017,0.0014,0.0000,0.0000]
	人気:[0.0002,0.0000,0.0008,0.0000]
	割安だ:[0.0002,0.0034,0.0121,0.0000]
	どう:[0.0003,0.0001,0.0004,0.0000]
	いただく:[0.0004,0.0000,0.0000,0.0000]
	将来:[0.0001,0.0000,0.0000,0.0000]
	いくら:[0.0002,0.0000,0.0000,0.0000]
	高低:[0.0003,0.0001,0.0000,0.0000]
	比べる:[0.0035,0.0004,0.0420,0.0000]
	割高だ:[0.0003,0.0034,0.0124,0.0000]
	られる:[0.0000,0.0017,0.0000,0.0000]
	言える:[0.0004,0.0001,0.0006,0.0000]
	下げる:[0.0000,0.0000,0.0000,0.0000]
	対応:[0.0000,0.0001,0.0000,0.0000]
	ほど:[0.0031,0.0006,0.0030,0.0000]
	現在:[0.0007,0.0007,0.0000,0.0000]
	総額:[0.0001,0.0001,0.0000,0.0000]
	本来:[0.0000,0.0000,0.0000,0.0000]
	時価:[0.0001,0.0001,0.0000,0.0000]
	変える:[0.0001,0.0001,0.0005,0.0000]
	会社:[0.0000,0.0007,0.0000,0.0000]
	ほう:[0.0019,0.0002,0.0007,0.0000]
	視点:[0.0001,0.0000,0.0000,0.0000]
	しかし:[0.0000,0.0000,0.0000,0.0000]
False-Positive

True-Negative:0
False-Positive:9
Too Short:0
True-Positive:11
False-Negative:0
precision = 0.550000
recall = 1.000000
fvalue = 0.709677