Section:3
	Ｆｌａｇ：：００００
	この災害の原因は、すぐに石炭によるものだと考えられました。
	ただ、正確に何が起きたのか明らかになったのは、半世紀以上の時を経てからのこと。
	昨年末、米国科学アカデミー紀要に掲載されたのが、ＴｅｘａｓＡ＆ＭのＲｅｎｙｉＺｈａｎｇさん率いる研究チームによる調査結果。
	中国の北京と西安で行なわれた実験や大気測定の結果が報告されています。
Score:0.00267926135876
EACH_TAG_SCORE:
	image:0.000764541686812
	table:0.000753781807818
	graph:0.000460222943282
	flow:0.000700714920843
PARA:
Clueword:
	調査:[0.0000,0.0001,0.0004,0.0000]
	災害:[0.0000,0.0000,0.0000,0.0000]
	実験:[0.0000,0.0001,0.0000,0.0000]
	する:[0.0384,0.0382,0.0182,0.0461]
	昨年:[0.0000,0.0000,0.0003,0.0000]
	よる:[0.0031,0.0025,0.0025,0.0031]
	結果:[0.0004,0.0004,0.0011,0.0007]
	すぐ:[0.0004,0.0003,0.0002,0.0005]
	測定:[0.0000,0.0004,0.0015,0.0000]
	掲載:[0.0000,0.0000,0.0000,0.0000]
	いる:[0.0131,0.0126,0.0100,0.0081]
	大気:[0.0001,0.0001,0.0001,0.0000]
	ます:[0.0273,0.0231,0.0151,0.0228]
	報告:[0.0003,0.0011,0.0001,0.0000]
	のだ:[0.0069,0.0071,0.0039,0.0054]
	から:[0.0059,0.0058,0.0033,0.0058]
	北京:[0.0000,0.0000,0.0000,0.0001]
	れる:[0.0087,0.0089,0.0045,0.0070]
	さん:[0.0007,0.0004,0.0007,0.0003]
	起きる:[0.0002,0.0001,0.0002,0.0011]
	石炭:[0.0000,0.0000,0.0000,0.0001]
	なる:[0.0091,0.0108,0.0069,0.0074]
	ただ:[0.0000,0.0004,0.0003,0.0002]
	世紀:[0.0000,0.0001,0.0000,0.0000]
	明らかだ:[0.0001,0.0000,0.0000,0.0001]
	西安:[0.0000,0.0000,0.0000,0.0001]
	研究:[0.0003,0.0000,0.0004,0.0003]
	考える:[0.0013,0.0013,0.0007,0.0004]
	られる:[0.0025,0.0027,0.0015,0.0013]
	こと:[0.0094,0.0098,0.0051,0.0087]
	科学:[0.0000,0.0000,0.0001,0.0000]
	正確だ:[0.0000,0.0001,0.0000,0.0000]
	チーム:[0.0001,0.0002,0.0001,0.0003]
	以上:[0.0009,0.0010,0.0017,0.0006]
	経る:[0.0000,0.0001,0.0001,0.0001]
	もの:[0.0031,0.0027,0.0008,0.0016]
	原因:[0.0009,0.0014,0.0008,0.0005]
False-Positive

Section:2
	Ｆｌａｇ：：００１０
	現代の専門家によれば、この大気汚染による死者は１万２千人。
	イギリスならではの日常的な悪天候から、注意を払った地元民は当初、ほとんどいませんでした。
	ところが空が次第に黄色がかり、腐った卵のような臭いが漂い始めたのが同日の午後。
	翌日も視界の悪さに加えて、ゴミのような悪臭は５日間続きました。
	息もしがたく、同年１２月９日には１５万人もの人々が入院していたといいます。
Score:0.00192193840294
EACH_TAG_SCORE:
	image:0.000539333517916
	table:0.000527201968733
	graph:0.000336548386569
	flow:0.00051885452972
PARA:
Clueword:
	翌日:[0.0001,0.0000,0.0001,0.0000]
	専門:[0.0003,0.0003,0.0004,0.0001]
	次第に:[0.0000,0.0000,0.0001,0.0000]
	いう:[0.0048,0.0059,0.0042,0.0034]
	臭い:[0.0000,0.0000,0.0002,0.0000]
	視界:[0.0000,0.0000,0.0001,0.0000]
	ならでは:[0.0000,0.0001,0.0001,0.0000]
	よる:[0.0031,0.0025,0.0025,0.0031]
	する:[0.0384,0.0382,0.0182,0.0461]
	がかる:[0.0001,0.0000,0.0001,0.0001]
	天候:[0.0000,0.0000,0.0001,0.0000]
	ます:[0.0273,0.0231,0.0151,0.0228]
	現代:[0.0000,0.0001,0.0001,0.0000]
	当初:[0.0000,0.0002,0.0008,0.0003]
	がたい:[0.0000,0.0000,0.0001,0.0000]
	人々:[0.0001,0.0002,0.0001,0.0000]
	から:[0.0059,0.0058,0.0033,0.0058]
	続く:[0.0003,0.0004,0.0013,0.0004]
	ゴミ:[0.0000,0.0000,0.0001,0.0000]
	注意:[0.0008,0.0003,0.0005,0.0007]
	死者:[0.0000,0.0000,0.0001,0.0000]
	悪い:[0.0002,0.0006,0.0005,0.0001]
	イギリス:[0.0000,0.0000,0.0001,0.0000]
	黄色:[0.0000,0.0001,0.0001,0.0000]
	大気:[0.0001,0.0001,0.0001,0.0000]
	漂う:[0.0000,0.0000,0.0001,0.0000]
	同日:[0.0000,0.0000,0.0002,0.0000]
	いる:[0.0131,0.0126,0.0100,0.0081]
	地元:[0.0000,0.0000,0.0001,0.0000]
	午後:[0.0000,0.0000,0.0001,0.0000]
	腐る:[0.0000,0.0000,0.0001,0.0000]
	入院:[0.0000,0.0000,0.0001,0.0000]
	汚染:[0.0000,0.0000,0.0001,0.0000]
	ほとんど:[0.0007,0.0006,0.0018,0.0001]
	悪臭:[0.0000,0.0000,0.0001,0.0001]
	始める:[0.0003,0.0004,0.0004,0.0001]
	ところが:[0.0000,0.0000,0.0002,0.0000]
	的だ:[0.0029,0.0050,0.0013,0.0019]
	加える:[0.0001,0.0002,0.0001,0.0000]
	ようだ:[0.0046,0.0040,0.0016,0.0063]
	払う:[0.0000,0.0002,0.0002,0.0000]
	日常:[0.0002,0.0002,0.0002,0.0000]
True-Positive

Section:4
	Ｆｌａｇ：：１００１
	それによるとロンドンスモッグの悪臭や空の色の異常、人体への影響を引き起こしたのは、硫酸塩とよばれる硫酸の粒子。
	研究チームは自然発生した霧の状況下、硫酸塩が水滴のなかで二酸化硫黄と二酸化窒素の化学相互作用によって形成されたことを証明しました。
	またこうした硫黄や窒素は、石炭を燃やした煙突や、僅かながら自動車から排出されたと考えられています。
	そして、硫酸塩は硝酸塩や有機物などの粒子が形成するのを促進し、霧の状態をさらに悪化させました。
	その後、霧に含まれる水分が乾くと、霧の中に含まれていた酸が濃縮され、有害物質を生み出し、それは人の肺など触れたものすべてを覆い尽くしたのです。
	同様の化学反応は、北京や西安の霧がかった空にも確認されました。
	これらの都市ではアンモニアのような農薬が原因だと考えられています。
	気候や化学的な条件はさまざまにあるものの、今回の研究でロンドンスモッグのような状況は、理論上、世界中で発生する可能性があると示されています。
Score:0.00135255636548
EACH_TAG_SCORE:
	image:0.000379341835559
	table:0.000380887361142
	graph:0.000202412681786
	flow:0.000389914486993
PARA:
Clueword:
	今回:[0.0001,0.0001,0.0004,0.0002]
	尽くす:[0.0000,0.0000,0.0000,0.0001]
	よる:[0.0031,0.0025,0.0025,0.0031]
	物質:[0.0001,0.0002,0.0001,0.0001]
	窒素:[0.0001,0.0000,0.0001,0.0003]
	原因:[0.0009,0.0014,0.0008,0.0005]
	条件:[0.0007,0.0064,0.0001,0.0006]
	生む:[0.0001,0.0001,0.0002,0.0001]
	確認:[0.0008,0.0005,0.0000,0.0011]
	有害だ:[0.0000,0.0000,0.0000,0.0001]
	北京:[0.0000,0.0000,0.0000,0.0001]
	ロンドンスモッグ:[0.0001,0.0000,0.0000,0.0003]
	れる:[0.0087,0.0089,0.0045,0.0070]
	触れる:[0.0001,0.0000,0.0000,0.0001]
	アンモニア:[0.0000,0.0000,0.0000,0.0001]
	出す:[0.0008,0.0007,0.0003,0.0006]
	西安:[0.0000,0.0000,0.0000,0.0001]
	農薬:[0.0000,0.0000,0.0000,0.0001]
	燃やす:[0.0001,0.0000,0.0000,0.0001]
	作用:[0.0002,0.0003,0.0001,0.0001]
	理論:[0.0000,0.0000,0.0000,0.0001]
	的だ:[0.0029,0.0050,0.0013,0.0019]
	する:[0.0384,0.0382,0.0182,0.0461]
	含む:[0.0009,0.0004,0.0006,0.0005]
	いる:[0.0131,0.0126,0.0100,0.0081]
	僅か:[0.0000,0.0000,0.0000,0.0001]
	硫黄:[0.0001,0.0000,0.0000,0.0003]
	自動車:[0.0000,0.0001,0.0000,0.0001]
	さらに:[0.0007,0.0005,0.0008,0.0031]
	そして:[0.0004,0.0004,0.0001,0.0025]
	引き起こす:[0.0002,0.0000,0.0000,0.0003]
	こと:[0.0094,0.0098,0.0051,0.0087]
	覆う:[0.0001,0.0000,0.0000,0.0004]
	煙突:[0.0000,0.0000,0.0000,0.0001]
	異常だ:[0.0005,0.0004,0.0000,0.0001]
	チーム:[0.0001,0.0002,0.0001,0.0003]
	化学:[0.0001,0.0003,0.0000,0.0004]
	状況:[0.0003,0.0018,0.0004,0.0003]
	粒子:[0.0000,0.0000,0.0000,0.0001]
	さまざまだ:[0.0001,0.0002,0.0000,0.0001]
	水滴:[0.0000,0.0000,0.0000,0.0001]
	都市:[0.0000,0.0006,0.0002,0.0001]
	示す:[0.0009,0.0003,0.0001,0.0005]
	相互:[0.0000,0.0000,0.0001,0.0001]
	自然だ:[0.0004,0.0002,0.0001,0.0003]
	酸化:[0.0002,0.0000,0.0000,0.0003]
	悪化:[0.0001,0.0000,0.0014,0.0003]
	有機:[0.0002,0.0001,0.0000,0.0000]
	世界:[0.0005,0.0007,0.0008,0.0008]
	ようだ:[0.0046,0.0040,0.0016,0.0063]
	悪臭:[0.0000,0.0000,0.0001,0.0001]
	影響:[0.0006,0.0004,0.0007,0.0005]
	同様だ:[0.0003,0.0003,0.0000,0.0003]
	水分:[0.0004,0.0001,0.0000,0.0003]
	気候:[0.0001,0.0000,0.0000,0.0002]
	がかる:[0.0001,0.0000,0.0001,0.0001]
	ます:[0.0273,0.0231,0.0151,0.0228]
	濃縮:[0.0000,0.0000,0.0000,0.0001]
	また:[0.0021,0.0013,0.0011,0.0018]
	のだ:[0.0069,0.0071,0.0039,0.0054]
	から:[0.0059,0.0058,0.0033,0.0058]
	研究:[0.0003,0.0000,0.0004,0.0003]
	すべて:[0.0009,0.0004,0.0006,0.0002]
	形成:[0.0005,0.0003,0.0002,0.0002]
	石炭:[0.0000,0.0000,0.0000,0.0001]
	乾く:[0.0001,0.0000,0.0000,0.0001]
	証明:[0.0005,0.0005,0.0001,0.0003]
	促進:[0.0001,0.0002,0.0000,0.0000]
	考える:[0.0013,0.0013,0.0007,0.0004]
	られる:[0.0025,0.0027,0.0015,0.0013]
	排出:[0.0001,0.0000,0.0000,0.0001]
	ある:[0.0105,0.0114,0.0037,0.0052]
	など:[0.0053,0.0054,0.0019,0.0021]
	せる:[0.0017,0.0005,0.0006,0.0030]
	可能だ:[0.0006,0.0009,0.0009,0.0008]
	ながら:[0.0005,0.0001,0.0005,0.0011]
	その後:[0.0002,0.0002,0.0001,0.0134]
	状態:[0.0009,0.0028,0.0006,0.0013]
	よぶ:[0.0002,0.0000,0.0000,0.0001]
	もの:[0.0031,0.0027,0.0008,0.0016]
	発生:[0.0007,0.0006,0.0007,0.0008]
	なか:[0.0002,0.0001,0.0000,0.0002]
	反応:[0.0003,0.0001,0.0000,0.0010]
	硫酸:[0.0001,0.0000,0.0000,0.0004]
	人体:[0.0000,0.0000,0.0001,0.0001]
True-Positive

Section:1
	Ｆｌａｇ：：００００
	時を経て、国境を越えて、ついに。
	１９５２年１２月５日、ロンドンの街を覆った霧「ロンドンスモッグ」（ＧｒｅａｔＳｍｏｇ）は、英国史のなかで人命に関わる大気汚染被害のはじまりとなりました。
Score:0.00120537528177
EACH_TAG_SCORE:
	image:0.00035645539272
	table:0.000328320253777
	graph:0.000220215376536
	flow:0.000300384258733
PARA:
Clueword:
	覆う:[0.0001,0.0000,0.0000,0.0004]
	大気:[0.0001,0.0001,0.0001,0.0000]
	ます:[0.0273,0.0231,0.0151,0.0228]
	ロンドンスモッグ:[0.0001,0.0000,0.0000,0.0003]
	なる:[0.0091,0.0108,0.0069,0.0074]
	汚染:[0.0000,0.0000,0.0001,0.0000]
	英国:[0.0000,0.0000,0.0001,0.0000]
	経る:[0.0000,0.0001,0.0001,0.0001]
	被害:[0.0000,0.0000,0.0005,0.0000]
	関わる:[0.0000,0.0000,0.0000,0.0000]
	なか:[0.0002,0.0001,0.0000,0.0002]
False-Positive

True-Negative:0
False-Positive:2
True-Positive:2
False-Negative:0
precision = 0.500000
recall = 1.000000
fvalue = 0.666667