Section:3
	Ｆｌａｇ：：００１０
	ＦＲは前後重量配分を５０：５０にすることができるため、日常走行から高速走行、さらにスポーティな走行まで存分に楽しむことができます。
	また横滑り防止装置など先進の安全装備を組み合わせることで、その高バランスと相まって雨天時や雪上でも安心して走ることができるという特徴があります。
Score:0.0029360453525
EACH_TAG_SCORE:
	image:0.000828189903159
	table:0.00085377321179
	graph:0.000510999755133
	flow:0.000743082482422
PARA:
Clueword:
	組み合わせる:[0.0004,0.0002,0.0001,0.0001]
	スポーティだ:[0.0000,0.0000,0.0001,0.0000]
	いう:[0.0048,0.0059,0.0042,0.0034]
	装備:[0.0000,0.0000,0.0001,0.0000]
	安心:[0.0002,0.0001,0.0001,0.0000]
	特徴:[0.0020,0.0101,0.0002,0.0000]
	走行:[0.0002,0.0000,0.0002,0.0000]
	まで:[0.0015,0.0020,0.0015,0.0016]
	できる:[0.0045,0.0045,0.0015,0.0023]
	ます:[0.0273,0.0231,0.0151,0.0228]
	配分:[0.0001,0.0001,0.0028,0.0000]
	相まつ:[0.0000,0.0000,0.0001,0.0000]
	また:[0.0021,0.0013,0.0011,0.0018]
	前後:[0.0012,0.0007,0.0047,0.0026]
	から:[0.0059,0.0058,0.0033,0.0058]
	雪上:[0.0000,0.0000,0.0001,0.0000]
	安全だ:[0.0001,0.0001,0.0002,0.0003]
	する:[0.0384,0.0382,0.0182,0.0461]
	横滑り:[0.0000,0.0000,0.0001,0.0000]
	存分だ:[0.0000,0.0000,0.0001,0.0000]
	さらに:[0.0007,0.0005,0.0008,0.0031]
	ある:[0.0105,0.0114,0.0037,0.0052]
	楽しむ:[0.0003,0.0002,0.0001,0.0000]
	日常:[0.0002,0.0002,0.0002,0.0000]
	走る:[0.0002,0.0001,0.0002,0.0000]
	雨天:[0.0000,0.0000,0.0001,0.0000]
	ため:[0.0033,0.0030,0.0025,0.0027]
	装置:[0.0000,0.0000,0.0001,0.0000]
	高速だ:[0.0000,0.0001,0.0001,0.0000]
	先進:[0.0000,0.0000,0.0001,0.0005]
	こと:[0.0094,0.0098,0.0051,0.0087]
	でも:[0.0018,0.0029,0.0017,0.0004]
	防止:[0.0001,0.0001,0.0001,0.0001]
	バランス:[0.0020,0.0003,0.0055,0.0002]
	重量:[0.0000,0.0003,0.0001,0.0000]
	など:[0.0053,0.0054,0.0019,0.0021]
True-Positive

Section:4
	Ｆｌａｇ：：０１１０
	ＢＭＷ５シリーズ
	製造コスト面では不利なＦＲ
	運転の楽しさを実現するという点で有利なＦＲですが、逆に製造コストは高くなり、エンジンの生む駆動力を後輪に伝えるために必要になるドライブシャフトが車体中央の床下を貫通するため室内空間が狭くなるといったデメリットもあります。
	このようなことから少しでも製造コストを下げ、より広い室内空間を確保するという最近のクルマ作りには合わず、多少の走りを犠牲にしてもフロント・エンジン＋前輪駆動という「ＦＦ」が国内外の多くのモデルで採用されています。
Score:0.00207685055056
EACH_TAG_SCORE:
	image:0.000582588388062
	table:0.000599352595356
	graph:0.000397942728549
	flow:0.000496966838596
PARA:
Clueword:
	駆動:[0.0002,0.0004,0.0002,0.0000]
	モデル:[0.0001,0.0000,0.0001,0.0000]
	より:[0.0013,0.0022,0.0013,0.0003]
	床下:[0.0000,0.0000,0.0001,0.0000]
	生む:[0.0001,0.0001,0.0002,0.0001]
	内外:[0.0000,0.0000,0.0001,0.0000]
	れる:[0.0087,0.0089,0.0045,0.0070]
	有利だ:[0.0000,0.0001,0.0001,0.0000]
	なる:[0.0091,0.0108,0.0069,0.0074]
	する:[0.0384,0.0382,0.0182,0.0461]
	いる:[0.0131,0.0126,0.0100,0.0081]
	必要だ:[0.0014,0.0024,0.0006,0.0019]
	シリーズ:[0.0001,0.0000,0.0001,0.0000]
	フロント:[0.0000,0.0000,0.0001,0.0000]
	伝える:[0.0005,0.0003,0.0002,0.0001]
	貫通:[0.0000,0.0001,0.0001,0.0000]
	走る:[0.0002,0.0001,0.0002,0.0000]
	広い:[0.0004,0.0002,0.0002,0.0001]
	合う:[0.0004,0.0004,0.0001,0.0000]
	楽しい:[0.0000,0.0001,0.0001,0.0000]
	中央:[0.0018,0.0004,0.0001,0.0000]
	確保:[0.0000,0.0001,0.0004,0.0000]
	空間:[0.0001,0.0003,0.0002,0.0000]
	コスト:[0.0000,0.0004,0.0003,0.0000]
	ドライブ:[0.0000,0.0000,0.0001,0.0000]
	狭い:[0.0000,0.0002,0.0001,0.0000]
	いう:[0.0048,0.0059,0.0042,0.0034]
	不利だ:[0.0000,0.0000,0.0002,0.0000]
	後輪:[0.0002,0.0004,0.0001,0.0000]
	車体:[0.0005,0.0000,0.0001,0.0000]
	犠牲:[0.0000,0.0001,0.0001,0.0000]
	製造:[0.0000,0.0002,0.0004,0.0001]
	作り:[0.0001,0.0001,0.0001,0.0000]
	ます:[0.0273,0.0231,0.0151,0.0228]
	少し:[0.0010,0.0005,0.0002,0.0006]
	から:[0.0059,0.0058,0.0033,0.0058]
	デメリット:[0.0006,0.0044,0.0001,0.0000]
	クルマ:[0.0002,0.0001,0.0001,0.0000]
	前輪:[0.0000,0.0001,0.0001,0.0000]
	エンジン:[0.0005,0.0002,0.0002,0.0000]
	多く:[0.0006,0.0005,0.0054,0.0001]
	採用:[0.0002,0.0001,0.0002,0.0000]
	運転:[0.0000,0.0002,0.0001,0.0001]
	高い:[0.0007,0.0015,0.0101,0.0005]
	下げる:[0.0001,0.0000,0.0001,0.0003]
	最近:[0.0002,0.0003,0.0018,0.0019]
	シャフト:[0.0001,0.0000,0.0001,0.0000]
	ある:[0.0105,0.0114,0.0037,0.0052]
	多少:[0.0009,0.0001,0.0001,0.0001]
	ため:[0.0033,0.0030,0.0025,0.0027]
	実現:[0.0001,0.0002,0.0001,0.0001]
	逆だ:[0.0003,0.0006,0.0003,0.0001]
	こと:[0.0094,0.0098,0.0051,0.0087]
	でも:[0.0018,0.0029,0.0017,0.0004]
True-Positive

Section:1
	Ｆｌａｇ：：００００
	ＢＭＷが、ＦＲ（後輪駆動）にこだわったクルマづくりをする理由とは
	ＢＭＷのキホン｜ＢＭＷの基本
	ＳＵＭＯＭＥ
	ＢＭＷ６シリーズ
Score:0.00197708787404
EACH_TAG_SCORE:
	image:0.00054054023161
	table:0.000548218925102
	graph:0.000262723087101
	flow:0.000625605630225
PARA:
Clueword:
	基本:[0.0004,0.0010,0.0003,0.0001]
	こだわる:[0.0001,0.0000,0.0000,0.0000]
	駆動:[0.0002,0.0004,0.0002,0.0000]
	後輪:[0.0002,0.0004,0.0001,0.0000]
	シリーズ:[0.0001,0.0000,0.0001,0.0000]
	する:[0.0384,0.0382,0.0182,0.0461]
	理由:[0.0003,0.0005,0.0006,0.0001]
	クルマ:[0.0002,0.0001,0.0001,0.0000]
False-Positive

Section:6
	Ｆｌａｇ：：１０００
	ＢＭＷはこのようなＦＦ化のトレンドに流されることなく、コンパクトクラスでもＦＲを採用。
	現在販売されている１シリーズは、Ｃセグメントクラス唯一のＦＲとして走りにこだわるオーナーに選ばれています。
	また走行状況によって前後アクセルの駆動トルクを配分を積極的にコントロールし、悪路での走行性能を向上させるインテリジェント・フルタイム四輪駆動モデルｘＤｒｉｖｅも、ＢＭＷがこだわり続けるＦＲをベースにした四輪駆動モデルとなっており、走りの楽しさはＦＦベースの四輪駆動と比べると大きな違いを感じることができるはずです。
Score:0.00190463433526
EACH_TAG_SCORE:
	image:0.000534317444679
	table:0.000538845131458
	graph:0.000354258791021
	flow:0.000477212968105
PARA:
Clueword:
	駆動:[0.0002,0.0004,0.0002,0.0000]
	感じる:[0.0010,0.0009,0.0003,0.0004]
	モデル:[0.0001,0.0000,0.0001,0.0000]
	よる:[0.0031,0.0025,0.0025,0.0031]
	選ぶ:[0.0007,0.0012,0.0000,0.0000]
	走行:[0.0002,0.0000,0.0002,0.0000]
	できる:[0.0045,0.0045,0.0015,0.0023]
	はずだ:[0.0003,0.0003,0.0001,0.0000]
	前後:[0.0012,0.0007,0.0047,0.0026]
	れる:[0.0087,0.0089,0.0045,0.0070]
	なる:[0.0091,0.0108,0.0069,0.0074]
	ベース:[0.0001,0.0001,0.0003,0.0001]
	トレンド:[0.0002,0.0006,0.0017,0.0000]
	する:[0.0384,0.0382,0.0182,0.0461]
	いる:[0.0131,0.0126,0.0100,0.0081]
	性能:[0.0001,0.0004,0.0000,0.0000]
	販売:[0.0001,0.0001,0.0001,0.0000]
	シリーズ:[0.0001,0.0000,0.0001,0.0000]
	現在:[0.0003,0.0004,0.0003,0.0014]
	こと:[0.0094,0.0098,0.0051,0.0087]
	クラス:[0.0001,0.0003,0.0000,0.0000]
	状況:[0.0003,0.0018,0.0004,0.0003]
	楽しい:[0.0000,0.0001,0.0001,0.0000]
	コンパクト:[0.0000,0.0000,0.0000,0.0000]
	トルク:[0.0000,0.0000,0.0000,0.0000]
	続ける:[0.0002,0.0004,0.0005,0.0000]
	大きな:[0.0016,0.0005,0.0005,0.0003]
	採用:[0.0002,0.0001,0.0002,0.0000]
	アクセル:[0.0000,0.0000,0.0000,0.0000]
	せる:[0.0017,0.0005,0.0006,0.0030]
	的だ:[0.0029,0.0050,0.0013,0.0019]
	オーナー:[0.0000,0.0000,0.0001,0.0000]
	ます:[0.0273,0.0231,0.0151,0.0228]
	配分:[0.0001,0.0001,0.0028,0.0000]
	また:[0.0021,0.0013,0.0011,0.0018]
	こだわる:[0.0001,0.0000,0.0000,0.0000]
	比べる:[0.0003,0.0012,0.0016,0.0000]
	フルタイム:[0.0000,0.0000,0.0000,0.0000]
	唯一:[0.0001,0.0005,0.0000,0.0000]
	積極:[0.0001,0.0001,0.0000,0.0000]
	インテリジェント:[0.0000,0.0000,0.0000,0.0000]
	おる:[0.0006,0.0001,0.0003,0.0000]
	流す:[0.0004,0.0001,0.0000,0.0004]
	走る:[0.0002,0.0001,0.0002,0.0000]
	コントロール:[0.0001,0.0000,0.0000,0.0000]
	向上:[0.0000,0.0001,0.0031,0.0000]
	セグメント:[0.0001,0.0000,0.0000,0.0000]
	でも:[0.0018,0.0029,0.0017,0.0004]
	ない:[0.0085,0.0106,0.0062,0.0077]
	違う:[0.0009,0.0011,0.0008,0.0003]
True-Positive

Section:7
	Ｆｌａｇ：：００００
	１シリーズから７シリーズまで、ＢＭＷのラインナップはほぼＦＲを採用していますが、２０１５年にＢＭＷは２シリーズ・アクティブツアラーとグランツアラーというＦＦを採用したモデルを追加しています。
	ＢＭＷでは初のＦＦモデルですが、さすがはＦＲにこだわり続けてきたブランド。
	ＦＦのデメリットを極限まで減らし、実にＦＲのようなフィーリングを楽しめる味付けになっています。
	ＢＭＷはたとえ駆動方式がＦＦとなっても、味付けの基本はＦＲなのです。
Score:0.00185226129531
EACH_TAG_SCORE:
	image:0.000519217633544
	table:0.000534537652484
	graph:0.000314879226006
	flow:0.000483626783275
PARA:
Clueword:
	駆動:[0.0002,0.0004,0.0002,0.0000]
	いう:[0.0048,0.0059,0.0042,0.0034]
	採用:[0.0002,0.0001,0.0002,0.0000]
	モデル:[0.0001,0.0000,0.0001,0.0000]
	まで:[0.0015,0.0020,0.0015,0.0016]
	続ける:[0.0002,0.0004,0.0005,0.0000]
	ます:[0.0273,0.0231,0.0151,0.0228]
	ブランド:[0.0003,0.0005,0.0000,0.0000]
	くる:[0.0017,0.0012,0.0011,0.0007]
	のだ:[0.0069,0.0071,0.0039,0.0054]
	から:[0.0059,0.0058,0.0033,0.0058]
	楽しめる:[0.0000,0.0000,0.0001,0.0000]
	ライン:[0.0003,0.0001,0.0001,0.0001]
	デメリット:[0.0006,0.0044,0.0001,0.0000]
	なる:[0.0091,0.0108,0.0069,0.0074]
	フィーリング:[0.0000,0.0000,0.0000,0.0000]
	基本:[0.0004,0.0010,0.0003,0.0001]
	する:[0.0384,0.0382,0.0182,0.0461]
	いる:[0.0131,0.0126,0.0100,0.0081]
	シリーズ:[0.0001,0.0000,0.0001,0.0000]
	ほぼ:[0.0002,0.0003,0.0007,0.0000]
	こだわる:[0.0001,0.0000,0.0000,0.0000]
	方式:[0.0000,0.0012,0.0000,0.0000]
	減らす:[0.0001,0.0005,0.0023,0.0003]
	ようだ:[0.0046,0.0040,0.0016,0.0063]
	追加:[0.0001,0.0000,0.0000,0.0003]
False-Positive

Section:2
	Ｆｌａｇ：：１０００
	スポーティな走りと抜群の重量配分を実現する
	ＢＭＷはフロント・エンジン＋後輪駆動という「ＦＲ」のレイアウトに強いこだわりを持つメーカーです。
	「駆け抜ける歓び」をブランドコンセプトに掲げるＢＭＷは、運動性能や乗り心地といった走りのフィーリングをダイレクトにドライバーに伝えるために長きに渡りこのレイアウトを採用してきました。
Score:0.00165304405411
EACH_TAG_SCORE:
	image:0.000474181058528
	table:0.000445077018149
	graph:0.000277895560976
	flow:0.000455890416463
PARA:
Clueword:
	スポーティだ:[0.0000,0.0000,0.0001,0.0000]
	駆動:[0.0002,0.0004,0.0002,0.0000]
	いう:[0.0048,0.0059,0.0042,0.0034]
	採用:[0.0002,0.0001,0.0002,0.0000]
	後輪:[0.0002,0.0004,0.0001,0.0000]
	駆け抜ける:[0.0000,0.0000,0.0000,0.0000]
	ます:[0.0273,0.0231,0.0151,0.0228]
	配分:[0.0001,0.0001,0.0028,0.0000]
	くる:[0.0017,0.0012,0.0011,0.0007]
	持つ:[0.0008,0.0008,0.0001,0.0014]
	渡る:[0.0001,0.0000,0.0000,0.0001]
	レイアウト:[0.0001,0.0000,0.0000,0.0001]
	抜群だ:[0.0001,0.0000,0.0000,0.0000]
	フィーリング:[0.0000,0.0000,0.0000,0.0000]
	心地:[0.0000,0.0000,0.0000,0.0000]
	エンジン:[0.0005,0.0002,0.0002,0.0000]
	する:[0.0384,0.0382,0.0182,0.0461]
	こだわる:[0.0001,0.0000,0.0000,0.0000]
	掲げる:[0.0001,0.0000,0.0001,0.0000]
	コンセプト:[0.0000,0.0000,0.0000,0.0000]
	性能:[0.0001,0.0004,0.0000,0.0000]
	乗る:[0.0001,0.0000,0.0000,0.0000]
	歓ぶ:[0.0000,0.0000,0.0000,0.0000]
	強い:[0.0005,0.0006,0.0001,0.0000]
	フロント:[0.0000,0.0000,0.0001,0.0000]
	伝える:[0.0005,0.0003,0.0002,0.0001]
	走る:[0.0002,0.0001,0.0002,0.0000]
	メーカー:[0.0001,0.0001,0.0000,0.0005]
	ため:[0.0033,0.0030,0.0025,0.0027]
	ダイレクトだ:[0.0001,0.0000,0.0000,0.0000]
	実現:[0.0001,0.0002,0.0001,0.0001]
	長い:[0.0013,0.0005,0.0022,0.0003]
	重量:[0.0000,0.0003,0.0001,0.0000]
	ドライバー:[0.0000,0.0002,0.0002,0.0000]
	運動:[0.0000,0.0000,0.0000,0.0000]
	ブランド:[0.0003,0.0005,0.0000,0.0000]
True-Positive

Section:5
	Ｆｌａｇ：：００００
	ＢＭＷＸ５
	四輪駆動でも前輪駆動でも、味付けの基本はＦＲ
Score:0.000250244646229
EACH_TAG_SCORE:
	image:6.55957885412e-05
	table:0.000113879717434
	graph:5.68426940576e-05
	flow:1.39264461964e-05
PARA:
Clueword:
	基本:[0.0004,0.0010,0.0003,0.0001]
	駆動:[0.0002,0.0004,0.0002,0.0000]
	前輪:[0.0000,0.0001,0.0001,0.0000]
	でも:[0.0018,0.0029,0.0017,0.0004]
False-Positive

True-Negative:0
False-Positive:3
True-Positive:4
False-Negative:0
precision = 0.571429
recall = 1.000000
fvalue = 0.727273