Section:4
	Ｆｌａｇ：：１１１０
	金髪
	世界の全人口の中で１．７～２．０％しかいないのがこの金髪です。
	金髪には白色に近いプラチナブロンドやトゥーヘアード、暗い色のダークブロンドに至るまで細かく種類分けされています。
	天然の金髪は毛髪の太さは最も細いですが、量は他の色のものより多く、約１４万本が平均です。
Score:0.00315610488063
EACH_TAG_SCORE:
	image:0.000822772690936
	table:0.000918051563638
	graph:0.000739620657451
	flow:0.00067565996861
PARA:
Clueword:
	分ける:[0.0003,0.0015,0.0002,0.0001]
	％:[0.0000,0.0004,0.0261,0.0000]
	多い:[0.0023,0.0031,0.0031,0.0006]
	しか:[0.0007,0.0006,0.0011,0.0000]
	天然:[0.0001,0.0001,0.0001,0.0000]
	至る:[0.0001,0.0001,0.0002,0.0000]
	他の:[0.0003,0.0003,0.0003,0.0002]
	細かい:[0.0008,0.0003,0.0001,0.0002]
	細い:[0.0014,0.0007,0.0001,0.0000]
	ダーク:[0.0002,0.0001,0.0001,0.0000]
	より:[0.0013,0.0022,0.0013,0.0003]
	まで:[0.0015,0.0020,0.0015,0.0016]
	ます:[0.0273,0.0231,0.0151,0.0228]
	れる:[0.0087,0.0089,0.0045,0.0070]
	です:[0.0010,0.0012,0.0006,0.0005]
	最も:[0.0006,0.0030,0.0035,0.0001]
	ブロンド:[0.0001,0.0001,0.0003,0.0000]
	太い:[0.0017,0.0012,0.0004,0.0001]
	毛髪:[0.0001,0.0001,0.0003,0.0000]
	プラチナ:[0.0000,0.0001,0.0001,0.0000]
	する:[0.0384,0.0382,0.0182,0.0461]
	暗い:[0.0015,0.0003,0.0001,0.0000]
	いる:[0.0131,0.0126,0.0100,0.0081]
	白色:[0.0011,0.0000,0.0001,0.0000]
	世界:[0.0005,0.0007,0.0008,0.0008]
	人口:[0.0001,0.0001,0.0017,0.0000]
	種類:[0.0024,0.0168,0.0004,0.0001]
	金髪:[0.0005,0.0002,0.0006,0.0000]
	平均:[0.0001,0.0014,0.0086,0.0000]
	近い:[0.0012,0.0004,0.0003,0.0000]
	ない:[0.0085,0.0106,0.0062,0.0077]
	トゥーヘアード:[0.0004,0.0000,0.0001,0.0000]
	もの:[0.0031,0.0027,0.0008,0.0016]
True-Positive

Section:1
	Ｆｌａｇ：：１１００
	世界の人の髪の毛の色
	世界には様々な人種の人が暮らしています。
	人種が違えば髪の毛の色も様々。
	世界には大きく分けて４種類の髪色があります。
Score:0.00251720304054
EACH_TAG_SCORE:
	image:0.000723288143515
	table:0.000871056900968
	graph:0.000432173745936
	flow:0.000490684250118
PARA:
Clueword:
	分ける:[0.0003,0.0015,0.0002,0.0001]
	人種:[0.0001,0.0001,0.0000,0.0000]
	様々だ:[0.0001,0.0003,0.0000,0.0000]
	いる:[0.0131,0.0126,0.0100,0.0081]
	世界:[0.0005,0.0007,0.0008,0.0008]
	ある:[0.0105,0.0114,0.0037,0.0052]
	暮らす:[0.0001,0.0000,0.0001,0.0000]
	種類:[0.0024,0.0168,0.0004,0.0001]
	ます:[0.0273,0.0231,0.0151,0.0228]
	違う:[0.0009,0.0011,0.0008,0.0003]
	大きい:[0.0018,0.0011,0.0029,0.0014]
True-Positive

Section:5
	Ｆｌａｇ：：１１００
	赤毛
	赤毛は世界的に最も珍しい髪色です。
	主にスコットランドやアイルランドに多くみられます。
	金髪よりもさらに少なく、遺伝子の突然変異によって起こる劣性遺伝だといわれています。
	天然の赤毛は最も太く、量は最も少ない９万本が平均です。
Score:0.00214378449317
EACH_TAG_SCORE:
	image:0.000601332910932
	table:0.000618302332895
	graph:0.000495426363418
	flow:0.000428722885929
PARA:
Clueword:
	最も:[0.0006,0.0030,0.0035,0.0001]
	多い:[0.0023,0.0031,0.0031,0.0006]
	世界:[0.0005,0.0007,0.0008,0.0008]
	突然だ:[0.0000,0.0000,0.0000,0.0000]
	より:[0.0013,0.0022,0.0013,0.0003]
	よる:[0.0031,0.0025,0.0025,0.0031]
	主だ:[0.0004,0.0005,0.0000,0.0000]
	的だ:[0.0029,0.0050,0.0013,0.0019]
	珍しい:[0.0000,0.0000,0.0000,0.0000]
	天然:[0.0001,0.0001,0.0001,0.0000]
	ます:[0.0273,0.0231,0.0151,0.0228]
	変異:[0.0001,0.0000,0.0000,0.0001]
	れる:[0.0087,0.0089,0.0045,0.0070]
	いう:[0.0048,0.0059,0.0042,0.0034]
	みる:[0.0014,0.0012,0.0011,0.0005]
	太い:[0.0017,0.0012,0.0004,0.0001]
	さらに:[0.0007,0.0005,0.0008,0.0031]
	スコットランド:[0.0000,0.0000,0.0000,0.0000]
	いる:[0.0131,0.0126,0.0100,0.0081]
	劣性:[0.0000,0.0000,0.0000,0.0000]
	遺伝子:[0.0001,0.0004,0.0001,0.0000]
	少ない:[0.0012,0.0007,0.0015,0.0000]
	られる:[0.0025,0.0027,0.0015,0.0013]
	金髪:[0.0005,0.0002,0.0006,0.0000]
	平均:[0.0001,0.0014,0.0086,0.0000]
	アイルランド:[0.0000,0.0000,0.0000,0.0000]
	遺伝:[0.0001,0.0001,0.0000,0.0000]
	赤毛:[0.0004,0.0001,0.0000,0.0000]
	起こる:[0.0004,0.0004,0.0005,0.0000]
True-Positive

Section:3
	Ｆｌａｇ：：１１００
	栗毛
	黒髪の次に多いのが栗毛の人々で、世界のあらゆる地域にみられます。
	黒髪と同様、毛髪の太さは中程度で、量は約１０万本が平均です。
Score:0.00197460847816
EACH_TAG_SCORE:
	image:0.000519404939763
	table:0.000479579726625
	graph:0.000443368119437
	flow:0.000532255692337
PARA:
Clueword:
	程度:[0.0010,0.0014,0.0019,0.0008]
	多い:[0.0023,0.0031,0.0031,0.0006]
	次に:[0.0003,0.0001,0.0001,0.0133]
	世界:[0.0005,0.0007,0.0008,0.0008]
	あらゆる:[0.0004,0.0002,0.0000,0.0000]
	られる:[0.0025,0.0027,0.0015,0.0013]
	黒:[0.0007,0.0000,0.0000,0.0000]
	同様だ:[0.0003,0.0003,0.0000,0.0003]
	栗毛:[0.0004,0.0001,0.0000,0.0000]
	ます:[0.0273,0.0231,0.0151,0.0228]
	平均:[0.0001,0.0014,0.0086,0.0000]
	人々:[0.0001,0.0002,0.0001,0.0000]
	みる:[0.0014,0.0012,0.0011,0.0005]
	太い:[0.0017,0.0012,0.0004,0.0001]
	毛髪:[0.0001,0.0001,0.0003,0.0000]
	地域:[0.0004,0.0008,0.0007,0.0000]
True-Positive

Section:6
	Ｆｌａｇ：：００００
	自分に似合う髪色がいちばん
	このように世界には色々な髪色の人がいます。
	欧米の人からすると、日本人の髪を染める行為が不思議に映るそうです。
	「どうしてキレイな黒髪をわざわざ金髪や茶髪にするの？」と。
	どうやら、日本人がブロンドヘアーなどに憧れているように、欧米の人も日本人の黒髪を評価してくれているようですね。
	髪を染めればそれだけ髪も傷んでしまいます。
	長く豊かな自毛を保持していくには、若い頃に髪で遊びすぎない必要があります。
	それに、最近は流行りの髪色として、黒髪の良さが見直されていますよね。
	一度明るい髪色にしてしまった人でも「髪色戻したい」という衝動にかられるみたいですね。
	そして黒髪のままオシャレを楽めば、それだけ自毛の健康と美しさを保てますよ。
Score:0.00153645940938
EACH_TAG_SCORE:
	image:0.00044271325875
	table:0.000435313562334
	graph:0.000255123902647
	flow:0.000403308685653
PARA:
Clueword:
	ヘアー:[0.0000,0.0000,0.0001,0.0000]
	評価:[0.0000,0.0000,0.0001,0.0001]
	色々だ:[0.0000,0.0000,0.0000,0.0000]
	めだ:[0.0009,0.0007,0.0003,0.0006]
	遊ぶ:[0.0000,0.0001,0.0000,0.0000]
	れる:[0.0087,0.0089,0.0045,0.0070]
	しまう:[0.0023,0.0018,0.0012,0.0025]
	ブロンド:[0.0001,0.0001,0.0003,0.0000]
	自分:[0.0009,0.0013,0.0008,0.0013]
	日本:[0.0006,0.0009,0.0018,0.0009]
	する:[0.0384,0.0382,0.0182,0.0461]
	いる:[0.0131,0.0126,0.0100,0.0081]
	すぎる:[0.0007,0.0006,0.0001,0.0004]
	オシャレだ:[0.0000,0.0000,0.0001,0.0000]
	憧れる:[0.0000,0.0001,0.0000,0.0000]
	楽だ:[0.0000,0.0001,0.0000,0.0000]
	行為:[0.0001,0.0000,0.0000,0.0000]
	健康だ:[0.0002,0.0001,0.0000,0.0001]
	似合う:[0.0000,0.0000,0.0000,0.0000]
	だけ:[0.0013,0.0014,0.0007,0.0014]
	ようだ:[0.0046,0.0040,0.0016,0.0063]
	いく:[0.0015,0.0011,0.0005,0.0023]
	まま:[0.0002,0.0003,0.0002,0.0001]
	いう:[0.0048,0.0059,0.0042,0.0034]
	キレイだ:[0.0003,0.0000,0.0000,0.0000]
	世界:[0.0005,0.0007,0.0008,0.0008]
	そうだ:[0.0008,0.0003,0.0007,0.0005]
	ます:[0.0273,0.0231,0.0151,0.0228]
	たい:[0.0013,0.0013,0.0010,0.0014]
	流行る:[0.0001,0.0004,0.0003,0.0000]
	わざわざ:[0.0000,0.0000,0.0000,0.0000]
	豊かだ:[0.0000,0.0000,0.0000,0.0001]
	から:[0.0059,0.0058,0.0033,0.0058]
	くれる:[0.0006,0.0004,0.0000,0.0000]
	必要だ:[0.0014,0.0024,0.0006,0.0019]
	不思議だ:[0.0000,0.0000,0.0001,0.0001]
	みたいだ:[0.0001,0.0002,0.0002,0.0000]
	良い:[0.0011,0.0013,0.0006,0.0010]
	ある:[0.0105,0.0114,0.0037,0.0052]
	黒:[0.0007,0.0000,0.0000,0.0000]
	など:[0.0053,0.0054,0.0019,0.0021]
	金髪:[0.0005,0.0002,0.0006,0.0000]
	長い:[0.0013,0.0005,0.0022,0.0003]
	明るい:[0.0010,0.0001,0.0000,0.0000]
	そして:[0.0004,0.0004,0.0001,0.0025]
	美しい:[0.0002,0.0001,0.0000,0.0000]
	最近:[0.0002,0.0003,0.0018,0.0019]
	でも:[0.0018,0.0029,0.0017,0.0004]
	ない:[0.0085,0.0106,0.0062,0.0077]
	戻す:[0.0002,0.0001,0.0001,0.0003]
False-Positive

Section:2
	Ｆｌａｇ：：１１１０
	黒髪
	黒髪は世界で最も多い髪色です。
	東アジア、アフリカ、南アジア、ネイティブ・アメリカン、中東、地中海沿岸、太平洋諸島の出身者はほとんど黒髪の民族です。
	民族によって髪質や髪の太さが異なりますが、東アジアにはストレート、アフリカにはカールヘアーが多く見られます。
	毛髪の太さは中程度で、量は約１０万本が平均です。
Score:0.000982331105806
EACH_TAG_SCORE:
	image:0.000269268500418
	table:0.000262769607548
	graph:0.000266013494069
	flow:0.000184279503771
PARA:
Clueword:
	最も:[0.0006,0.0030,0.0035,0.0001]
	ヘアー:[0.0000,0.0000,0.0001,0.0000]
	多い:[0.0023,0.0031,0.0031,0.0006]
	世界:[0.0005,0.0007,0.0008,0.0008]
	よる:[0.0031,0.0025,0.0025,0.0031]
	地中海:[0.0000,0.0000,0.0001,0.0000]
	諸島:[0.0000,0.0000,0.0001,0.0000]
	カール:[0.0001,0.0001,0.0001,0.0000]
	ます:[0.0273,0.0231,0.0151,0.0228]
	異なる:[0.0007,0.0019,0.0001,0.0002]
	出身:[0.0002,0.0000,0.0004,0.0000]
	中東:[0.0000,0.0000,0.0001,0.0000]
	太平洋:[0.0000,0.0000,0.0001,0.0000]
	太い:[0.0017,0.0012,0.0004,0.0001]
	ネイティブ:[0.0000,0.0000,0.0001,0.0000]
	アジア:[0.0001,0.0001,0.0004,0.0000]
	民族:[0.0002,0.0001,0.0003,0.0000]
	程度:[0.0010,0.0014,0.0019,0.0008]
	沿岸:[0.0000,0.0000,0.0001,0.0000]
	られる:[0.0025,0.0027,0.0015,0.0013]
	黒:[0.0007,0.0000,0.0000,0.0000]
	ストレートだ:[0.0001,0.0001,0.0001,0.0000]
	毛髪:[0.0001,0.0001,0.0003,0.0000]
	平均:[0.0001,0.0014,0.0086,0.0000]
	ほとんど:[0.0007,0.0006,0.0018,0.0001]
	見る:[0.0020,0.0008,0.0013,0.0005]
	アメリカン:[0.0000,0.0000,0.0001,0.0000]
	アフリカ:[0.0001,0.0001,0.0004,0.0000]
True-Positive

True-Negative:0
False-Positive:1
True-Positive:5
False-Negative:0
precision = 0.833333
recall = 1.000000
fvalue = 0.909091