Section:6
	Ｆｌａｇ：：１０００
	醸造酒にはアセトン、フーゼル油、タンニンなどの「不純物」が多く含まれ、それらが二日酔いの症状を悪化させると考えられています。
Score:0.00488658691994
EACH_TAG_SCORE:
	image:0.00142092189989
	table:0.00139029216293
	graph:0.000811086907955
	flow:0.00126428594917
PARA:
Clueword:
	二日酔い:[0.0001,0.0006,0.0006,0.0000]
	醸造:[0.0001,0.0000,0.0000,0.0000]
	タンニン:[0.0000,0.0000,0.0000,0.0000]
	症状:[0.0018,0.0045,0.0008,0.0003]
	れる:[0.0087,0.0089,0.0045,0.0070]
	フーゼル:[0.0000,0.0000,0.0000,0.0000]
	多い:[0.0023,0.0031,0.0031,0.0006]
	する:[0.0384,0.0382,0.0182,0.0461]
	含む:[0.0009,0.0004,0.0006,0.0005]
	いる:[0.0131,0.0126,0.0100,0.0081]
	ます:[0.0273,0.0231,0.0151,0.0228]
	考える:[0.0013,0.0013,0.0007,0.0004]
	られる:[0.0025,0.0027,0.0015,0.0013]
	など:[0.0053,0.0054,0.0019,0.0021]
	せる:[0.0017,0.0005,0.0006,0.0030]
	悪化:[0.0001,0.0000,0.0014,0.0003]
	不純だ:[0.0000,0.0001,0.0003,0.0000]
	アセトン:[0.0000,0.0000,0.0000,0.0000]
True-Positive

Section:11
	Ｆｌａｇ：：１０００
	二日酔いを少しでも予防する場合、白ワイン、焼酎、ウォッカ、ジン、ラム、泡盛などメタノールの含有量が少ない蒸留酒を飲むのが効果的です。
	また、お酒を吟味することに加えて、食べ物、ドリンク、予防薬で対策をするとさらに二日酔いになりにくくなります。
Score:0.00308953764807
EACH_TAG_SCORE:
	image:0.000815639524003
	table:0.00105178137473
	graph:0.000468681060161
	flow:0.000753435689177
PARA:
Clueword:
	二日酔い:[0.0001,0.0006,0.0006,0.0000]
	食べ物:[0.0001,0.0000,0.0000,0.0000]
	こと:[0.0094,0.0098,0.0051,0.0087]
	ドリンク:[0.0000,0.0000,0.0001,0.0000]
	場合:[0.0045,0.0357,0.0045,0.0023]
	ウォッカ:[0.0000,0.0000,0.0001,0.0000]
	ます:[0.0273,0.0231,0.0151,0.0228]
	少し:[0.0010,0.0005,0.0002,0.0006]
	また:[0.0021,0.0013,0.0011,0.0018]
	予防:[0.0001,0.0003,0.0003,0.0000]
	にくい:[0.0008,0.0010,0.0001,0.0004]
	対策:[0.0005,0.0005,0.0003,0.0011]
	なる:[0.0091,0.0108,0.0069,0.0074]
	メタノール:[0.0000,0.0003,0.0010,0.0000]
	さらに:[0.0007,0.0005,0.0008,0.0031]
	効果:[0.0010,0.0015,0.0005,0.0000]
	する:[0.0384,0.0382,0.0182,0.0461]
	含有:[0.0000,0.0000,0.0003,0.0000]
	ワイン:[0.0007,0.0000,0.0000,0.0000]
	少ない:[0.0012,0.0007,0.0015,0.0000]
	飲む:[0.0003,0.0002,0.0001,0.0006]
	など:[0.0053,0.0054,0.0019,0.0021]
	吟味:[0.0000,0.0000,0.0000,0.0000]
	的だ:[0.0029,0.0050,0.0013,0.0019]
	加える:[0.0001,0.0002,0.0001,0.0000]
	蒸留:[0.0001,0.0001,0.0000,0.0000]
	でも:[0.0018,0.0029,0.0017,0.0004]
True-Positive

Section:5
	Ｆｌａｇ：：００００
	醸造酒を避け、蒸留酒を飲む
	醸造酒を避け、蒸留酒を飲む蒸留酒は醸造酒（のような原液）を沸騰させ、アルコール分を高め不純物を取り除いたお酒です。
	蒸留酒の方が不純物が少ないため、二日酔いになりにくくなっています。
Score:0.00303299364225
EACH_TAG_SCORE:
	image:0.000866154522562
	table:0.0008219604319
	graph:0.000502615280677
	flow:0.000842263407113
PARA:
Clueword:
	二日酔い:[0.0001,0.0006,0.0006,0.0000]
	醸造:[0.0001,0.0000,0.0000,0.0000]
	にくい:[0.0008,0.0010,0.0001,0.0004]
	高める:[0.0001,0.0001,0.0001,0.0000]
	ます:[0.0273,0.0231,0.0151,0.0228]
	なる:[0.0091,0.0108,0.0069,0.0074]
	取り除く:[0.0001,0.0000,0.0000,0.0000]
	する:[0.0384,0.0382,0.0182,0.0461]
	いる:[0.0131,0.0126,0.0100,0.0081]
	少ない:[0.0012,0.0007,0.0015,0.0000]
	避ける:[0.0001,0.0001,0.0003,0.0002]
	飲む:[0.0003,0.0002,0.0001,0.0006]
	せる:[0.0017,0.0005,0.0006,0.0030]
	ため:[0.0033,0.0030,0.0025,0.0027]
	アルコール:[0.0000,0.0002,0.0004,0.0000]
	蒸留:[0.0001,0.0001,0.0000,0.0000]
	ようだ:[0.0046,0.0040,0.0016,0.0063]
	不純だ:[0.0000,0.0001,0.0003,0.0000]
False-Positive

Section:1
	Ｆｌａｇ：：０１００
	二日酔いしにくいお酒の種類
	お酒はその分類方法によって、二日酔いしやすいお酒と二日酔いしにくいお酒に分けることができます。
	この分類はお酒の性質とその作られ方に依存します。
	ここでは二日酔いを予防、防止するために、二日酔いしやすいお酒について、その種類となぜ二日酔いしやすいのかについて紹介しています。
Score:0.00286086846776
EACH_TAG_SCORE:
	image:0.000781788833045
	table:0.000900278158625
	graph:0.000410628413689
	flow:0.000768173062403
PARA:
Clueword:
	分ける:[0.0003,0.0015,0.0002,0.0001]
	二日酔い:[0.0001,0.0006,0.0006,0.0000]
	にくい:[0.0008,0.0010,0.0001,0.0004]
	よる:[0.0031,0.0025,0.0025,0.0031]
	作る:[0.0011,0.0012,0.0001,0.0018]
	できる:[0.0045,0.0045,0.0015,0.0023]
	ます:[0.0273,0.0231,0.0151,0.0228]
	紹介:[0.0004,0.0003,0.0000,0.0000]
	予防:[0.0001,0.0003,0.0003,0.0000]
	れる:[0.0087,0.0089,0.0045,0.0070]
	方法:[0.0019,0.0038,0.0001,0.0127]
	する:[0.0384,0.0382,0.0182,0.0461]
	いる:[0.0131,0.0126,0.0100,0.0081]
	分類:[0.0005,0.0050,0.0000,0.0010]
	依存:[0.0000,0.0000,0.0001,0.0000]
	種類:[0.0024,0.0168,0.0004,0.0001]
	性質:[0.0001,0.0011,0.0001,0.0000]
	ため:[0.0033,0.0030,0.0025,0.0027]
	なぜ:[0.0001,0.0002,0.0000,0.0000]
	つく:[0.0016,0.0013,0.0004,0.0009]
	のだ:[0.0069,0.0071,0.0039,0.0054]
	こと:[0.0094,0.0098,0.0051,0.0087]
	防止:[0.0001,0.0001,0.0001,0.0001]
	やすい:[0.0024,0.0029,0.0006,0.0011]
True-Positive

Section:4
	Ｆｌａｇ：：１０００
	最も酔いにくいお酒はエタノール１００％
	最も酔いにくいお酒はエタノール１００％意外かもしれませんが、最も二日酔いになりにくいお酒はエタノール１００％です。
	同じ量ならば、アルコールは純粋であるほど二日酔いしにくくなっています。
Score:0.00284586605647
EACH_TAG_SCORE:
	image:0.000741732420609
	table:0.00074877235773
	graph:0.000666278420702
	flow:0.00068908285743
PARA:
Clueword:
	最も:[0.0006,0.0030,0.0035,0.0001]
	％:[0.0000,0.0004,0.0261,0.0000]
	二日酔い:[0.0001,0.0006,0.0006,0.0000]
	純粋だ:[0.0001,0.0000,0.0000,0.0000]
	しれる:[0.0003,0.0002,0.0001,0.0000]
	アルコール:[0.0000,0.0002,0.0004,0.0000]
	同じだ:[0.0010,0.0013,0.0009,0.0005]
	かも:[0.0004,0.0003,0.0001,0.0000]
	エタノール:[0.0000,0.0001,0.0001,0.0000]
	にくい:[0.0008,0.0010,0.0001,0.0004]
	なる:[0.0091,0.0108,0.0069,0.0074]
	酔う:[0.0000,0.0000,0.0000,0.0000]
	する:[0.0384,0.0382,0.0182,0.0461]
	いる:[0.0131,0.0126,0.0100,0.0081]
	ます:[0.0273,0.0231,0.0151,0.0228]
	意外だ:[0.0001,0.0001,0.0001,0.0000]
	ほど:[0.0005,0.0009,0.0003,0.0000]
True-Positive

Section:9
	Ｆｌａｇ：：０１００
	安いお酒を避け、高いお酒を飲む
	お酒の値段は非常に重要な二日酔いの指標になります。
	理由は値段が高いほどより不純物を取り除く（メタノールを含む）作業が多く行われているからです。
	同じ蒸留酒であっても高いお酒を飲むほうが二日酔いしにくく体にも優しくなります。
	同じお酒でもメーカーなどによっても成分は異なる
	同じ値段のビールであってもＡ社だと二日酔いしないがＳ社だと二日酔いしやすい、とうい現象はよくあることです。
Score:0.00259323882211
EACH_TAG_SCORE:
	image:0.000726621754029
	table:0.000764489551862
	graph:0.000485586113673
	flow:0.000616541402546
PARA:
Clueword:
	非常だ:[0.0005,0.0006,0.0002,0.0000]
	にくい:[0.0008,0.0010,0.0001,0.0004]
	より:[0.0013,0.0022,0.0013,0.0003]
	重要だ:[0.0004,0.0007,0.0004,0.0000]
	でも:[0.0018,0.0029,0.0017,0.0004]
	同じだ:[0.0010,0.0013,0.0009,0.0005]
	現象:[0.0003,0.0003,0.0000,0.0000]
	安い:[0.0001,0.0006,0.0003,0.0000]
	二日酔い:[0.0001,0.0006,0.0006,0.0000]
	行う:[0.0006,0.0007,0.0001,0.0022]
	ます:[0.0273,0.0231,0.0151,0.0228]
	異なる:[0.0007,0.0019,0.0001,0.0002]
	から:[0.0059,0.0058,0.0033,0.0058]
	れる:[0.0087,0.0089,0.0045,0.0070]
	多い:[0.0023,0.0031,0.0031,0.0006]
	成分:[0.0011,0.0005,0.0040,0.0000]
	なる:[0.0091,0.0108,0.0069,0.0074]
	メタノール:[0.0000,0.0003,0.0010,0.0000]
	ある:[0.0105,0.0114,0.0037,0.0052]
	取り除く:[0.0001,0.0000,0.0000,0.0000]
	する:[0.0384,0.0382,0.0182,0.0461]
	含む:[0.0009,0.0004,0.0006,0.0005]
	メーカー:[0.0001,0.0001,0.0000,0.0005]
	いる:[0.0131,0.0126,0.0100,0.0081]
	理由:[0.0003,0.0005,0.0006,0.0001]
	こと:[0.0094,0.0098,0.0051,0.0087]
	避ける:[0.0001,0.0001,0.0003,0.0002]
	高い:[0.0007,0.0015,0.0101,0.0005]
	やすい:[0.0024,0.0029,0.0006,0.0011]
	飲む:[0.0003,0.0002,0.0001,0.0006]
	指標:[0.0000,0.0005,0.0000,0.0000]
	ほど:[0.0005,0.0009,0.0003,0.0000]
	値段:[0.0000,0.0003,0.0006,0.0000]
	よい:[0.0014,0.0014,0.0004,0.0004]
	とう:[0.0000,0.0001,0.0000,0.0001]
	よる:[0.0031,0.0025,0.0025,0.0031]
	優しい:[0.0001,0.0002,0.0000,0.0000]
	ビール:[0.0000,0.0001,0.0000,0.0000]
	蒸留:[0.0001,0.0001,0.0000,0.0000]
	ほう:[0.0001,0.0006,0.0001,0.0000]
	ない:[0.0085,0.0106,0.0062,0.0077]
	不純だ:[0.0000,0.0001,0.0003,0.0000]
	作業:[0.0002,0.0001,0.0001,0.0011]
	など:[0.0053,0.0054,0.0019,0.0021]
True-Positive

Section:10
	Ｆｌａｇ：：００００
	上記分類と比較するとそのような現象に悩まされる人は少ないものの、実際に起こります。
	これはメーカー（厳密には成分または作り方）と個人の相性という他ありません。
	ビールは飲めない、日本酒は飲めないなど、あるお酒に嫌悪感がある人は他メーカーや他ブランドを飲んでみるのがいいかもしれません。
	まとめ二日酔い予防に適したお酒
Score:0.00255520184507
EACH_TAG_SCORE:
	image:0.000712919885296
	table:0.000769865812002
	graph:0.000455441211169
	flow:0.0006169749366
PARA:
Clueword:
	上記:[0.0012,0.0005,0.0000,0.0000]
	いい:[0.0008,0.0008,0.0005,0.0002]
	現象:[0.0003,0.0003,0.0000,0.0000]
	実際:[0.0003,0.0001,0.0007,0.0004]
	作る:[0.0011,0.0012,0.0001,0.0018]
	二日酔い:[0.0001,0.0006,0.0006,0.0000]
	適す:[0.0002,0.0003,0.0000,0.0000]
	ます:[0.0273,0.0231,0.0151,0.0228]
	ブランド:[0.0003,0.0005,0.0000,0.0000]
	まとめる:[0.0002,0.0001,0.0002,0.0001]
	予防:[0.0001,0.0003,0.0003,0.0000]
	れる:[0.0087,0.0089,0.0045,0.0070]
	いう:[0.0048,0.0059,0.0042,0.0034]
	成分:[0.0011,0.0005,0.0040,0.0000]
	比較:[0.0011,0.0083,0.0104,0.0003]
	悩む:[0.0009,0.0001,0.0000,0.0009]
	日本:[0.0006,0.0009,0.0018,0.0009]
	する:[0.0384,0.0382,0.0182,0.0461]
	または:[0.0007,0.0006,0.0001,0.0008]
	みる:[0.0014,0.0012,0.0011,0.0005]
	かも:[0.0004,0.0003,0.0001,0.0000]
	少ない:[0.0012,0.0007,0.0015,0.0000]
	相性:[0.0001,0.0001,0.0000,0.0000]
	分類:[0.0005,0.0050,0.0000,0.0010]
	ある:[0.0105,0.0114,0.0037,0.0052]
	飲む:[0.0003,0.0002,0.0001,0.0006]
	など:[0.0053,0.0054,0.0019,0.0021]
	個人:[0.0001,0.0004,0.0002,0.0004]
	メーカー:[0.0001,0.0001,0.0000,0.0005]
	ビール:[0.0000,0.0001,0.0000,0.0000]
	もの:[0.0031,0.0027,0.0008,0.0016]
	しれる:[0.0003,0.0002,0.0001,0.0000]
	ない:[0.0085,0.0106,0.0062,0.0077]
	起こる:[0.0004,0.0004,0.0005,0.0000]
	厳密だ:[0.0000,0.0002,0.0000,0.0000]
False-Positive

Section:7
	Ｆｌａｇ：：１０００
	醸造酒と蒸留酒の最も単純な見分け方はお酒の色の濃さです。
	色の濃いお酒は比較的醸造酒であることが多く、色の薄い（透明）なお酒は蒸留酒であることが多くなっています。
Score:0.00247929880568
EACH_TAG_SCORE:
	image:0.000700171563097
	table:0.000741268050347
	graph:0.000515953917398
	flow:0.000521905274835
PARA:
Clueword:
	最も:[0.0006,0.0030,0.0035,0.0001]
	いる:[0.0131,0.0126,0.0100,0.0081]
	ます:[0.0273,0.0231,0.0151,0.0228]
	多い:[0.0023,0.0031,0.0031,0.0006]
	醸造:[0.0001,0.0000,0.0000,0.0000]
	濃い:[0.0011,0.0006,0.0008,0.0000]
	薄い:[0.0002,0.0002,0.0000,0.0000]
	なる:[0.0091,0.0108,0.0069,0.0074]
	こと:[0.0094,0.0098,0.0051,0.0087]
	見分ける:[0.0001,0.0000,0.0000,0.0000]
	蒸留:[0.0001,0.0001,0.0000,0.0000]
	なお:[0.0003,0.0003,0.0001,0.0002]
	単純だ:[0.0001,0.0001,0.0001,0.0000]
	比較的:[0.0005,0.0045,0.0028,0.0000]
	透明だ:[0.0000,0.0000,0.0000,0.0000]
True-Positive

Section:3
	Ｆｌａｇ：：０１００
	二日酔いしにくいお酒３つの条件
	蒸留酒やエタノールのみのお酒は二日酔いしにくくなります。
	また、ビールを除く多くのお酒は値段に比例して二日酔いしにくくなります。
	各アルコールがそれぞれどの分類に当てはまるかを表したものが以下の表になります。
Score:0.00240016968679
EACH_TAG_SCORE:
	image:0.000659356491916
	table:0.000715547532963
	graph:0.000391548933101
	flow:0.000633716728806
PARA:
Clueword:
	二日酔い:[0.0001,0.0006,0.0006,0.0000]
	多く:[0.0006,0.0005,0.0054,0.0001]
	アルコール:[0.0000,0.0002,0.0004,0.0000]
	条件:[0.0007,0.0064,0.0001,0.0006]
	ます:[0.0273,0.0231,0.0151,0.0228]
	また:[0.0021,0.0013,0.0011,0.0018]
	エタノール:[0.0000,0.0001,0.0001,0.0000]
	にくい:[0.0008,0.0010,0.0001,0.0004]
	蒸留:[0.0001,0.0001,0.0000,0.0000]
	のみ:[0.0002,0.0003,0.0000,0.0000]
	当てはまる:[0.0001,0.0001,0.0000,0.0000]
	なる:[0.0091,0.0108,0.0069,0.0074]
	する:[0.0384,0.0382,0.0182,0.0461]
	分類:[0.0005,0.0050,0.0000,0.0010]
	値段:[0.0000,0.0003,0.0006,0.0000]
	それぞれ:[0.0004,0.0016,0.0000,0.0001]
	除く:[0.0000,0.0001,0.0000,0.0000]
	表す:[0.0002,0.0001,0.0000,0.0000]
	以下:[0.0025,0.0010,0.0002,0.0011]
	ビール:[0.0000,0.0001,0.0000,0.0000]
	表:[0.0000,0.0004,0.0000,0.0000]
	比例:[0.0000,0.0000,0.0015,0.0000]
	もの:[0.0031,0.0027,0.0008,0.0016]
True-Positive

Section:2
	Ｆｌａｇ：：００００
	お酒の種類以外で飲酒中に気をつけるべき二日酔い対策については、以下をご参照下さい。
	飲む前の二日酔い予防策
	二日酔い防止策で避けるべきこと
	二日酔いを予防する食べ物
Score:0.00235250333901
EACH_TAG_SCORE:
	image:0.000641243505559
	table:0.000768816789739
	graph:0.00028539866403
	flow:0.000657044379681
PARA:
Clueword:
	する:[0.0384,0.0382,0.0182,0.0461]
	二日酔い:[0.0001,0.0006,0.0006,0.0000]
	避ける:[0.0001,0.0001,0.0003,0.0002]
	こと:[0.0094,0.0098,0.0051,0.0087]
	種類:[0.0024,0.0168,0.0004,0.0001]
	下さる:[0.0004,0.0003,0.0001,0.0000]
	つく:[0.0016,0.0013,0.0004,0.0009]
	参照:[0.0010,0.0000,0.0001,0.0000]
	以下:[0.0025,0.0010,0.0002,0.0011]
	予防:[0.0001,0.0003,0.0003,0.0000]
	対策:[0.0005,0.0005,0.0003,0.0011]
	食べ物:[0.0001,0.0000,0.0000,0.0000]
	防止:[0.0001,0.0001,0.0001,0.0001]
	飲む:[0.0003,0.0002,0.0001,0.0006]
	以外:[0.0016,0.0017,0.0001,0.0001]
	べし:[0.0003,0.0001,0.0001,0.0000]
	つける:[0.0008,0.0004,0.0000,0.0020]
False-Positive

Section:8
	Ｆｌａｇ：：０１１０
	不純物入りを避ける
	ある実験で赤ワインと白ワインを飲んだグループを比較した所、赤ワインを飲んだグループの方が血中セントロニン、ヒスタミンの濃度が高く、二日酔いによる頭痛の程度が激しかったという結果が出ました。
	これはアルコールに含まれる不純物の量による違いです。
	意外ですが、ウォッカはアルコール濃度の割りには二日酔いしにくくなっています。
	ウォッカはバーボンの１／３７の不純物しか含まれません。
	メタノール含有は避ける
	メタノール含有は避けるウィスキーやブランデーといった風味が強く独特のクセのある蒸留酒やワインなどの果実酒には、微量のメタノールが含まれています。
	これらメタノールは通常のアルコールと比較すると身体に長く留まります。
	理由はエタノールの分解がメタノールにより阻害されることと、メタノールは分解に非常に長い時間がかかるためです。
	その結果、翌朝以降もお酒が残ってしまい二日酔いの症状が長引く原因となります。
	また、メタノールそのものが有毒であり、少量であっても頭痛、めまい、吐き気の原因になります。
	同じビールであっても柑橘系のビールだと二日酔いしやすいなどはこのメタノールが原因かもしれません。
	メタノールが原因の二日酔いについてはメタノールが原因の二日酔い対策をご参照下さい。
Score:0.00107215800615
EACH_TAG_SCORE:
	image:0.000288662084333
	table:0.000308144687559
	graph:0.000234823637879
	flow:0.000240527596379
PARA:
Clueword:
	非常だ:[0.0005,0.0006,0.0002,0.0000]
	時間:[0.0004,0.0011,0.0010,0.0004]
	実験:[0.0000,0.0001,0.0000,0.0000]
	濃度:[0.0000,0.0005,0.0078,0.0000]
	身体:[0.0002,0.0001,0.0004,0.0002]
	よる:[0.0031,0.0025,0.0025,0.0031]
	しれる:[0.0003,0.0002,0.0001,0.0000]
	同じだ:[0.0010,0.0013,0.0009,0.0005]
	以降:[0.0000,0.0001,0.0020,0.0019]
	症状:[0.0018,0.0045,0.0008,0.0003]
	エタノール:[0.0000,0.0001,0.0001,0.0000]
	れる:[0.0087,0.0089,0.0045,0.0070]
	対策:[0.0005,0.0005,0.0003,0.0011]
	しまう:[0.0023,0.0018,0.0012,0.0025]
	かかる:[0.0002,0.0011,0.0002,0.0002]
	なる:[0.0091,0.0108,0.0069,0.0074]
	阻害:[0.0000,0.0003,0.0001,0.0005]
	する:[0.0384,0.0382,0.0182,0.0461]
	含む:[0.0009,0.0004,0.0006,0.0005]
	いる:[0.0131,0.0126,0.0100,0.0081]
	微量:[0.0000,0.0000,0.0015,0.0000]
	しか:[0.0007,0.0006,0.0011,0.0000]
	避ける:[0.0001,0.0001,0.0003,0.0002]
	メタノール:[0.0000,0.0003,0.0010,0.0000]
	意外だ:[0.0001,0.0001,0.0001,0.0000]
	長引く:[0.0000,0.0000,0.0001,0.0000]
	つく:[0.0016,0.0013,0.0004,0.0009]
	割る:[0.0000,0.0001,0.0003,0.0000]
	入り:[0.0001,0.0001,0.0003,0.0000]
	残る:[0.0002,0.0001,0.0005,0.0002]
	少量だ:[0.0000,0.0000,0.0001,0.0000]
	ビール:[0.0000,0.0001,0.0000,0.0000]
	結果:[0.0004,0.0004,0.0011,0.0007]
	蒸留:[0.0001,0.0001,0.0000,0.0000]
	果実:[0.0001,0.0000,0.0000,0.0000]
	下さる:[0.0004,0.0003,0.0001,0.0000]
	翌朝:[0.0000,0.0000,0.0001,0.0000]
	比較:[0.0011,0.0083,0.0104,0.0003]
	二日酔い:[0.0001,0.0006,0.0006,0.0000]
	いう:[0.0048,0.0059,0.0042,0.0034]
	風味:[0.0000,0.0000,0.0000,0.0000]
	そのもの:[0.0000,0.0002,0.0001,0.0000]
	ウォッカ:[0.0000,0.0000,0.0001,0.0000]
	頭痛:[0.0000,0.0001,0.0001,0.0000]
	ます:[0.0273,0.0231,0.0151,0.0228]
	強い:[0.0005,0.0006,0.0001,0.0000]
	また:[0.0021,0.0013,0.0011,0.0018]
	にくい:[0.0008,0.0010,0.0001,0.0004]
	めまい:[0.0000,0.0001,0.0001,0.0000]
	分解:[0.0001,0.0003,0.0003,0.0000]
	クセ:[0.0001,0.0000,0.0000,0.0002]
	かも:[0.0004,0.0003,0.0001,0.0000]
	程度:[0.0010,0.0014,0.0019,0.0008]
	理由:[0.0003,0.0005,0.0006,0.0001]
	含有:[0.0000,0.0000,0.0003,0.0000]
	ワイン:[0.0007,0.0000,0.0000,0.0000]
	高い:[0.0007,0.0015,0.0101,0.0005]
	ある:[0.0105,0.0114,0.0037,0.0052]
	吐き気:[0.0000,0.0000,0.0001,0.0000]
	飲む:[0.0003,0.0002,0.0001,0.0006]
	など:[0.0053,0.0054,0.0019,0.0021]
	留まる:[0.0000,0.0000,0.0001,0.0000]
	参照:[0.0010,0.0000,0.0001,0.0000]
	ため:[0.0033,0.0030,0.0025,0.0027]
	通常:[0.0003,0.0003,0.0006,0.0003]
	長い:[0.0013,0.0005,0.0022,0.0003]
	出る:[0.0008,0.0010,0.0006,0.0004]
	激しい:[0.0000,0.0000,0.0002,0.0000]
	アルコール:[0.0000,0.0002,0.0004,0.0000]
	こと:[0.0094,0.0098,0.0051,0.0087]
	グループ:[0.0002,0.0001,0.0000,0.0000]
	有毒だ:[0.0000,0.0000,0.0001,0.0000]
	やすい:[0.0024,0.0029,0.0006,0.0011]
	不純だ:[0.0000,0.0001,0.0003,0.0000]
	違う:[0.0009,0.0011,0.0008,0.0003]
	原因:[0.0009,0.0014,0.0008,0.0005]
True-Positive

True-Negative:0
False-Positive:3
True-Positive:8
False-Negative:0
precision = 0.727273
recall = 1.000000
fvalue = 0.842105