Section:2
	Ｆｌａｇ：：１０００
	師走、東京ドームホテル（東京都文京区）の一室は静寂な雰囲気に包まれていた。
	裏千家今日庵（こんにちあん）が開く初心者向けの茶道教室。
	半年かけてお茶のいただき方やたて方の基本を学ぶ。
	「立礼（りゅうれい）式」と呼ぶ椅子に座ったお茶席で２０～４０代前後の女性が参加していた。
Score:0.00167684966708
EACH_TAG_SCORE:
	image:0.000470235738256
	table:0.000451380609599
	graph:0.000279146345621
	flow:0.000476086973605
PARA:
Clueword:
	基本:[0.0004,0.0010,0.0003,0.0001]
	教室:[0.0000,0.0000,0.0000,0.0000]
	ドーム:[0.0000,0.0000,0.0000,0.0000]
	こんにち:[0.0000,0.0000,0.0000,0.0000]
	椅子:[0.0000,0.0000,0.0000,0.0000]
	向け:[0.0000,0.0003,0.0001,0.0000]
	呼ぶ:[0.0008,0.0011,0.0000,0.0003]
	一室:[0.0000,0.0000,0.0000,0.0000]
	半年:[0.0000,0.0001,0.0000,0.0001]
	前後:[0.0012,0.0007,0.0047,0.0026]
	開く:[0.0007,0.0001,0.0000,0.0025]
	れる:[0.0087,0.0089,0.0045,0.0070]
	師走:[0.0000,0.0000,0.0000,0.0000]
	静寂だ:[0.0000,0.0000,0.0000,0.0000]
	今日:[0.0002,0.0000,0.0000,0.0003]
	女性:[0.0006,0.0006,0.0009,0.0002]
	東京:[0.0007,0.0001,0.0011,0.0002]
	いただく:[0.0003,0.0001,0.0000,0.0000]
	する:[0.0384,0.0382,0.0182,0.0461]
	いる:[0.0131,0.0126,0.0100,0.0081]
	学ぶ:[0.0001,0.0002,0.0000,0.0000]
	包む:[0.0002,0.0002,0.0000,0.0000]
	雰囲気:[0.0006,0.0000,0.0000,0.0001]
	初心:[0.0002,0.0003,0.0001,0.0002]
	あん:[0.0000,0.0000,0.0000,0.0000]
	かける:[0.0008,0.0005,0.0003,0.0007]
	りゅうれいだ:[0.0000,0.0000,0.0000,0.0000]
	参加:[0.0001,0.0001,0.0000,0.0000]
	座る:[0.0001,0.0000,0.0000,0.0000]
	ホテル:[0.0000,0.0001,0.0000,0.0000]
	茶道:[0.0000,0.0000,0.0000,0.0000]
	たてる:[0.0000,0.0000,0.0000,0.0000]
	文京:[0.0000,0.0000,0.0000,0.0000]
	裏千家:[0.0001,0.0000,0.0000,0.0001]
True-Positive

Section:1
	Ｆｌａｇ：：００００
	茶席の作法、これだけ知っておけば安心
	年末年始、訪問先や寺などで抹茶を供されることもあるだろう。
	茶席と聞くと構えてしまうが、予備知識があれば、お茶をおいしくいただけるだけでなく、季節感を大切にしたおもてなしの心も楽しめる。
	流派に関係なく、最低限のお茶の作法と意味を知っておこう。
	■「お先に」の一言が大切
	「菓子はいつ、どうやって食べるの？」「茶わんを回すのはどうして？」。
	お茶の作法には疑問がいっぱいだ。
Score:0.00153304237444
EACH_TAG_SCORE:
	image:0.000443015834407
	table:0.000453700640833
	graph:0.000216203301461
	flow:0.000420122597738
PARA:
Clueword:
	いただける:[0.0001,0.0001,0.0001,0.0000]
	だろう:[0.0005,0.0010,0.0003,0.0000]
	楽しめる:[0.0000,0.0000,0.0001,0.0000]
	茶わん:[0.0003,0.0000,0.0000,0.0008]
	一言:[0.0001,0.0001,0.0000,0.0000]
	する:[0.0384,0.0382,0.0182,0.0461]
	おく:[0.0010,0.0014,0.0012,0.0010]
	安心:[0.0002,0.0001,0.0001,0.0000]
	やる:[0.0003,0.0004,0.0001,0.0011]
	構える:[0.0004,0.0000,0.0000,0.0008]
	関係:[0.0040,0.0031,0.0010,0.0003]
	もてなす:[0.0000,0.0000,0.0000,0.0001]
	予備:[0.0000,0.0003,0.0000,0.0000]
	意味:[0.0005,0.0005,0.0001,0.0001]
	季節:[0.0001,0.0001,0.0000,0.0000]
	れる:[0.0087,0.0089,0.0045,0.0070]
	おいしい:[0.0001,0.0000,0.0000,0.0000]
	訪問:[0.0000,0.0001,0.0000,0.0000]
	しまう:[0.0023,0.0018,0.0012,0.0025]
	知識:[0.0000,0.0001,0.0001,0.0000]
	疑問:[0.0000,0.0000,0.0000,0.0000]
	大切だ:[0.0003,0.0002,0.0001,0.0002]
	回す:[0.0003,0.0001,0.0001,0.0009]
	作法:[0.0004,0.0004,0.0000,0.0010]
	最低:[0.0000,0.0001,0.0001,0.0001]
	ある:[0.0105,0.0114,0.0037,0.0052]
	ない:[0.0085,0.0106,0.0062,0.0077]
	こと:[0.0094,0.0098,0.0051,0.0087]
	など:[0.0053,0.0054,0.0019,0.0021]
	聞く:[0.0001,0.0003,0.0006,0.0012]
	いっぱいだ:[0.0001,0.0000,0.0000,0.0000]
	抹茶:[0.0001,0.0000,0.0000,0.0002]
	食べる:[0.0006,0.0004,0.0001,0.0003]
	知る:[0.0006,0.0007,0.0007,0.0002]
	菓子:[0.0003,0.0000,0.0000,0.0009]
	だけ:[0.0013,0.0014,0.0007,0.0014]
	いつ:[0.0000,0.0000,0.0000,0.0000]
	流派:[0.0000,0.0000,0.0000,0.0001]
False-Positive

Section:4
	Ｆｌａｇ：：００００
	■茶わん正面避けて飲む
	お茶の心得でよくいわれる「一期一会」。
	今この時間、集う人との関係は二度と同じものはなく、かけがいのないものだという意味だ。
	「亭主のもてなしの心に対して、時間を気にするのは失礼にあたる」（八代さん）ため、着席前に時計は外すのが礼儀だ。
	「時を忘れ、和敬清寂の精神を感じてほしい」（吉田さん）。
	五感で釜のシューッという音を聞き、香を楽しみ、道具を眺め、触って、菓子とお茶を味わう。
	教室に通う女性たちも「身が引き締まり、すがすがしい」などと話す。
	茶席ではお道具拝見も作法の一つ。
	亭主は四季や歳時記、「平和」などのテーマで、道具を客に合わせて用意する。
	これを「しつらえ」という。
	正式の茶席では客の代表の「正客（しょうきゃく）」が亭主の思いをくみ取って、しつらえの意味などを尋ねる。
	「知らないのは恥ではない。どんな茶わんで飲ませてくれているのか、掛物の文字は何と読むかなど尋ねてみてほしい」（八代さん）
Score:0.000936766891706
EACH_TAG_SCORE:
	image:0.00027527695527
	table:0.000270086981095
	graph:0.000152137634119
	flow:0.000239265321222
PARA:
Clueword:
	感じる:[0.0010,0.0009,0.0003,0.0004]
	茶わん:[0.0003,0.0000,0.0000,0.0008]
	せる:[0.0017,0.0005,0.0006,0.0030]
	もてなす:[0.0000,0.0000,0.0000,0.0001]
	同じだ:[0.0010,0.0013,0.0009,0.0005]
	意味:[0.0005,0.0005,0.0001,0.0001]
	知る:[0.0006,0.0007,0.0007,0.0002]
	れる:[0.0087,0.0089,0.0045,0.0070]
	さん:[0.0007,0.0004,0.0007,0.0003]
	みる:[0.0014,0.0012,0.0011,0.0005]
	よい:[0.0014,0.0014,0.0004,0.0004]
	正面:[0.0006,0.0001,0.0000,0.0006]
	たち:[0.0002,0.0003,0.0005,0.0000]
	する:[0.0384,0.0382,0.0182,0.0461]
	眺める:[0.0000,0.0000,0.0000,0.0000]
	話す:[0.0002,0.0001,0.0007,0.0006]
	時計:[0.0002,0.0000,0.0002,0.0001]
	どんな:[0.0003,0.0006,0.0001,0.0000]
	思う:[0.0021,0.0011,0.0005,0.0027]
	聞く:[0.0001,0.0003,0.0006,0.0012]
	もの:[0.0031,0.0027,0.0008,0.0016]
	教室:[0.0000,0.0000,0.0000,0.0000]
	あたる:[0.0002,0.0003,0.0000,0.0000]
	ほしい:[0.0002,0.0002,0.0000,0.0000]
	いる:[0.0131,0.0126,0.0100,0.0081]
	テーマ:[0.0000,0.0000,0.0000,0.0000]
	忘れる:[0.0002,0.0002,0.0001,0.0000]
	味わう:[0.0001,0.0001,0.0000,0.0000]
	いう:[0.0048,0.0059,0.0042,0.0034]
	通う:[0.0001,0.0001,0.0001,0.0000]
	文字:[0.0001,0.0001,0.0000,0.0000]
	合わせる:[0.0009,0.0004,0.0001,0.0001]
	外す:[0.0000,0.0000,0.0000,0.0001]
	代表:[0.0002,0.0003,0.0000,0.0000]
	読む:[0.0005,0.0003,0.0000,0.0000]
	がい:[0.0000,0.0000,0.0000,0.0000]
	楽しむ:[0.0003,0.0002,0.0001,0.0000]
	関係:[0.0040,0.0031,0.0010,0.0003]
	のだ:[0.0069,0.0071,0.0039,0.0054]
	平和だ:[0.0001,0.0000,0.0003,0.0000]
	くれる:[0.0006,0.0004,0.0000,0.0000]
	女性:[0.0006,0.0006,0.0009,0.0002]
	用意:[0.0000,0.0002,0.0000,0.0000]
	作法:[0.0004,0.0004,0.0000,0.0010]
	対する:[0.0005,0.0009,0.0000,0.0003]
	避ける:[0.0001,0.0001,0.0003,0.0002]
	正式だ:[0.0000,0.0000,0.0000,0.0000]
	飲む:[0.0003,0.0002,0.0001,0.0006]
	など:[0.0053,0.0054,0.0019,0.0021]
	時間:[0.0004,0.0011,0.0010,0.0004]
	かける:[0.0008,0.0005,0.0003,0.0007]
	ため:[0.0033,0.0030,0.0025,0.0027]
	五感:[0.0000,0.0000,0.0000,0.0000]
	道具:[0.0000,0.0000,0.0000,0.0000]
	精神:[0.0001,0.0001,0.0000,0.0000]
	吉田:[0.0000,0.0000,0.0000,0.0001]
	菓子:[0.0003,0.0000,0.0000,0.0009]
	二度と:[0.0001,0.0001,0.0000,0.0000]
	ない:[0.0085,0.0106,0.0062,0.0077]
	でる:[0.0001,0.0001,0.0000,0.0000]
	亭主:[0.0001,0.0000,0.0000,0.0004]
False-Positive

Section:3
	Ｆｌａｇ：：１００１
	目の前に菓子鉢に入った菓子が運ばれて来る。
	もてなす側（ホスト）を亭主と呼び、客は「お菓子をどうぞ」と勧められてから手を伸ばす。
	先生が女性に「お隣に『お先に』と言ってください」と助言した。
	「お先にちょうだいしますの意味で、同席者への心配り」と、裏千家淡交会東京第一東支部幹事長の吉田宗雅さんは解説する。
	抹茶の入った茶わんでも同様にする。
	菓子の器を両手で持って少し持ち上げ、軽く頭を下げ神仏に感謝する。
	懐紙（かいし）の輪を自分に向けて菓子鉢の間に置き、箸で１つ取る。
	懐紙は皿やティッシュペーパーのように使う。
	箸は菓子を置いた懐紙の端でぬぐってから、鉢の上に元あったように戻す。
	器を隣に送った後、菓子は懐紙ごと口元近くに運び、添えられたようじで切り、軽く刺す。
	抹茶を飲む前に菓子を食べきるのが作法だ。
	懐紙とようじは持ち帰る。
	食べ終わるのを見計らい、お茶が運ばれる。
	菓子と同様に隣人に「お先に」と言い、亭主には「お点前（てまえ）頂戴いたします」と言って頭を下げて、軽く茶わんを上げ神仏に感謝を示す。
	茶わんは左手にのせて軽く右手を添える。
	飲むときに特に気をつけたいのは「お茶わんの正面から飲まないこと」と話すのは、池袋コミュニティ・カレッジ（東京都豊島区）で教える表千家教授の八代宗晴さん。
	茶わんは出されたときに自分の方に向いているのが正面。
	絵柄があることも多い。
	亭主は正面を客に向けるが、客は茶わんを大切にするため正面を避けて飲む。
	「化粧などの油分が正面につき、汚れないように」との配慮だ。
	流派によって多少異なるが、２度に分けて茶わんを回す。
	飲むのは３口半が理想だが、前後してもいい。
	飲み終わったら右手親指と人さし指で軽く飲み口を拭き、手は懐紙でぬぐう。
	茶わんは先ほどと反対に回して、正面を亭主側に戻して置く。
Score:0.000822292257154
EACH_TAG_SCORE:
	image:0.000241519560002
	table:0.000223273171386
	graph:0.00012864695955
	flow:0.000228852566215
PARA:
Clueword:
	呼ぶ:[0.0008,0.0011,0.0000,0.0003]
	汚れる:[0.0000,0.0000,0.0000,0.0001]
	もてなす:[0.0000,0.0000,0.0000,0.0001]
	意味:[0.0005,0.0005,0.0001,0.0001]
	目の前:[0.0001,0.0000,0.0000,0.0001]
	添える:[0.0001,0.0000,0.0000,0.0008]
	来る:[0.0002,0.0002,0.0000,0.0002]
	支部:[0.0000,0.0000,0.0000,0.0001]
	どうぞ:[0.0001,0.0000,0.0000,0.0001]
	れる:[0.0087,0.0089,0.0045,0.0070]
	きる:[0.0002,0.0006,0.0001,0.0001]
	てまえ:[0.0000,0.0000,0.0000,0.0001]
	カレッジ:[0.0000,0.0000,0.0000,0.0001]
	お点前:[0.0000,0.0000,0.0000,0.0001]
	つける:[0.0008,0.0004,0.0000,0.0020]
	たい:[0.0013,0.0013,0.0010,0.0014]
	特に:[0.0003,0.0004,0.0003,0.0002]
	言う:[0.0013,0.0010,0.0004,0.0005]
	解説:[0.0005,0.0001,0.0000,0.0001]
	話す:[0.0002,0.0001,0.0007,0.0006]
	送る:[0.0001,0.0001,0.0000,0.0001]
	神仏:[0.0001,0.0000,0.0000,0.0002]
	ちょうだい:[0.0000,0.0000,0.0000,0.0001]
	つく:[0.0016,0.0013,0.0004,0.0009]
	理想:[0.0000,0.0001,0.0000,0.0001]
	食べる:[0.0006,0.0004,0.0001,0.0003]
	よる:[0.0031,0.0025,0.0025,0.0031]
	左手:[0.0017,0.0004,0.0000,0.0013]
	代宗:[0.0000,0.0000,0.0000,0.0001]
	流派:[0.0000,0.0000,0.0000,0.0001]
	置く:[0.0007,0.0002,0.0003,0.0005]
	取る:[0.0006,0.0009,0.0003,0.0001]
	先ほど:[0.0000,0.0000,0.0000,0.0023]
	見計らう:[0.0000,0.0000,0.0000,0.0001]
	心配り:[0.0000,0.0000,0.0000,0.0001]
	幹事:[0.0000,0.0000,0.0000,0.0001]
	少し:[0.0010,0.0005,0.0002,0.0006]
	戻す:[0.0002,0.0001,0.0001,0.0003]
	ペーパー:[0.0000,0.0000,0.0000,0.0001]
	女性:[0.0006,0.0006,0.0009,0.0002]
	刺す:[0.0000,0.0000,0.0000,0.0001]
	教える:[0.0002,0.0002,0.0001,0.0001]
	配慮:[0.0000,0.0000,0.0000,0.0001]
	先生:[0.0000,0.0000,0.0000,0.0001]
	ティッシュ:[0.0000,0.0000,0.0000,0.0001]
	向く:[0.0003,0.0001,0.0001,0.0002]
	隣:[0.0004,0.0000,0.0000,0.0000]
	ある:[0.0105,0.0114,0.0037,0.0052]
	飲む:[0.0003,0.0002,0.0001,0.0006]
	など:[0.0053,0.0054,0.0019,0.0021]
	ぬぐう:[0.0001,0.0000,0.0000,0.0002]
	多少:[0.0009,0.0001,0.0001,0.0001]
	ため:[0.0033,0.0030,0.0025,0.0027]
	抹茶:[0.0001,0.0000,0.0000,0.0002]
	のせる:[0.0000,0.0000,0.0000,0.0001]
	下げる:[0.0001,0.0000,0.0001,0.0003]
	上げる:[0.0003,0.0002,0.0004,0.0005]
	向ける:[0.0003,0.0000,0.0003,0.0017]
	ホスト:[0.0000,0.0000,0.0000,0.0001]
	でも:[0.0018,0.0029,0.0017,0.0004]
	ない:[0.0085,0.0106,0.0062,0.0077]
	勧める:[0.0001,0.0001,0.0000,0.0001]
	亭主:[0.0001,0.0000,0.0000,0.0004]
	裏千家:[0.0001,0.0000,0.0000,0.0001]
	分ける:[0.0003,0.0015,0.0002,0.0001]
	同席:[0.0000,0.0000,0.0000,0.0001]
	持ち帰る:[0.0000,0.0000,0.0000,0.0001]
	終わる:[0.0003,0.0002,0.0001,0.0004]
	さん:[0.0007,0.0004,0.0007,0.0003]
	表千家:[0.0000,0.0000,0.0000,0.0001]
	いたす:[0.0000,0.0000,0.0000,0.0001]
	人さし指:[0.0000,0.0000,0.0000,0.0001]
	前後:[0.0012,0.0007,0.0047,0.0026]
	多い:[0.0023,0.0031,0.0031,0.0006]
	かいす:[0.0000,0.0000,0.0000,0.0001]
	自分:[0.0009,0.0013,0.0008,0.0013]
	反対だ:[0.0002,0.0001,0.0000,0.0001]
	出す:[0.0008,0.0007,0.0003,0.0006]
	ようじ:[0.0001,0.0000,0.0000,0.0002]
	する:[0.0384,0.0382,0.0182,0.0461]
	いる:[0.0131,0.0126,0.0100,0.0081]
	避ける:[0.0001,0.0001,0.0003,0.0002]
	右手:[0.0020,0.0004,0.0000,0.0011]
	こと:[0.0094,0.0098,0.0051,0.0087]
	運ぶ:[0.0001,0.0003,0.0000,0.0004]
	くださる:[0.0014,0.0005,0.0009,0.0021]
	飲み口:[0.0000,0.0000,0.0000,0.0001]
	正面:[0.0006,0.0001,0.0000,0.0006]
	回す:[0.0003,0.0001,0.0001,0.0009]
	入る:[0.0010,0.0005,0.0003,0.0008]
	化粧:[0.0001,0.0000,0.0000,0.0001]
	両手:[0.0003,0.0000,0.0000,0.0020]
	示す:[0.0009,0.0003,0.0001,0.0005]
	とき:[0.0019,0.0006,0.0005,0.0029]
	ようだ:[0.0046,0.0040,0.0016,0.0063]
	親指:[0.0002,0.0000,0.0000,0.0005]
	近く:[0.0005,0.0002,0.0000,0.0001]
	コミュニティ:[0.0000,0.0000,0.0001,0.0001]
	感謝:[0.0001,0.0000,0.0000,0.0002]
	教授:[0.0000,0.0000,0.0000,0.0001]
	いい:[0.0008,0.0008,0.0005,0.0002]
	隣人:[0.0000,0.0000,0.0000,0.0001]
	ごと:[0.0004,0.0002,0.0000,0.0001]
	同様だ:[0.0003,0.0003,0.0000,0.0003]
	ます:[0.0273,0.0231,0.0151,0.0228]
	持つ:[0.0008,0.0008,0.0001,0.0014]
	異なる:[0.0007,0.0019,0.0001,0.0002]
	口元:[0.0000,0.0000,0.0000,0.0001]
	池袋:[0.0000,0.0000,0.0000,0.0001]
	から:[0.0059,0.0058,0.0033,0.0058]
	頂戴:[0.0000,0.0000,0.0000,0.0001]
	東京:[0.0007,0.0001,0.0011,0.0002]
	大切だ:[0.0003,0.0002,0.0001,0.0002]
	作法:[0.0004,0.0004,0.0000,0.0010]
	拭く:[0.0000,0.0000,0.0000,0.0001]
	られる:[0.0025,0.0027,0.0015,0.0013]
	助言:[0.0000,0.0000,0.0000,0.0001]
	伸ばす:[0.0002,0.0001,0.0001,0.0004]
	茶わん:[0.0003,0.0000,0.0000,0.0008]
	絵柄:[0.0004,0.0000,0.0000,0.0001]
	切る:[0.0003,0.0002,0.0002,0.0001]
	吉田:[0.0000,0.0000,0.0000,0.0001]
	菓子:[0.0003,0.0000,0.0000,0.0009]
	油分:[0.0000,0.0000,0.0000,0.0001]
	軽い:[0.0010,0.0008,0.0000,0.0017]
	使う:[0.0025,0.0029,0.0006,0.0010]
	豊島:[0.0000,0.0000,0.0000,0.0001]
True-Positive

True-Negative:0
False-Positive:2
True-Positive:2
False-Negative:0
precision = 0.500000
recall = 1.000000
fvalue = 0.666667