Section:9
	Ｆｌａｇ：：１０００
	ボールカウントの表示
	両手を頭上より高く上げて、左手の指でボールの数、右手の指でストライクの数を示し、はじめにボールの数を、次にストライクの数をコールしながら回す。
Score:0.00211887060925
EACH_TAG_SCORE:
	image:0.00056978969796
	table:0.000465553149646
	graph:0.000328918650693
	flow:0.000754609110956
PARA:
Clueword:
	表示:[0.0047,0.0002,0.0002,0.0004]
	する:[0.0384,0.0382,0.0182,0.0461]
	ストライク:[0.0004,0.0000,0.0000,0.0008]
	回す:[0.0003,0.0001,0.0001,0.0009]
	次に:[0.0003,0.0001,0.0001,0.0133]
	高い:[0.0007,0.0015,0.0101,0.0005]
	頭上:[0.0001,0.0000,0.0000,0.0001]
	ボール:[0.0005,0.0000,0.0000,0.0005]
	右手:[0.0020,0.0004,0.0000,0.0011]
	ながら:[0.0005,0.0001,0.0005,0.0011]
	カウント:[0.0000,0.0000,0.0000,0.0000]
	より:[0.0013,0.0022,0.0013,0.0003]
	示す:[0.0009,0.0003,0.0001,0.0005]
	両手:[0.0003,0.0000,0.0000,0.0020]
	コール:[0.0010,0.0000,0.0000,0.0016]
	上げる:[0.0003,0.0002,0.0004,0.0005]
	はじめる:[0.0003,0.0002,0.0000,0.0000]
	左手:[0.0017,0.0004,0.0000,0.0013]
True-Positive

Section:6
	Ｆｌａｇ：：１０００
	球審・塁審の構え
	投手の投球動作に合わせて腰を落とし、視線を打者のストライクゾーンの上限に置き、投球判定の姿勢をとり、静止する。
	（投球が捕手のミットに入るまで、球のコースを視線だけで見極め、頭や上半身を動かしてはならない）
Score:0.00197155132971
EACH_TAG_SCORE:
	image:0.000553691409339
	table:0.000536762561485
	graph:0.000281384965534
	flow:0.00059971239335
PARA:
Clueword:
	見極める:[0.0002,0.0000,0.0000,0.0001]
	ストライク:[0.0004,0.0000,0.0000,0.0008]
	置く:[0.0007,0.0002,0.0003,0.0005]
	ミット:[0.0000,0.0000,0.0000,0.0000]
	合わせる:[0.0009,0.0004,0.0001,0.0001]
	視線:[0.0001,0.0000,0.0000,0.0000]
	まで:[0.0015,0.0020,0.0015,0.0016]
	ゾーン:[0.0002,0.0000,0.0000,0.0001]
	動かす:[0.0003,0.0001,0.0000,0.0013]
	静止:[0.0002,0.0000,0.0000,0.0000]
	とる:[0.0007,0.0004,0.0001,0.0005]
	投手:[0.0003,0.0000,0.0000,0.0008]
	なる:[0.0091,0.0108,0.0069,0.0074]
	打者:[0.0006,0.0000,0.0000,0.0011]
	する:[0.0384,0.0382,0.0182,0.0461]
	落とす:[0.0002,0.0001,0.0000,0.0002]
	上限:[0.0001,0.0000,0.0000,0.0001]
	球審:[0.0004,0.0001,0.0000,0.0004]
	上半身:[0.0000,0.0000,0.0000,0.0000]
	姿勢:[0.0011,0.0001,0.0000,0.0000]
	動作:[0.0002,0.0003,0.0000,0.0003]
	構う:[0.0000,0.0001,0.0000,0.0000]
	入る:[0.0010,0.0005,0.0003,0.0008]
	塁審:[0.0003,0.0001,0.0000,0.0008]
	だけ:[0.0013,0.0014,0.0007,0.0014]
	判定:[0.0001,0.0000,0.0000,0.0001]
	捕手:[0.0002,0.0000,0.0000,0.0005]
	ない:[0.0085,0.0106,0.0062,0.0077]
	投球:[0.0004,0.0000,0.0000,0.0005]
	コース:[0.0001,0.0001,0.0000,0.0002]
True-Positive

Section:14
	Ｆｌａｇ：：０００１
	プレイの再開
	プレイ
	投手がピチャーズサークル内に入り、投手板につこうとしているか、また、打者が構えたかどうかを確認する。
	球審は捕手の後ろに立ち、右打者の場合は右手で、左打者の場合は左手で、手のひらをそろえて軽く前方に伸ばしながら、“プレイ”とコールする。
Score:0.0019667631907
EACH_TAG_SCORE:
	image:0.000523017881215
	table:0.00065625901697
	graph:0.00025156057686
	flow:0.000535925715656
PARA:
Clueword:
	右手:[0.0020,0.0004,0.0000,0.0011]
	場合:[0.0045,0.0357,0.0045,0.0023]
	プレイ:[0.0002,0.0001,0.0000,0.0006]
	いる:[0.0131,0.0126,0.0100,0.0081]
	確認:[0.0008,0.0005,0.0000,0.0011]
	球審:[0.0004,0.0001,0.0000,0.0004]
	また:[0.0021,0.0013,0.0011,0.0018]
	前方:[0.0014,0.0000,0.0000,0.0002]
	後ろ:[0.0019,0.0000,0.0000,0.0017]
	投手:[0.0003,0.0000,0.0000,0.0008]
	打者:[0.0006,0.0000,0.0000,0.0011]
	する:[0.0384,0.0382,0.0182,0.0461]
	コール:[0.0010,0.0000,0.0000,0.0016]
	手のひら:[0.0001,0.0000,0.0000,0.0002]
	伸ばす:[0.0002,0.0001,0.0001,0.0004]
	立つ:[0.0004,0.0004,0.0004,0.0009]
	ピチャーズサークル:[0.0000,0.0000,0.0000,0.0001]
	ながら:[0.0005,0.0001,0.0005,0.0011]
	そろえる:[0.0000,0.0000,0.0000,0.0001]
	つく:[0.0016,0.0013,0.0004,0.0009]
	入る:[0.0010,0.0005,0.0003,0.0008]
	再開:[0.0000,0.0000,0.0000,0.0001]
	軽い:[0.0010,0.0008,0.0000,0.0017]
	構える:[0.0004,0.0000,0.0000,0.0008]
	捕手:[0.0002,0.0000,0.0000,0.0005]
	左手:[0.0017,0.0004,0.0000,0.0013]
True-Positive

Section:13
	Ｆｌａｇ：：１０００
	プレイの中断
	タイム
	前に出て、両手を挙げて“タイム”とコールする。
	球審は左手でマスクを取り、そのままマスクと共に挙げる。
	他の審判員も直ちに同調する。
Score:0.00182229026116
EACH_TAG_SCORE:
	image:0.000510370831355
	table:0.000461315940299
	graph:0.000218468006351
	flow:0.000632135483157
PARA:
Clueword:
	する:[0.0384,0.0382,0.0182,0.0461]
	挙げる:[0.0005,0.0000,0.0000,0.0004]
	マスク:[0.0002,0.0000,0.0000,0.0005]
	コール:[0.0010,0.0000,0.0000,0.0016]
	取る:[0.0006,0.0009,0.0003,0.0001]
	直ちに:[0.0001,0.0000,0.0000,0.0012]
	他の:[0.0003,0.0003,0.0003,0.0002]
	審判:[0.0002,0.0000,0.0000,0.0003]
	同調:[0.0001,0.0000,0.0000,0.0000]
	プレイ:[0.0002,0.0001,0.0000,0.0006]
	そのまま:[0.0002,0.0000,0.0001,0.0010]
	球審:[0.0004,0.0001,0.0000,0.0004]
	出る:[0.0008,0.0010,0.0006,0.0004]
	タイム:[0.0001,0.0000,0.0000,0.0002]
	中断:[0.0000,0.0000,0.0000,0.0000]
	共に:[0.0001,0.0001,0.0000,0.0001]
	左手:[0.0017,0.0004,0.0000,0.0013]
	両手:[0.0003,0.0000,0.0000,0.0020]
True-Positive

Section:24
	Ｆｌａｇ：：１００１
	アウト
	アウトは確認したら急がずに、
	１膝を伸ばし、左手を前面のベルトの少し上にあて、右手を開いて上方に挙げ“アウト”とコールする。
	２その手を軽く握りながら肘が直角になる程度までおろす。
	きわどい場合は、足を前に運び、挙げた右手を振り下ろすと共に“アウト”とコールする。
	その後野手の動きを見る。
Score:0.00179227405798
EACH_TAG_SCORE:
	image:0.000439422246782
	table:0.000577142032145
	graph:0.000220651051205
	flow:0.000555058727849
PARA:
Clueword:
	握る:[0.0003,0.0000,0.0000,0.0007]
	前面:[0.0004,0.0000,0.0000,0.0002]
	アウト:[0.0005,0.0000,0.0000,0.0007]
	直角:[0.0004,0.0000,0.0000,0.0002]
	挙げる:[0.0005,0.0000,0.0000,0.0004]
	場合:[0.0045,0.0357,0.0045,0.0023]
	振り下ろす:[0.0000,0.0000,0.0000,0.0001]
	まで:[0.0015,0.0020,0.0015,0.0016]
	確認:[0.0008,0.0005,0.0000,0.0011]
	野手:[0.0002,0.0000,0.0000,0.0003]
	上方:[0.0008,0.0000,0.0000,0.0002]
	少し:[0.0010,0.0005,0.0002,0.0006]
	ベルト:[0.0005,0.0001,0.0000,0.0001]
	開く:[0.0007,0.0001,0.0000,0.0025]
	動く:[0.0008,0.0004,0.0004,0.0009]
	きわどい:[0.0001,0.0001,0.0000,0.0001]
	なる:[0.0091,0.0108,0.0069,0.0074]
	する:[0.0384,0.0382,0.0182,0.0461]
	程度:[0.0010,0.0014,0.0019,0.0008]
	コール:[0.0010,0.0000,0.0000,0.0016]
	右手:[0.0020,0.0004,0.0000,0.0011]
	見る:[0.0020,0.0008,0.0013,0.0005]
	伸ばす:[0.0002,0.0001,0.0001,0.0004]
	運ぶ:[0.0001,0.0003,0.0000,0.0004]
	ながら:[0.0005,0.0001,0.0005,0.0011]
	おろす:[0.0001,0.0000,0.0000,0.0007]
	その後:[0.0002,0.0002,0.0001,0.0134]
	あてる:[0.0000,0.0000,0.0000,0.0010]
	軽い:[0.0010,0.0008,0.0000,0.0017]
	共に:[0.0001,0.0001,0.0000,0.0001]
	左手:[0.0017,0.0004,0.0000,0.0013]
	急ぐ:[0.0000,0.0000,0.0000,0.0001]
True-Positive

Section:21
	Ｆｌａｇ：：１０００
	不正打球
	不正打球バッターアウト
	打者が、足を打者席から完全に踏み出してバットに当てたかどうかを見る。
	球審は、打者を指さして、“不正打球バッターアウト”とコールする。
	守備と走塁
Score:0.00173887574592
EACH_TAG_SCORE:
	image:0.000496758631286
	table:0.000446428819305
	graph:0.000226712500364
	flow:0.000568975794962
PARA:
Clueword:
	する:[0.0384,0.0382,0.0182,0.0461]
	完全だ:[0.0001,0.0000,0.0001,0.0000]
	バッター:[0.0001,0.0000,0.0000,0.0001]
	アウト:[0.0005,0.0000,0.0000,0.0007]
	バット:[0.0000,0.0000,0.0000,0.0001]
	当てる:[0.0001,0.0000,0.0000,0.0001]
	指さす:[0.0003,0.0000,0.0000,0.0003]
	守備:[0.0001,0.0000,0.0000,0.0001]
	球審:[0.0004,0.0001,0.0000,0.0004]
	見る:[0.0020,0.0008,0.0013,0.0005]
	から:[0.0059,0.0058,0.0033,0.0058]
	コール:[0.0010,0.0000,0.0000,0.0016]
	不正だ:[0.0002,0.0000,0.0000,0.0003]
	走塁:[0.0001,0.0000,0.0000,0.0002]
	打球:[0.0003,0.0001,0.0000,0.0000]
	踏み出す:[0.0000,0.0000,0.0000,0.0001]
	打者:[0.0006,0.0000,0.0000,0.0011]
True-Positive

Section:4
	Ｆｌａｇ：：１０００
	準備投球
	ラストボール
	球審は準備投球数を確かめ、投手に向かって“ラストボール”とコールし、指さす
	（準備投球は初回と投手が交代したとき、１分間を限度とし５球以内で次回からは３球以内）
Score:0.00171958629261
EACH_TAG_SCORE:
	image:0.000479961130459
	table:0.000438380135177
	graph:0.000226511609277
	flow:0.000574733417702
PARA:
Clueword:
	分間:[0.0000,0.0004,0.0013,0.0000]
	ラスト:[0.0001,0.0000,0.0000,0.0000]
	球審:[0.0004,0.0001,0.0000,0.0004]
	から:[0.0059,0.0058,0.0033,0.0058]
	投手:[0.0003,0.0000,0.0000,0.0008]
	する:[0.0384,0.0382,0.0182,0.0461]
	確かめる:[0.0000,0.0000,0.0000,0.0000]
	コール:[0.0010,0.0000,0.0000,0.0016]
	初回:[0.0000,0.0000,0.0000,0.0000]
	交代:[0.0000,0.0000,0.0000,0.0000]
	ボール:[0.0005,0.0000,0.0000,0.0005]
	限度:[0.0000,0.0000,0.0001,0.0000]
	準備:[0.0002,0.0001,0.0000,0.0006]
	指さす:[0.0003,0.0000,0.0000,0.0003]
	以内:[0.0001,0.0001,0.0000,0.0001]
	向かう:[0.0001,0.0000,0.0001,0.0001]
	とき:[0.0019,0.0006,0.0005,0.0029]
	投球:[0.0004,0.0000,0.0000,0.0005]
	次回:[0.0001,0.0000,0.0000,0.0001]
True-Positive

Section:19
	Ｆｌａｇ：：１０００
	離塁違反
	ランナーアウト
	走者が、投手の手から球が離れるより早く離れたかどうかを確認する。
	素早く数歩前に走り出て、“ボールデッド”のコールとゼスチャーをし、離類した走者を指さし“ランナーアウト”とコールする。
Score:0.0015550344191
EACH_TAG_SCORE:
	image:0.000440321938175
	table:0.00041038356791
	graph:0.00020385589446
	flow:0.000500473018556
PARA:
Clueword:
	類する:[0.0000,0.0000,0.0000,0.0000]
	ゼスチャー:[0.0001,0.0000,0.0000,0.0001]
	アウト:[0.0005,0.0000,0.0000,0.0007]
	ランナー:[0.0001,0.0000,0.0000,0.0001]
	より:[0.0013,0.0022,0.0013,0.0003]
	確認:[0.0008,0.0005,0.0000,0.0011]
	素早い:[0.0001,0.0000,0.0000,0.0000]
	から:[0.0059,0.0058,0.0033,0.0058]
	投手:[0.0003,0.0000,0.0000,0.0008]
	する:[0.0384,0.0382,0.0182,0.0461]
	コール:[0.0010,0.0000,0.0000,0.0016]
	デッド:[0.0003,0.0000,0.0000,0.0003]
	ボール:[0.0005,0.0000,0.0000,0.0005]
	早い:[0.0001,0.0000,0.0003,0.0001]
	走者:[0.0005,0.0000,0.0000,0.0004]
	走る:[0.0002,0.0001,0.0002,0.0000]
	指さす:[0.0003,0.0000,0.0000,0.0003]
	出る:[0.0008,0.0010,0.0006,0.0004]
	違反:[0.0001,0.0000,0.0000,0.0001]
	離れる:[0.0002,0.0001,0.0000,0.0001]
True-Positive

Section:15
	Ｆｌａｇ：：１０００
	ストライクゾーン
	「ストライクゾーン」は打者が打撃をしようとするときの脇の下と膝頭の上部の間の本塁の上方空間である。
	「ポイント」
	“構えたときにストライクゾーンの上限に眼を合わせておく”
Score:0.00154441204596
EACH_TAG_SCORE:
	image:0.000428668077166
	table:0.000410248913053
	graph:0.000203884993981
	flow:0.000501610061758
PARA:
Clueword:
	する:[0.0384,0.0382,0.0182,0.0461]
	ストライク:[0.0004,0.0000,0.0000,0.0008]
	本塁:[0.0001,0.0000,0.0000,0.0001]
	上限:[0.0001,0.0000,0.0000,0.0001]
	打撃:[0.0000,0.0000,0.0000,0.0000]
	合わせる:[0.0009,0.0004,0.0001,0.0001]
	上方:[0.0008,0.0000,0.0000,0.0002]
	ゾーン:[0.0002,0.0000,0.0000,0.0001]
	構える:[0.0004,0.0000,0.0000,0.0008]
	ポイント:[0.0005,0.0025,0.0014,0.0000]
	おく:[0.0010,0.0014,0.0012,0.0010]
	上部:[0.0000,0.0000,0.0000,0.0000]
	とき:[0.0019,0.0006,0.0005,0.0029]
	膝頭:[0.0000,0.0000,0.0000,0.0000]
	空間:[0.0001,0.0003,0.0002,0.0000]
	打者:[0.0006,0.0000,0.0000,0.0011]
True-Positive

Section:8
	Ｆｌａｇ：：１００１
	ストライク
	１”ストライク”とコールすると同時に肘を伸ばし、右手を開いて上方に挙げる。
	２その手を軽く握りながら、肘が直角になる程度までおろす。
	このとき、肘に力が入らないようにする、
	左手は身体の前面で軽く握る。
	足の位置はそのままでも良いが、閉じても良い。
	走者なしで空振りなど、ストライクがはっきりしているときは、力まず軽く宣告・シグナルをする。
	構えたままで、大きな声でストライクとはっきりコールし、オーバーアクションまたはストライクのジェスチャーを大きく行う。
Score:0.00150332649335
EACH_TAG_SCORE:
	image:0.000448757698442
	table:0.000392351498511
	graph:0.00022735758556
	flow:0.000434859710832
PARA:
Clueword:
	大きな:[0.0016,0.0005,0.0005,0.0003]
	そのまま:[0.0002,0.0000,0.0001,0.0010]
	ストライク:[0.0004,0.0000,0.0000,0.0008]
	空振り:[0.0000,0.0000,0.0000,0.0001]
	直角:[0.0004,0.0000,0.0000,0.0002]
	まで:[0.0015,0.0020,0.0015,0.0016]
	行う:[0.0006,0.0007,0.0001,0.0022]
	上方:[0.0008,0.0000,0.0000,0.0002]
	宣告:[0.0001,0.0000,0.0000,0.0001]
	前面:[0.0004,0.0000,0.0000,0.0002]
	開く:[0.0007,0.0001,0.0000,0.0025]
	大きい:[0.0018,0.0011,0.0029,0.0014]
	アクション:[0.0000,0.0000,0.0000,0.0001]
	構える:[0.0004,0.0000,0.0000,0.0008]
	位置:[0.0062,0.0006,0.0001,0.0005]
	なる:[0.0091,0.0108,0.0069,0.0074]
	または:[0.0007,0.0006,0.0001,0.0008]
	閉じる:[0.0000,0.0000,0.0000,0.0001]
	する:[0.0384,0.0382,0.0182,0.0461]
	挙げる:[0.0005,0.0000,0.0000,0.0004]
	程度:[0.0010,0.0014,0.0019,0.0008]
	ジェスチャー:[0.0001,0.0000,0.0000,0.0003]
	コール:[0.0010,0.0000,0.0000,0.0016]
	良い:[0.0011,0.0013,0.0006,0.0010]
	右手:[0.0020,0.0004,0.0000,0.0011]
	力む:[0.0000,0.0000,0.0000,0.0001]
	伸ばす:[0.0002,0.0001,0.0001,0.0004]
	まま:[0.0002,0.0003,0.0002,0.0001]
	走者:[0.0005,0.0000,0.0000,0.0004]
	同時に:[0.0001,0.0001,0.0000,0.0005]
	はっきり:[0.0004,0.0003,0.0000,0.0002]
	ながら:[0.0005,0.0001,0.0005,0.0011]
	オーバー:[0.0000,0.0001,0.0000,0.0001]
	身体:[0.0002,0.0001,0.0004,0.0002]
	おろす:[0.0001,0.0000,0.0000,0.0007]
	入る:[0.0010,0.0005,0.0003,0.0008]
	なし:[0.0001,0.0000,0.0000,0.0001]
	シグナル:[0.0002,0.0001,0.0000,0.0002]
	軽い:[0.0010,0.0008,0.0000,0.0017]
	でも:[0.0018,0.0029,0.0017,0.0004]
	いる:[0.0131,0.0126,0.0100,0.0081]
	とき:[0.0019,0.0006,0.0005,0.0029]
	ない:[0.0085,0.0106,0.0062,0.0077]
	ようだ:[0.0046,0.0040,0.0016,0.0063]
	左手:[0.0017,0.0004,0.0000,0.0013]
	握る:[0.0003,0.0000,0.0000,0.0007]
	など:[0.0053,0.0054,0.0019,0.0021]
True-Positive

Section:5
	Ｆｌａｇ：：１００１
	プレイボール
	球審はマスクを着けて捕手の後ろに立つ。
	打者を打者席につかせる。
	塁審、プレイヤー、ベースコーチが所定の位置についたかどうかを確認する。
	投手が投手板に立ったとき、右手を開いて高く挙げ、手のひらを前に向けて“プレイボール”とコールする。
Score:0.00149779083443
EACH_TAG_SCORE:
	image:0.000441776913844
	table:0.000323174189302
	graph:0.000223462820571
	flow:0.000509376910712
PARA:
Clueword:
	右手:[0.0020,0.0004,0.0000,0.0011]
	マスク:[0.0002,0.0000,0.0000,0.0005]
	開く:[0.0007,0.0001,0.0000,0.0025]
	せる:[0.0017,0.0005,0.0006,0.0030]
	向ける:[0.0003,0.0000,0.0003,0.0017]
	確認:[0.0008,0.0005,0.0000,0.0011]
	球審:[0.0004,0.0001,0.0000,0.0004]
	手のひら:[0.0001,0.0000,0.0000,0.0002]
	後ろ:[0.0019,0.0000,0.0000,0.0017]
	コール:[0.0010,0.0000,0.0000,0.0016]
	投手:[0.0003,0.0000,0.0000,0.0008]
	打者:[0.0006,0.0000,0.0000,0.0011]
	する:[0.0384,0.0382,0.0182,0.0461]
	挙げる:[0.0005,0.0000,0.0000,0.0004]
	立つ:[0.0004,0.0004,0.0004,0.0009]
	位置:[0.0062,0.0006,0.0001,0.0005]
	高い:[0.0007,0.0015,0.0101,0.0005]
	プレイボール:[0.0001,0.0000,0.0000,0.0002]
	プレイヤー:[0.0000,0.0000,0.0000,0.0001]
	所定:[0.0001,0.0000,0.0000,0.0002]
	ベースコーチ:[0.0000,0.0000,0.0000,0.0001]
	つく:[0.0016,0.0013,0.0004,0.0009]
	塁審:[0.0003,0.0001,0.0000,0.0008]
	捕手:[0.0002,0.0000,0.0000,0.0005]
	とき:[0.0019,0.0006,0.0005,0.0029]
	着ける:[0.0001,0.0000,0.0001,0.0002]
True-Positive

Section:23
	Ｆｌａｇ：：１０００
	安全進塁権
	テイクツー・テイクスリー
	送球・投球が、ボールデッドになる場所に入ったかどうかを見る。
	送球またはフェアの打球にグラブを投げて、当てたかどうかを見る。
	ボールデッドのシグナルを示し、“ボールデッド”とコールし、右手を挙げ２本の指で“テイク・ツー”とコールする。
	（投球の場合はテイク・ワン）
	球に当たったことを指したのち、“ディレードデッドボール”とコールする。
Score:0.00141882082914
EACH_TAG_SCORE:
	image:0.000368920538855
	table:0.000496419995326
	graph:0.000184567572351
	flow:0.000368912722609
PARA:
Clueword:
	する:[0.0384,0.0382,0.0182,0.0461]
	指す:[0.0003,0.0000,0.0000,0.0002]
	テイクツー:[0.0000,0.0000,0.0000,0.0000]
	場合:[0.0045,0.0357,0.0045,0.0023]
	挙げる:[0.0005,0.0000,0.0000,0.0004]
	示す:[0.0009,0.0003,0.0001,0.0005]
	のち:[0.0001,0.0000,0.0000,0.0000]
	ツー:[0.0000,0.0000,0.0000,0.0000]
	なる:[0.0091,0.0108,0.0069,0.0074]
	打球:[0.0003,0.0001,0.0000,0.0000]
	安全だ:[0.0001,0.0001,0.0002,0.0003]
	スリー:[0.0000,0.0000,0.0000,0.0000]
	ディレードデッドボール:[0.0001,0.0000,0.0000,0.0003]
	送球:[0.0001,0.0000,0.0000,0.0000]
	または:[0.0007,0.0006,0.0001,0.0008]
	コール:[0.0010,0.0000,0.0000,0.0016]
	デッド:[0.0003,0.0000,0.0000,0.0003]
	テイク:[0.0001,0.0000,0.0000,0.0000]
	投げる:[0.0000,0.0000,0.0000,0.0000]
	ボール:[0.0005,0.0000,0.0000,0.0005]
	こと:[0.0094,0.0098,0.0051,0.0087]
	当てる:[0.0001,0.0000,0.0000,0.0001]
	当たる:[0.0002,0.0001,0.0000,0.0005]
	場所:[0.0004,0.0005,0.0000,0.0000]
	右手:[0.0020,0.0004,0.0000,0.0011]
	入る:[0.0010,0.0005,0.0003,0.0008]
	見る:[0.0020,0.0008,0.0013,0.0005]
	フェア:[0.0002,0.0002,0.0000,0.0000]
	シグナル:[0.0002,0.0001,0.0000,0.0002]
	投球:[0.0004,0.0000,0.0000,0.0005]
	ワン:[0.0001,0.0000,0.0000,0.0000]
	グラブ:[0.0000,0.0000,0.0000,0.0000]
	進塁:[0.0000,0.0000,0.0000,0.0000]
True-Positive

Section:18
	Ｆｌａｇ：：１００１
	不正投球
	イリーガルピッチ
	各審判員は、投手の投球動作を見守る。
	不正投球にもかかわらず打者が打った場合は、結果を見てから、成り行きにまかせるか、または不正投球を適用するかを決める。
	その結果によって、処理の扱いが異なるので、早まってはいけない。
	そこでまず、「ディレードデッドボール」をを示すため、左手を握って横に出し、“ディレードデッドボール”とコールし、次いで違反者を指さし、“イリーガルピッチ”とコールする。
	プレイの成立を確認のうえ、必要があれば“タイム”のコールとジェスチャーをし、正しい処置をする。
Score:0.00133729926815
EACH_TAG_SCORE:
	image:0.000333022156003
	table:0.000432091520201
	graph:0.000159803951359
	flow:0.000412381640588
PARA:
Clueword:
	ディレードデッドボール:[0.0001,0.0000,0.0000,0.0003]
	正しい:[0.0002,0.0002,0.0000,0.0001]
	よる:[0.0031,0.0025,0.0025,0.0031]
	場合:[0.0045,0.0357,0.0045,0.0023]
	まかせる:[0.0000,0.0000,0.0000,0.0001]
	うえ:[0.0001,0.0000,0.0000,0.0001]
	決める:[0.0001,0.0004,0.0001,0.0004]
	確認:[0.0008,0.0005,0.0000,0.0011]
	まず:[0.0007,0.0007,0.0001,0.0190]
	異なる:[0.0007,0.0019,0.0001,0.0002]
	のだ:[0.0069,0.0071,0.0039,0.0054]
	プレイ:[0.0002,0.0001,0.0000,0.0006]
	から:[0.0059,0.0058,0.0033,0.0058]
	コール:[0.0010,0.0000,0.0000,0.0016]
	不正だ:[0.0002,0.0000,0.0000,0.0003]
	成り行き:[0.0000,0.0000,0.0000,0.0001]
	出す:[0.0008,0.0007,0.0003,0.0006]
	投手:[0.0003,0.0000,0.0000,0.0008]
	処置:[0.0001,0.0000,0.0000,0.0002]
	打者:[0.0006,0.0000,0.0000,0.0011]
	示す:[0.0009,0.0003,0.0001,0.0005]
	タイム:[0.0001,0.0000,0.0000,0.0002]
	する:[0.0384,0.0382,0.0182,0.0461]
	または:[0.0007,0.0006,0.0001,0.0008]
	処理:[0.0001,0.0003,0.0000,0.0025]
	ジェスチャー:[0.0001,0.0000,0.0000,0.0003]
	早まる:[0.0000,0.0000,0.0000,0.0001]
	必要だ:[0.0014,0.0024,0.0006,0.0019]
	ある:[0.0105,0.0114,0.0037,0.0052]
	適用:[0.0005,0.0003,0.0000,0.0001]
	イリーガルピッチ:[0.0001,0.0000,0.0000,0.0002]
	扱う:[0.0001,0.0001,0.0000,0.0001]
	指さす:[0.0003,0.0000,0.0000,0.0003]
	かかわる:[0.0001,0.0002,0.0000,0.0004]
	審判:[0.0002,0.0000,0.0000,0.0003]
	ため:[0.0033,0.0030,0.0025,0.0027]
	打つ:[0.0001,0.0001,0.0000,0.0006]
	動作:[0.0002,0.0003,0.0000,0.0003]
	見る:[0.0020,0.0008,0.0013,0.0005]
	結果:[0.0004,0.0004,0.0011,0.0007]
	違反:[0.0001,0.0000,0.0000,0.0001]
	次ぐ:[0.0000,0.0000,0.0000,0.0001]
	見守る:[0.0000,0.0000,0.0000,0.0001]
	いけない:[0.0002,0.0004,0.0001,0.0001]
	成立:[0.0001,0.0001,0.0000,0.0001]
	左手:[0.0017,0.0004,0.0000,0.0013]
	握る:[0.0003,0.0000,0.0000,0.0007]
	投球:[0.0004,0.0000,0.0000,0.0005]
True-Positive

Section:17
	Ｆｌａｇ：：１００１
	守備妨害
	インターフェアランス
	（１）腰を落として、両手を膝に置いて構える。
	（２）プレイを見極める。
	（３）ボールデッドのシグナルを示した後、“ボールデッド”とコールする。
	（４）妨害した打者または走者を指さし、“インターフェア・バッターアウト”あるいは
	”インターフェア・ランナーアウト”とコールする。
	直ちに「ボールデッド」になることに注意したい。
Score:0.00127262223039
EACH_TAG_SCORE:
	image:0.000357462541782
	table:0.000334473930454
	graph:0.00017081697979
	flow:0.000409868778369
PARA:
Clueword:
	あるいは:[0.0001,0.0010,0.0000,0.0001]
	守備:[0.0001,0.0000,0.0000,0.0001]
	打者:[0.0006,0.0000,0.0000,0.0011]
	インターフェア:[0.0001,0.0000,0.0000,0.0003]
	アウト:[0.0005,0.0000,0.0000,0.0007]
	ランナー:[0.0001,0.0000,0.0000,0.0001]
	プレイ:[0.0002,0.0001,0.0000,0.0006]
	直ちに:[0.0001,0.0000,0.0000,0.0012]
	ランス:[0.0000,0.0000,0.0000,0.0001]
	たい:[0.0013,0.0013,0.0010,0.0014]
	置く:[0.0007,0.0002,0.0003,0.0005]
	コール:[0.0010,0.0000,0.0000,0.0016]
	構える:[0.0004,0.0000,0.0000,0.0008]
	注意:[0.0008,0.0003,0.0005,0.0007]
	なる:[0.0091,0.0108,0.0069,0.0074]
	する:[0.0384,0.0382,0.0182,0.0461]
	または:[0.0007,0.0006,0.0001,0.0008]
	落とす:[0.0002,0.0001,0.0000,0.0002]
	デッド:[0.0003,0.0000,0.0000,0.0003]
	妨害:[0.0001,0.0000,0.0000,0.0004]
	バッター:[0.0001,0.0000,0.0000,0.0001]
	ボール:[0.0005,0.0000,0.0000,0.0005]
	こと:[0.0094,0.0098,0.0051,0.0087]
	走者:[0.0005,0.0000,0.0000,0.0004]
	指さす:[0.0003,0.0000,0.0000,0.0003]
	両手:[0.0003,0.0000,0.0000,0.0020]
	シグナル:[0.0002,0.0001,0.0000,0.0002]
	示す:[0.0009,0.0003,0.0001,0.0005]
	見極める:[0.0002,0.0000,0.0000,0.0001]
True-Positive

Section:12
	Ｆｌａｇ：：１０００
	インフィールドフライ
	球審は、野手が飛球の落下地点で構え、打球が最高点に達したとき右手を挙げて、“インフィールドフライ”とコールし、アウトのシグナルをする。
	（塁審が宣告した場合も同様）
	塁審は、人差し指を伸ばし、球審に同調する。
	また、事前に各審判員が確認し合う為、打者走者が一塁に触れ、次打者が打者席に入ったとき、審判員は一斉に右手を軽く左肩に当てる。
Score:0.00121704421422
EACH_TAG_SCORE:
	image:0.000313171877221
	table:0.000421389292402
	graph:0.000133062075523
	flow:0.000349420969073
PARA:
Clueword:
	人差し指:[0.0000,0.0000,0.0000,0.0000]
	アウト:[0.0005,0.0000,0.0000,0.0007]
	宣告:[0.0001,0.0000,0.0000,0.0001]
	場合:[0.0045,0.0357,0.0045,0.0023]
	同様だ:[0.0003,0.0003,0.0000,0.0003]
	同調:[0.0001,0.0000,0.0000,0.0000]
	確認:[0.0008,0.0005,0.0000,0.0011]
	球審:[0.0004,0.0001,0.0000,0.0004]
	野手:[0.0002,0.0000,0.0000,0.0003]
	達する:[0.0001,0.0000,0.0000,0.0000]
	地点:[0.0004,0.0000,0.0000,0.0000]
	事前:[0.0001,0.0000,0.0002,0.0000]
	触れる:[0.0001,0.0000,0.0000,0.0001]
	構える:[0.0004,0.0000,0.0000,0.0008]
	また:[0.0021,0.0013,0.0011,0.0018]
	打者:[0.0006,0.0000,0.0000,0.0011]
	する:[0.0384,0.0382,0.0182,0.0461]
	挙げる:[0.0005,0.0000,0.0000,0.0004]
	コール:[0.0010,0.0000,0.0000,0.0016]
	一斉だ:[0.0001,0.0000,0.0000,0.0000]
	右手:[0.0020,0.0004,0.0000,0.0011]
	打球:[0.0003,0.0001,0.0000,0.0000]
	伸ばす:[0.0002,0.0001,0.0001,0.0004]
	当てる:[0.0001,0.0000,0.0000,0.0001]
	走者:[0.0005,0.0000,0.0000,0.0004]
	合う:[0.0004,0.0004,0.0001,0.0000]
	審判:[0.0002,0.0000,0.0000,0.0003]
	飛球:[0.0000,0.0000,0.0000,0.0000]
	入る:[0.0010,0.0005,0.0003,0.0008]
	塁審:[0.0003,0.0001,0.0000,0.0008]
	最高だ:[0.0001,0.0000,0.0001,0.0000]
	シグナル:[0.0002,0.0001,0.0000,0.0002]
	軽い:[0.0010,0.0008,0.0000,0.0017]
	インフィールドフライ:[0.0001,0.0000,0.0000,0.0000]
	とき:[0.0019,0.0006,0.0005,0.0029]
	落下:[0.0000,0.0000,0.0000,0.0000]
True-Positive

Section:11
	Ｆｌａｇ：：１１００
	打球の判定
	（フェア）
	球審は前に出て、腰を落とす。
	ライン際のゴロは、すばやくライン上に出て追う。
	一・三塁塁審は、低い姿勢で打球をみる。
	球審は“フェア”のコールをしない。
	きわどいときだけは、フェアのシグナルを出す。
	塁審は、きわどい打球を追ってよく確認し、フェアのシグナルを出す。
	内野側の腕をフェア地域に向かって、横に真っ直ぐ伸ばす。
Score:0.00120598979087
EACH_TAG_SCORE:
	image:0.000339135853126
	table:0.000319546486143
	graph:0.000191195756219
	flow:0.00035611169538
PARA:
Clueword:
	確認:[0.0008,0.0005,0.0000,0.0011]
	球審:[0.0004,0.0001,0.0000,0.0004]
	コール:[0.0010,0.0000,0.0000,0.0016]
	低い:[0.0014,0.0007,0.0059,0.0003]
	ライン:[0.0003,0.0001,0.0001,0.0001]
	追う:[0.0001,0.0001,0.0000,0.0000]
	みる:[0.0014,0.0012,0.0011,0.0005]
	出す:[0.0008,0.0007,0.0003,0.0006]
	打球:[0.0003,0.0001,0.0000,0.0000]
	一・三:[0.0000,0.0000,0.0000,0.0000]
	する:[0.0384,0.0382,0.0182,0.0461]
	内野:[0.0000,0.0000,0.0000,0.0000]
	落とす:[0.0002,0.0001,0.0000,0.0002]
	だけ:[0.0013,0.0014,0.0007,0.0014]
	地域:[0.0004,0.0008,0.0007,0.0000]
	伸ばす:[0.0002,0.0001,0.0001,0.0004]
	姿勢:[0.0011,0.0001,0.0000,0.0000]
	よい:[0.0014,0.0014,0.0004,0.0004]
	すばやい:[0.0000,0.0001,0.0000,0.0000]
	きわどい:[0.0001,0.0001,0.0000,0.0001]
	出る:[0.0008,0.0010,0.0006,0.0004]
	塁審:[0.0003,0.0001,0.0000,0.0008]
	フェア:[0.0002,0.0002,0.0000,0.0000]
	向かう:[0.0001,0.0000,0.0001,0.0001]
	シグナル:[0.0002,0.0001,0.0000,0.0002]
	ゴロ:[0.0000,0.0000,0.0000,0.0000]
	判定:[0.0001,0.0000,0.0000,0.0001]
	とき:[0.0019,0.0006,0.0005,0.0029]
	ない:[0.0085,0.0106,0.0062,0.0077]
	真っ直ぐ:[0.0004,0.0000,0.0000,0.0000]
True-Positive

Section:2
	Ｆｌａｇ：：００００
	それと、これは、見た目というか
	毅然とした態度
	を示すというか・・・・まず、前出のゴールキック、コーナーキックもですが
	間接フリーキックの時の手を上に上げる時や、ファウルの時攻める側を指し示すときなどの手まっすぐのばそう！！！
	肘を曲げて、いると、何か自信のない、威厳のない雰囲気に。
	笛の音が、「ピー」ではなく「ヒョロヒョロ」となっているのと同じように感じる。
	ほんとにちょっとしたことなのだけど。
	こういうことをちょっと変えるだけで、取り組み方も
	そしてなにより、選手やベンチなどの受けとる側もちょっと「変わる」
	気持ちのいい審判に笛を吹いてもらうと、ジャッジを素直に受け入れるし、
	試合が・・・・気持ちのいいものになるのですよ・・・・・・
	そうすれば、主審も「余裕の笑顔」がでてくる。
	４級でもチャレンジしてみよう。
Score:0.00118324647079
EACH_TAG_SCORE:
	image:0.00033248420777
	table:0.000326001035432
	graph:0.00018110679578
	flow:0.00034365443181
PARA:
Clueword:
	感じる:[0.0010,0.0009,0.0003,0.0004]
	取り組む:[0.0001,0.0001,0.0000,0.0000]
	同じだ:[0.0010,0.0013,0.0009,0.0005]
	主審:[0.0000,0.0000,0.0000,0.0000]
	余裕:[0.0000,0.0000,0.0000,0.0000]
	選手:[0.0001,0.0000,0.0000,0.0001]
	まっすぐ:[0.0003,0.0000,0.0000,0.0000]
	もらう:[0.0001,0.0003,0.0000,0.0000]
	受け入れる:[0.0000,0.0001,0.0000,0.0000]
	みる:[0.0014,0.0012,0.0011,0.0005]
	なる:[0.0091,0.0108,0.0069,0.0074]
	する:[0.0384,0.0382,0.0182,0.0461]
	いる:[0.0131,0.0126,0.0100,0.0081]
	ゴール:[0.0002,0.0000,0.0000,0.0000]
	こと:[0.0094,0.0098,0.0051,0.0087]
	見た目:[0.0042,0.0001,0.0001,0.0001]
	審判:[0.0002,0.0000,0.0000,0.0003]
	もの:[0.0031,0.0027,0.0008,0.0016]
	だけ:[0.0013,0.0014,0.0007,0.0014]
	変わる:[0.0003,0.0005,0.0005,0.0003]
	とき:[0.0019,0.0006,0.0005,0.0029]
	ようだ:[0.0046,0.0040,0.0016,0.0063]
	ベンチ:[0.0000,0.0000,0.0000,0.0000]
	曲げる:[0.0000,0.0000,0.0000,0.0001]
	いう:[0.0048,0.0059,0.0042,0.0034]
	いい:[0.0008,0.0008,0.0005,0.0002]
	気持ち:[0.0001,0.0001,0.0000,0.0005]
	キック:[0.0002,0.0001,0.0000,0.0000]
	まず:[0.0007,0.0007,0.0001,0.0190]
	くる:[0.0017,0.0012,0.0011,0.0007]
	笑顔:[0.0001,0.0000,0.0000,0.0000]
	のだ:[0.0069,0.0071,0.0039,0.0054]
	試合:[0.0000,0.0000,0.0000,0.0001]
	示す:[0.0009,0.0003,0.0001,0.0005]
	ちょっと:[0.0001,0.0002,0.0003,0.0000]
	コーナーキック:[0.0001,0.0000,0.0000,0.0000]
	けど:[0.0002,0.0003,0.0000,0.0000]
	素直だ:[0.0000,0.0000,0.0000,0.0000]
	そして:[0.0004,0.0004,0.0001,0.0025]
	なにより:[0.0001,0.0000,0.0000,0.0000]
	上げる:[0.0003,0.0002,0.0004,0.0005]
	フリーだ:[0.0000,0.0001,0.0000,0.0000]
	変える:[0.0002,0.0002,0.0001,0.0000]
	雰囲気:[0.0006,0.0000,0.0000,0.0001]
	でも:[0.0018,0.0029,0.0017,0.0004]
	ない:[0.0085,0.0106,0.0062,0.0077]
	でる:[0.0001,0.0001,0.0000,0.0000]
	など:[0.0053,0.0054,0.0019,0.0021]
False-Positive

Section:25
	Ｆｌａｇ：：００００
	外野フライ
	球審は前に出て見る。
	（三塁に走者がいるときは、前に出ないでタッチアップに備える）
	塁審は打球を横から見ることの出来る方向へ追って、停止して確認し、判定する。
	内野フライ
	球審は、捕球を確認して、“アウト”のコールとジェスチャーをする。
	ファールフライ
	球審は横に出て見る。
	塁審は、打球を横から見ることのできる方向へ追って確認し、判定する。
	試合の終了
	ゲーム
	試合開始前の集合と同じ
	球審は右手を挙げて“ゲーム”とコールする。
	審判員・選手はともに帽子を取って挨拶をする。
Score:0.00115308399112
EACH_TAG_SCORE:
	image:0.000341242743771
	table:0.000305843586659
	graph:0.000175579821077
	flow:0.00033041783961
PARA:
Clueword:
	備える:[0.0000,0.0000,0.0000,0.0002]
	アウト:[0.0005,0.0000,0.0000,0.0007]
	挨拶:[0.0000,0.0000,0.0000,0.0001]
	終了:[0.0002,0.0000,0.0000,0.0000]
	同じだ:[0.0010,0.0013,0.0009,0.0005]
	できる:[0.0045,0.0045,0.0015,0.0023]
	確認:[0.0008,0.0005,0.0000,0.0011]
	球審:[0.0004,0.0001,0.0000,0.0004]
	取る:[0.0006,0.0009,0.0003,0.0001]
	開始:[0.0000,0.0000,0.0001,0.0002]
	から:[0.0059,0.0058,0.0033,0.0058]
	選手:[0.0001,0.0000,0.0000,0.0001]
	試合:[0.0000,0.0000,0.0000,0.0001]
	打球:[0.0003,0.0001,0.0000,0.0000]
	判定:[0.0001,0.0000,0.0000,0.0001]
	する:[0.0384,0.0382,0.0182,0.0461]
	内野:[0.0000,0.0000,0.0000,0.0000]
	いる:[0.0131,0.0126,0.0100,0.0081]
	ジェスチャー:[0.0001,0.0000,0.0000,0.0003]
	コール:[0.0010,0.0000,0.0000,0.0016]
	ともに:[0.0001,0.0001,0.0002,0.0001]
	挙げる:[0.0005,0.0000,0.0000,0.0004]
	右手:[0.0020,0.0004,0.0000,0.0011]
	方向:[0.0003,0.0000,0.0000,0.0001]
	こと:[0.0094,0.0098,0.0051,0.0087]
	審判:[0.0002,0.0000,0.0000,0.0003]
	走者:[0.0005,0.0000,0.0000,0.0004]
	集合:[0.0001,0.0000,0.0000,0.0002]
	ゲーム:[0.0001,0.0000,0.0001,0.0000]
	出る:[0.0008,0.0010,0.0006,0.0004]
	見る:[0.0020,0.0008,0.0013,0.0005]
	出来る:[0.0004,0.0004,0.0001,0.0002]
	塁審:[0.0003,0.0001,0.0000,0.0008]
	追う:[0.0001,0.0001,0.0000,0.0000]
	停止:[0.0001,0.0000,0.0000,0.0000]
	とき:[0.0019,0.0006,0.0005,0.0029]
	タッチ:[0.0001,0.0000,0.0000,0.0000]
	アップ:[0.0006,0.0002,0.0024,0.0003]
False-Positive

Section:10
	Ｆｌａｇ：：０００１
	チェックスイング
	（１）打者がバットを振ったかどうか確認できなかったときは、立ち上がり、直ちに塁審のサインを求める。
	（２）マスクをとって一歩前へ踏み出す。
	（３）右（左）打者のときは、一（三）塁審を右手で指さす。
	大きな声で“チェック”とコールする。
	（４）塁審のサインを受けてから判定する。
	ストライクのときは“ストライク”のコールとジェスチャーをする。
	ボールのときは、“ボール”とコールする。
Score:0.00115228866614
EACH_TAG_SCORE:
	image:0.000330087114545
	table:0.000302331164824
	graph:0.000151494440589
	flow:0.000368375946182
PARA:
Clueword:
	マスク:[0.0002,0.0000,0.0000,0.0005]
	ストライク:[0.0004,0.0000,0.0000,0.0008]
	大きな:[0.0016,0.0005,0.0005,0.0003]
	バット:[0.0000,0.0000,0.0000,0.0001]
	求める:[0.0001,0.0001,0.0000,0.0001]
	直ちに:[0.0001,0.0000,0.0000,0.0012]
	できる:[0.0045,0.0045,0.0015,0.0023]
	確認:[0.0008,0.0005,0.0000,0.0011]
	から:[0.0059,0.0058,0.0033,0.0058]
	コール:[0.0010,0.0000,0.0000,0.0016]
	スイング:[0.0000,0.0000,0.0000,0.0001]
	とる:[0.0007,0.0004,0.0001,0.0005]
	受ける:[0.0001,0.0005,0.0002,0.0002]
	踏み出す:[0.0000,0.0000,0.0000,0.0001]
	打者:[0.0006,0.0000,0.0000,0.0011]
	サイン:[0.0001,0.0000,0.0000,0.0002]
	する:[0.0384,0.0382,0.0182,0.0461]
	振る:[0.0001,0.0002,0.0000,0.0001]
	ジェスチャー:[0.0001,0.0000,0.0000,0.0003]
	立つ:[0.0004,0.0004,0.0004,0.0009]
	右手:[0.0020,0.0004,0.0000,0.0011]
	指さす:[0.0003,0.0000,0.0000,0.0003]
	ボール:[0.0005,0.0000,0.0000,0.0005]
	チェック:[0.0004,0.0004,0.0003,0.0002]
	塁審:[0.0003,0.0001,0.0000,0.0008]
	判定:[0.0001,0.0000,0.0000,0.0001]
	とき:[0.0019,0.0006,0.0005,0.0029]
	ない:[0.0085,0.0106,0.0062,0.0077]
	上がる:[0.0002,0.0002,0.0005,0.0006]
True-Positive

Section:16
	Ｆｌａｇ：：１００１
	走塁妨害
	オブストラクション
	（１）走者の走塁が野手によって妨げられたことを確認する。
	（よけた）（接触した）（転倒した）（衝突した）
	（２）直ちに左手を握って横に出し“ディレードデッドボール”とコールする。
	（３）妨害した野手を右手で指し“オブストラクション”とコールする。
	（４）プレイが一段落するまで待つ。
	（５）“タイム”のコールとゼスチャーをし、適切な処置をする。
Score:0.00112935638058
EACH_TAG_SCORE:
	image:0.000323829771412
	table:0.000291031716471
	graph:0.000148579933657
	flow:0.000365914959042
PARA:
Clueword:
	ゼスチャー:[0.0001,0.0000,0.0000,0.0001]
	指す:[0.0003,0.0000,0.0000,0.0002]
	よる:[0.0031,0.0025,0.0025,0.0031]
	走塁:[0.0001,0.0000,0.0000,0.0002]
	適切だ:[0.0001,0.0000,0.0001,0.0001]
	プレイ:[0.0002,0.0001,0.0000,0.0006]
	直ちに:[0.0001,0.0000,0.0000,0.0012]
	確認:[0.0008,0.0005,0.0000,0.0011]
	野手:[0.0002,0.0000,0.0000,0.0003]
	タイム:[0.0001,0.0000,0.0000,0.0002]
	出す:[0.0008,0.0007,0.0003,0.0006]
	転倒:[0.0000,0.0000,0.0000,0.0001]
	妨害:[0.0001,0.0000,0.0000,0.0004]
	まで:[0.0015,0.0020,0.0015,0.0016]
	段落:[0.0000,0.0000,0.0001,0.0001]
	する:[0.0384,0.0382,0.0182,0.0461]
	コール:[0.0010,0.0000,0.0000,0.0016]
	オブストラクション:[0.0001,0.0000,0.0000,0.0002]
	接触:[0.0001,0.0000,0.0000,0.0003]
	られる:[0.0025,0.0027,0.0015,0.0013]
	右手:[0.0020,0.0004,0.0000,0.0011]
	こと:[0.0094,0.0098,0.0051,0.0087]
	衝突:[0.0001,0.0000,0.0000,0.0001]
	走者:[0.0005,0.0000,0.0000,0.0004]
	処置:[0.0001,0.0000,0.0000,0.0002]
	よける:[0.0000,0.0000,0.0000,0.0001]
	ディレードデッドボール:[0.0001,0.0000,0.0000,0.0003]
	妨げる:[0.0000,0.0001,0.0000,0.0001]
	待つ:[0.0003,0.0003,0.0001,0.0002]
	左手:[0.0017,0.0004,0.0000,0.0013]
	握る:[0.0003,0.0000,0.0000,0.0007]
True-Positive

Section:22
	Ｆｌａｇ：：１０００
	セーフ
	フォースプレイは離れて、タッチプレイは近づいて見る。
	送球を見定めて、良い位置をとり、手を軽く握って膝に置いて腰を落とし、停止して構え、プレイを注視する。
	セーフと確認したら
	１手の平を下に向けて胸に両手を持って行き
	２そこから真横に伸ばして“セーフ”とコールする。
	きわどいものについては、片足を前に踏み込んで行ってもよい。
	その後走者の動きを注視する。
	球審はマスクを左手に持ったまま真横に伸ばす。
Score:0.00112737369401
EACH_TAG_SCORE:
	image:0.00033191029074
	table:0.000263875636917
	graph:0.000124571580388
	flow:0.000407016185961
PARA:
Clueword:
	フォースプレイ:[0.0000,0.0000,0.0000,0.0000]
	マスク:[0.0002,0.0000,0.0000,0.0005]
	置く:[0.0007,0.0002,0.0003,0.0005]
	する:[0.0384,0.0382,0.0182,0.0461]
	向ける:[0.0003,0.0000,0.0003,0.0017]
	踏み込む:[0.0000,0.0000,0.0000,0.0000]
	プレイ:[0.0002,0.0001,0.0000,0.0006]
	見定める:[0.0000,0.0000,0.0000,0.0000]
	確認:[0.0008,0.0005,0.0000,0.0011]
	球審:[0.0004,0.0001,0.0000,0.0004]
	片足:[0.0001,0.0000,0.0000,0.0001]
	持つ:[0.0008,0.0008,0.0001,0.0014]
	から:[0.0059,0.0058,0.0033,0.0058]
	コール:[0.0010,0.0000,0.0000,0.0016]
	注視:[0.0001,0.0000,0.0000,0.0000]
	動く:[0.0008,0.0004,0.0004,0.0009]
	セーフ:[0.0001,0.0000,0.0000,0.0000]
	きわどい:[0.0001,0.0001,0.0000,0.0001]
	とる:[0.0007,0.0004,0.0001,0.0005]
	送球:[0.0001,0.0000,0.0000,0.0000]
	位置:[0.0062,0.0006,0.0001,0.0005]
	落とす:[0.0002,0.0001,0.0000,0.0002]
	良い:[0.0011,0.0013,0.0006,0.0010]
	両手:[0.0003,0.0000,0.0000,0.0020]
	近づく:[0.0001,0.0001,0.0000,0.0001]
	伸ばす:[0.0002,0.0001,0.0001,0.0004]
	まま:[0.0002,0.0003,0.0002,0.0001]
	走者:[0.0005,0.0000,0.0000,0.0004]
	手の平:[0.0000,0.0000,0.0000,0.0009]
	よい:[0.0014,0.0014,0.0004,0.0004]
	つく:[0.0016,0.0013,0.0004,0.0009]
	その後:[0.0002,0.0002,0.0001,0.0134]
	見る:[0.0020,0.0008,0.0013,0.0005]
	もの:[0.0031,0.0027,0.0008,0.0016]
	軽い:[0.0010,0.0008,0.0000,0.0017]
	構える:[0.0004,0.0000,0.0000,0.0008]
	停止:[0.0001,0.0000,0.0000,0.0000]
	離れる:[0.0002,0.0001,0.0000,0.0001]
	行く:[0.0004,0.0006,0.0002,0.0002]
	タッチ:[0.0001,0.0000,0.0000,0.0000]
	左手:[0.0017,0.0004,0.0000,0.0013]
	握る:[0.0003,0.0000,0.0000,0.0007]
True-Positive

Section:1
	Ｆｌａｇ：：１０００
	審判の手のポーズ
	ゴールキック、コーナーキックの主審の手の位置
	ゴールキックはゴールエリアをコーナーキックはコーナーを手で指すのですが、
	角度によってはどこを指しているのかわかりにくい。
	なので、
	ゴールキックの場合は
	手のひらを下にに向け水平より若干下にの方向でゴールエリアを指す。
	コーナーキックは
	これと逆にやれば明らかに違います。
	手のひらを上に向ける。
	そして、角度は水平より若干上だ。
	これにより、選手も、ベンチにも明らかにどちらをさしているのかわかるのだ。
Score:0.00103450967424
EACH_TAG_SCORE:
	image:0.000296168279936
	table:0.000360444115324
	graph:0.00017384992133
	flow:0.000204047357647
PARA:
Clueword:
	やる:[0.0003,0.0004,0.0001,0.0011]
	にる:[0.0001,0.0001,0.0000,0.0001]
	エリア:[0.0001,0.0000,0.0000,0.0000]
	指す:[0.0003,0.0000,0.0000,0.0002]
	より:[0.0013,0.0022,0.0013,0.0003]
	よる:[0.0031,0.0025,0.0025,0.0031]
	なので:[0.0001,0.0002,0.0000,0.0000]
	向ける:[0.0003,0.0000,0.0003,0.0017]
	場合:[0.0045,0.0357,0.0045,0.0023]
	コーナー:[0.0001,0.0000,0.0000,0.0000]
	主審:[0.0000,0.0000,0.0000,0.0000]
	若干:[0.0020,0.0003,0.0036,0.0000]
	キック:[0.0002,0.0001,0.0000,0.0000]
	ます:[0.0273,0.0231,0.0151,0.0228]
	のだ:[0.0069,0.0071,0.0039,0.0054]
	にくい:[0.0008,0.0010,0.0001,0.0004]
	明らかだ:[0.0001,0.0000,0.0000,0.0001]
	いる:[0.0131,0.0126,0.0100,0.0081]
	選手:[0.0001,0.0000,0.0000,0.0001]
	ゴール:[0.0002,0.0000,0.0000,0.0000]
	水平だ:[0.0001,0.0000,0.0000,0.0001]
	位置:[0.0062,0.0006,0.0001,0.0005]
	手のひら:[0.0001,0.0000,0.0000,0.0002]
	方向:[0.0003,0.0000,0.0000,0.0001]
	角度:[0.0016,0.0000,0.0000,0.0000]
	コーナーキック:[0.0001,0.0000,0.0000,0.0000]
	審判:[0.0002,0.0000,0.0000,0.0003]
	さす:[0.0001,0.0000,0.0000,0.0000]
	そして:[0.0004,0.0004,0.0001,0.0025]
	逆だ:[0.0003,0.0006,0.0003,0.0001]
	ポーズ:[0.0008,0.0000,0.0000,0.0000]
	わかる:[0.0009,0.0006,0.0002,0.0004]
	違う:[0.0009,0.0011,0.0008,0.0003]
	ベンチ:[0.0000,0.0000,0.0000,0.0000]
True-Positive

Section:3
	Ｆｌａｇ：：１００１
	集合と挨拶
	審判員は服装を服装を整え、（球審はインサイドプロテクター・レガースを着けマスクを左手に持ち）、試合開始の予定時刻の３分前に両チームに集合を知らせる。
	審判員は、捕手席の後方に投手板の方向を向いて右側から、二塁審判、一塁審判、球審、三塁審判の順に横一列に並ぶ。
	両チームの選手は、打者席の外側に離れて、主将を先頭にして一列に向かい合って整列させる。
Score:0.00102571677743
EACH_TAG_SCORE:
	image:0.000301286366201
	table:0.000250083655372
	graph:0.000119865269366
	flow:0.000354481486491
PARA:
Clueword:
	予定:[0.0001,0.0001,0.0001,0.0001]
	マスク:[0.0002,0.0000,0.0000,0.0005]
	並ぶ:[0.0004,0.0001,0.0000,0.0002]
	挨拶:[0.0000,0.0000,0.0000,0.0001]
	せる:[0.0017,0.0005,0.0006,0.0030]
	主将:[0.0000,0.0000,0.0000,0.0001]
	イン:[0.0003,0.0002,0.0000,0.0003]
	後方:[0.0007,0.0000,0.0000,0.0001]
	服装:[0.0004,0.0000,0.0001,0.0002]
	選手:[0.0001,0.0000,0.0000,0.0001]
	球審:[0.0004,0.0001,0.0000,0.0004]
	着ける:[0.0001,0.0000,0.0001,0.0002]
	持つ:[0.0008,0.0008,0.0001,0.0014]
	向かい合う:[0.0000,0.0000,0.0000,0.0001]
	開始:[0.0000,0.0000,0.0001,0.0002]
	から:[0.0059,0.0058,0.0033,0.0058]
	整える:[0.0001,0.0000,0.0000,0.0003]
	投手:[0.0003,0.0000,0.0000,0.0008]
	試合:[0.0000,0.0000,0.0000,0.0001]
	外側:[0.0022,0.0003,0.0000,0.0010]
	プロテクター:[0.0000,0.0000,0.0000,0.0001]
	する:[0.0384,0.0382,0.0182,0.0461]
	離れる:[0.0002,0.0001,0.0000,0.0001]
	整列:[0.0000,0.0000,0.0000,0.0001]
	集合:[0.0001,0.0000,0.0000,0.0002]
	審判:[0.0002,0.0000,0.0000,0.0003]
	チーム:[0.0001,0.0002,0.0001,0.0003]
	左手:[0.0017,0.0004,0.0000,0.0013]
	塁審:[0.0003,0.0001,0.0000,0.0008]
	順だ:[0.0001,0.0002,0.0000,0.0003]
	レガース:[0.0000,0.0000,0.0000,0.0001]
	知らせる:[0.0001,0.0000,0.0000,0.0001]
	向く:[0.0003,0.0001,0.0001,0.0002]
	捕手:[0.0002,0.0000,0.0000,0.0005]
	先頭:[0.0000,0.0001,0.0000,0.0001]
	方向:[0.0003,0.0000,0.0000,0.0001]
	サイド:[0.0004,0.0000,0.0000,0.0006]
	打者:[0.0006,0.0000,0.0000,0.0011]
	時刻:[0.0001,0.0000,0.0000,0.0001]
True-Positive

Section:20
	Ｆｌａｇ：：１０００
	走塁違反
	追い越しアウト
	追い越したかどうかを、見極める。
	追い越したその走者（逆走の場合は追い越された走者）を指さし、“追い越しアウト”とコールし、速やかにその走者を取り除く。
		ラインアウト
	野手がタッチしようとしたとき、走者が塁間を結ぶ直線から０．９１ｍ以上逃げたかどうかを見極める。
	走者を指さして“ラインアウト”とコールする。
	後ずさりアウト
	本塁、一塁間で野手がタッチしようとしたとき、打者走者がタッチを避けようとして後ずさりしたかどうかを見極める。
	両手を高く挙げ“ボールデッド”コールとゼスチャーをしたあと、打者走者を指さし“後ずさりアウト”とコールする。
Score:0.000943070201805
EACH_TAG_SCORE:
	image:0.000230052659723
	table:0.000317352427381
	graph:0.000146696273667
	flow:0.000248968841036
PARA:
Clueword:
	結ぶ:[0.0005,0.0007,0.0000,0.0000]
	ゼスチャー:[0.0001,0.0000,0.0000,0.0001]
	アウト:[0.0005,0.0000,0.0000,0.0007]
	直線:[0.0001,0.0000,0.0000,0.0000]
	走塁:[0.0001,0.0000,0.0000,0.0002]
	場合:[0.0045,0.0357,0.0045,0.0023]
	逃げる:[0.0000,0.0000,0.0000,0.0000]
	逆だ:[0.0003,0.0006,0.0003,0.0001]
	野手:[0.0002,0.0000,0.0000,0.0003]
	追い越す:[0.0002,0.0000,0.0000,0.0000]
	から:[0.0059,0.0058,0.0033,0.0058]
	本塁:[0.0001,0.0000,0.0000,0.0001]
	あと:[0.0001,0.0006,0.0001,0.0000]
	れる:[0.0087,0.0089,0.0045,0.0070]
	打者:[0.0006,0.0000,0.0000,0.0011]
	する:[0.0384,0.0382,0.0182,0.0461]
	後ずさり:[0.0001,0.0000,0.0000,0.0000]
	コール:[0.0010,0.0000,0.0000,0.0016]
	デッド:[0.0003,0.0000,0.0000,0.0003]
	避ける:[0.0001,0.0001,0.0003,0.0002]
	挙げる:[0.0005,0.0000,0.0000,0.0004]
	ボール:[0.0005,0.0000,0.0000,0.0005]
	タッチ:[0.0001,0.0000,0.0000,0.0000]
	ラインアウト:[0.0001,0.0000,0.0000,0.0000]
	高い:[0.0007,0.0015,0.0101,0.0005]
	走者:[0.0005,0.0000,0.0000,0.0004]
	速やかだ:[0.0001,0.0000,0.0000,0.0000]
	指さす:[0.0003,0.0000,0.0000,0.0003]
	取り除く:[0.0001,0.0000,0.0000,0.0000]
	以上:[0.0009,0.0010,0.0017,0.0006]
	両手:[0.0003,0.0000,0.0000,0.0020]
	違反:[0.0001,0.0000,0.0000,0.0001]
	とき:[0.0019,0.0006,0.0005,0.0029]
	見極める:[0.0002,0.0000,0.0000,0.0001]
True-Positive

Section:7
	Ｆｌａｇ：：１００１
	基本動作等の確認
	（１）制服を整え、マスク等の用具は必ず着用し、所定の位置に着く。
	このとき、マスクの上のバンドは、頭上に盛り上がらないように注意する。
	（２）捕手の位置を考慮しながら、原則として投手に正対して本塁の中心よりインサイドに構え、両足は肩幅より広く開き、打者側の片足をやや前方にして、捕手に近づいて構える。
	（３）両肘を軽く締め、左手を前にして両手を組む。
	（４）投手の投球動作に合わせて腰を落とし、両膝を曲げ、背中を出来るだけ真っ直ぐに保ち、肩の力を抜いて自然に構える。
	（５）構えたときは、上体をわずかに前傾させ、体重を前にかけ、すぐにスタートがきれるようにする。
	そのため、膝にゆとりを持たせることが必要である。
	（球のコースを見るために身体や頭を左右に動かさないことが大切である。）
	（６）両目はストライクゾーンの上限でホームプレートのインサイドに外したところに置く。
	（７）常にホームプレートと打者の両手・両足が見えるようにする。
	塁審は、塁に走者がいるときには、両手を握り、両足の太腿の付け根付近に軽く添え構える。
Score:0.000831564105678
EACH_TAG_SCORE:
	image:0.000250808061384
	table:0.000206768827856
	graph:0.000116016009486
	flow:0.000257971206953
PARA:
Clueword:
	マスク:[0.0002,0.0000,0.0000,0.0005]
	動かす:[0.0003,0.0001,0.0000,0.0013]
	やや:[0.0002,0.0003,0.0003,0.0002]
	原則として:[0.0000,0.0000,0.0001,0.0001]
	用具:[0.0000,0.0000,0.0000,0.0001]
	より:[0.0013,0.0022,0.0013,0.0003]
	かける:[0.0008,0.0005,0.0003,0.0007]
	盛り上がる:[0.0001,0.0000,0.0000,0.0001]
	前方:[0.0014,0.0000,0.0000,0.0002]
	イン:[0.0003,0.0002,0.0000,0.0003]
	確認:[0.0008,0.0005,0.0000,0.0011]
	添える:[0.0001,0.0000,0.0000,0.0008]
	ホーム:[0.0001,0.0000,0.0000,0.0002]
	考慮:[0.0001,0.0001,0.0000,0.0001]
	締める:[0.0000,0.0000,0.0000,0.0001]
	制服:[0.0000,0.0000,0.0000,0.0001]
	保つ:[0.0001,0.0001,0.0000,0.0001]
	見える:[0.0008,0.0005,0.0001,0.0008]
	投手:[0.0003,0.0000,0.0000,0.0008]
	打者:[0.0006,0.0000,0.0000,0.0011]
	基本:[0.0004,0.0010,0.0003,0.0001]
	する:[0.0384,0.0382,0.0182,0.0461]
	いる:[0.0131,0.0126,0.0100,0.0081]
	落とす:[0.0002,0.0001,0.0000,0.0002]
	必要だ:[0.0014,0.0024,0.0006,0.0019]
	背中:[0.0001,0.0000,0.0000,0.0010]
	組む:[0.0001,0.0001,0.0000,0.0001]
	頭上:[0.0001,0.0000,0.0000,0.0001]
	こと:[0.0094,0.0098,0.0051,0.0087]
	必ず:[0.0003,0.0002,0.0002,0.0004]
	所定:[0.0001,0.0000,0.0000,0.0002]
	プレート:[0.0001,0.0000,0.0000,0.0002]
	身体:[0.0002,0.0001,0.0004,0.0002]
	外す:[0.0000,0.0000,0.0000,0.0001]
	動作:[0.0002,0.0003,0.0000,0.0003]
	ストライク:[0.0004,0.0000,0.0000,0.0008]
	スタート:[0.0001,0.0001,0.0000,0.0006]
	ゆとり:[0.0000,0.0000,0.0000,0.0001]
	見る:[0.0020,0.0008,0.0013,0.0005]
	出来る:[0.0004,0.0004,0.0001,0.0002]
	両手:[0.0003,0.0000,0.0000,0.0020]
	上限:[0.0001,0.0000,0.0000,0.0001]
	構える:[0.0004,0.0000,0.0000,0.0008]
	とき:[0.0019,0.0006,0.0005,0.0029]
	ようだ:[0.0046,0.0040,0.0016,0.0063]
	左手:[0.0017,0.0004,0.0000,0.0013]
	投球:[0.0004,0.0000,0.0000,0.0005]
	コース:[0.0001,0.0001,0.0000,0.0002]
	バンド:[0.0001,0.0001,0.0000,0.0001]
	曲げる:[0.0000,0.0000,0.0000,0.0001]
	中心:[0.0018,0.0003,0.0020,0.0001]
	置く:[0.0007,0.0002,0.0003,0.0005]
	真っ直ぐだ:[0.0000,0.0000,0.0000,0.0001]
	着く:[0.0000,0.0000,0.0000,0.0001]
	広い:[0.0004,0.0002,0.0002,0.0001]
	両足:[0.0001,0.0000,0.0000,0.0003]
	合わせる:[0.0009,0.0004,0.0001,0.0001]
	抜く:[0.0001,0.0001,0.0000,0.0002]
	走者:[0.0005,0.0000,0.0000,0.0004]
	握る:[0.0003,0.0000,0.0000,0.0007]
	対する:[0.0005,0.0009,0.0000,0.0003]
	ゾーン:[0.0002,0.0000,0.0000,0.0001]
	前傾:[0.0004,0.0000,0.0000,0.0001]
	片足:[0.0001,0.0000,0.0000,0.0001]
	持つ:[0.0008,0.0008,0.0001,0.0014]
	付け根:[0.0001,0.0000,0.0000,0.0001]
	開く:[0.0007,0.0001,0.0000,0.0025]
	だけ:[0.0013,0.0014,0.0007,0.0014]
	整える:[0.0001,0.0000,0.0000,0.0003]
	注意:[0.0008,0.0003,0.0005,0.0007]
	きれる:[0.0001,0.0000,0.0000,0.0001]
	塁審:[0.0003,0.0001,0.0000,0.0008]
	両膝:[0.0001,0.0000,0.0000,0.0001]
	すぐ:[0.0004,0.0003,0.0002,0.0005]
	左右:[0.0014,0.0003,0.0000,0.0001]
	体重:[0.0001,0.0001,0.0001,0.0001]
	本塁:[0.0001,0.0000,0.0000,0.0001]
	わずかだ:[0.0001,0.0000,0.0000,0.0001]
	ところ:[0.0004,0.0010,0.0007,0.0004]
	位置:[0.0062,0.0006,0.0001,0.0005]
	近づく:[0.0001,0.0001,0.0000,0.0001]
	上体:[0.0000,0.0000,0.0000,0.0001]
	せる:[0.0017,0.0005,0.0006,0.0030]
	ながら:[0.0005,0.0001,0.0005,0.0011]
	ため:[0.0033,0.0030,0.0025,0.0027]
	自然だ:[0.0004,0.0002,0.0001,0.0003]
	着用:[0.0001,0.0001,0.0000,0.0002]
	太腿:[0.0000,0.0000,0.0000,0.0001]
	軽い:[0.0010,0.0008,0.0000,0.0017]
	大切だ:[0.0003,0.0002,0.0001,0.0002]
	捕手:[0.0002,0.0000,0.0000,0.0005]
	ない:[0.0085,0.0106,0.0062,0.0077]
	付近:[0.0000,0.0000,0.0000,0.0001]
	サイド:[0.0004,0.0000,0.0000,0.0006]
True-Positive

True-Negative:0
False-Positive:2
True-Positive:23
False-Negative:0
precision = 0.920000
recall = 1.000000
fvalue = 0.958333