Section:4
	Ｆｌａｇ：：００１０
	確かに、株式投資というのは元本の保証がないものです。
	Ａ社の株価が２倍になったり、半分になったりもします。
	ただ、お茶の間の話題になる株式投資の損失談というのは相当に極端なものが多く、一定のルールを守っている限りにおいて、破産するようなことはまずありません。
Score:0.00362359457678
EACH_TAG_SCORE:
	image:0.000980394101639
	table:0.000994020944715
	graph:0.000643908258984
	flow:0.00100527127144
PARA:
Clueword:
	守る:[0.0000,0.0001,0.0002,0.0000]
	元本:[0.0000,0.0000,0.0001,0.0000]
	話題:[0.0001,0.0000,0.0002,0.0000]
	多い:[0.0023,0.0031,0.0031,0.0006]
	なる:[0.0091,0.0108,0.0069,0.0074]
	する:[0.0384,0.0382,0.0182,0.0461]
	いる:[0.0131,0.0126,0.0100,0.0081]
	確かだ:[0.0001,0.0001,0.0001,0.0000]
	こと:[0.0094,0.0098,0.0051,0.0087]
	半分:[0.0001,0.0001,0.0001,0.0000]
	株価:[0.0009,0.0005,0.0050,0.0004]
	もの:[0.0031,0.0027,0.0008,0.0016]
	おく:[0.0010,0.0014,0.0012,0.0010]
	茶の間:[0.0000,0.0000,0.0001,0.0000]
	保証:[0.0000,0.0001,0.0001,0.0000]
	限り:[0.0001,0.0001,0.0001,0.0000]
	ようだ:[0.0046,0.0040,0.0016,0.0063]
	ただ:[0.0000,0.0004,0.0003,0.0002]
	いう:[0.0048,0.0059,0.0042,0.0034]
	相当だ:[0.0000,0.0000,0.0001,0.0000]
	一定:[0.0002,0.0001,0.0001,0.0000]
	ます:[0.0273,0.0231,0.0151,0.0228]
	まず:[0.0007,0.0007,0.0001,0.0190]
	極端だ:[0.0001,0.0000,0.0003,0.0000]
	投資:[0.0004,0.0003,0.0012,0.0003]
	破産:[0.0000,0.0000,0.0001,0.0000]
	ある:[0.0105,0.0114,0.0037,0.0052]
	損失:[0.0001,0.0007,0.0042,0.0000]
	ルール:[0.0000,0.0001,0.0002,0.0000]
	株式:[0.0002,0.0003,0.0004,0.0000]
	ない:[0.0085,0.0106,0.0062,0.0077]
True-Positive

Section:2
	Ｆｌａｇ：：００１０
	「株大損」「株損失」といったキーワードがＧｏｏｇｌｅ検索される回数は、「株大儲け」「株利益」の数倍にも上るようです。
Score:0.00312809259109
EACH_TAG_SCORE:
	image:0.000825469429114
	table:0.000841860572535
	graph:0.000546615941603
	flow:0.000914146647834
PARA:
Clueword:
	する:[0.0384,0.0382,0.0182,0.0461]
	損だ:[0.0001,0.0001,0.0002,0.0000]
	いう:[0.0048,0.0059,0.0042,0.0034]
	損失:[0.0001,0.0007,0.0042,0.0000]
	上る:[0.0000,0.0000,0.0001,0.0000]
	回数:[0.0000,0.0002,0.0001,0.0001]
	大儲け:[0.0000,0.0000,0.0001,0.0000]
	れる:[0.0087,0.0089,0.0045,0.0070]
	利益:[0.0002,0.0001,0.0045,0.0001]
	検索:[0.0000,0.0000,0.0001,0.0000]
	ようだ:[0.0046,0.0040,0.0016,0.0063]
	キーワード:[0.0000,0.0000,0.0001,0.0000]
True-Positive

Section:18
	Ｆｌａｇ：：００００
	上記の事例５では「経営不安がささやかれていたシャープ株の空売りで、１月余りの間に１８００万円を溶かした」とありました。
Score:0.00281308953715
EACH_TAG_SCORE:
	image:0.000879750804508
	table:0.000819749972288
	graph:0.000495897907406
	flow:0.000617690852951
PARA:
Clueword:
	上記:[0.0012,0.0005,0.0000,0.0000]
	溶かす:[0.0000,0.0000,0.0000,0.0000]
	不安だ:[0.0001,0.0001,0.0008,0.0001]
	れる:[0.0087,0.0089,0.0045,0.0070]
	いる:[0.0131,0.0126,0.0100,0.0081]
	ます:[0.0273,0.0231,0.0151,0.0228]
	ある:[0.0105,0.0114,0.0037,0.0052]
	経営:[0.0000,0.0002,0.0000,0.0000]
	シャープだ:[0.0005,0.0002,0.0006,0.0000]
	空売り:[0.0000,0.0000,0.0000,0.0000]
	事例:[0.0001,0.0005,0.0000,0.0000]
False-Positive

Section:6
	Ｆｌａｇ：：１０００
	この時、コンピューターの画面には注文内容の異常を警告する表示が出ていましたが、担当者はこれを無視して注文を執行しました。
	当時の報道によると、「警告はたまに表示されるため、つい無視してしまった」とのことです。
	この注文によってジェイコムの株価は急落し、みずほ証券のみならず、東京証券取引所をも巻き込んだ大問題に発展しました。
	巨額の損失が出たことは言うまでもありません。
Score:0.00249388531736
EACH_TAG_SCORE:
	image:0.000740907197324
	table:0.000684935282873
	graph:0.00044944318106
	flow:0.000618599656101
PARA:
Clueword:
	表示:[0.0047,0.0002,0.0002,0.0004]
	報道:[0.0000,0.0000,0.0000,0.0000]
	東京:[0.0007,0.0001,0.0011,0.0002]
	巨額だ:[0.0000,0.0000,0.0000,0.0000]
	証券:[0.0002,0.0003,0.0004,0.0000]
	急落:[0.0000,0.0000,0.0008,0.0000]
	画面:[0.0029,0.0004,0.0000,0.0003]
	取引:[0.0003,0.0002,0.0005,0.0003]
	巻く:[0.0002,0.0000,0.0000,0.0000]
	ジェイコム:[0.0000,0.0000,0.0000,0.0000]
	まで:[0.0015,0.0020,0.0015,0.0016]
	ます:[0.0273,0.0231,0.0151,0.0228]
	のみ:[0.0002,0.0003,0.0000,0.0000]
	れる:[0.0087,0.0089,0.0045,0.0070]
	しまう:[0.0023,0.0018,0.0012,0.0025]
	ため:[0.0033,0.0030,0.0025,0.0027]
	込む:[0.0010,0.0006,0.0004,0.0006]
	無視:[0.0001,0.0000,0.0000,0.0000]
	発展:[0.0001,0.0000,0.0009,0.0000]
	よる:[0.0031,0.0025,0.0025,0.0031]
	注文:[0.0002,0.0002,0.0002,0.0001]
	ある:[0.0105,0.0114,0.0037,0.0052]
	する:[0.0384,0.0382,0.0182,0.0461]
	言う:[0.0013,0.0010,0.0004,0.0005]
	いる:[0.0131,0.0126,0.0100,0.0081]
	たまだ:[0.0001,0.0000,0.0000,0.0000]
	みずほ:[0.0000,0.0000,0.0000,0.0000]
	コンピューター:[0.0001,0.0001,0.0000,0.0000]
	損失:[0.0001,0.0007,0.0042,0.0000]
	なる:[0.0091,0.0108,0.0069,0.0074]
	異常だ:[0.0005,0.0004,0.0000,0.0001]
	株価:[0.0009,0.0005,0.0050,0.0004]
	担当:[0.0001,0.0002,0.0003,0.0000]
	問題:[0.0008,0.0005,0.0003,0.0003]
	出る:[0.0008,0.0010,0.0006,0.0004]
	執行:[0.0000,0.0000,0.0000,0.0000]
	こと:[0.0094,0.0098,0.0051,0.0087]
	内容:[0.0008,0.0013,0.0001,0.0006]
	当時:[0.0000,0.0002,0.0000,0.0000]
	警告:[0.0001,0.0000,0.0000,0.0000]
	つい:[0.0000,0.0000,0.0002,0.0000]
True-Positive

Section:12
	Ｆｌａｇ：：１１００
	ここで一度、３つの敗因について対策を整理しましょう。
	１．不勉強：知識が無いのに大金をかけてしまうケース→事例１、事例３
	対策１：まずは以下の３記事を読んで勉強する
	対策２：経済ニュースを読み、理解し、先読みする習慣を見につける
Score:0.00243269986565
EACH_TAG_SCORE:
	image:0.000684202727106
	table:0.000654914276957
	graph:0.000344312072826
	flow:0.000749270788759
PARA:
Clueword:
	以下:[0.0025,0.0010,0.0002,0.0011]
	整理:[0.0005,0.0005,0.0000,0.0000]
	勉強:[0.0001,0.0009,0.0003,0.0000]
	習慣:[0.0001,0.0000,0.0002,0.0000]
	ます:[0.0273,0.0231,0.0151,0.0228]
	のだ:[0.0069,0.0071,0.0039,0.0054]
	ニュース:[0.0000,0.0002,0.0000,0.0000]
	対策:[0.0005,0.0005,0.0003,0.0011]
	理解:[0.0005,0.0003,0.0001,0.0000]
	しまう:[0.0023,0.0018,0.0012,0.0025]
	知識:[0.0000,0.0001,0.0001,0.0000]
	つける:[0.0008,0.0004,0.0000,0.0020]
	記事:[0.0002,0.0002,0.0002,0.0000]
	する:[0.0384,0.0382,0.0182,0.0461]
	読む:[0.0005,0.0003,0.0000,0.0000]
	まずは:[0.0002,0.0001,0.0002,0.0092]
	見る:[0.0020,0.0008,0.0013,0.0005]
	かける:[0.0008,0.0005,0.0003,0.0007]
	つく:[0.0016,0.0013,0.0004,0.0009]
	無い:[0.0001,0.0002,0.0000,0.0001]
	大金:[0.0000,0.0001,0.0000,0.0000]
	事例:[0.0001,0.0005,0.0000,0.0000]
	敗因:[0.0000,0.0000,0.0000,0.0000]
	経済:[0.0000,0.0002,0.0010,0.0011]
	ケース:[0.0001,0.0036,0.0000,0.0000]
True-Positive

Section:13
	Ｆｌａｇ：：００００
	日本経済新聞は、発行部数世界一の経済新聞（日本経済新聞社ホームページより）です。
	他紙に比べて産業や経済の情報が非常に多く、掲載企業は１日４００社以上とされています。
	日々目にする「日経平均株価」、「ＮＩＫＫＥＩ２２５」は、日経が算出する株価指数で、投資判断や勉強には欠かせません。
Score:0.00240316189095
EACH_TAG_SCORE:
	image:0.000644765968081
	table:0.000656726237046
	graph:0.000498243882978
	flow:0.000603425802841
PARA:
Clueword:
	欠かせる:[0.0000,0.0000,0.0001,0.0000]
	世界:[0.0005,0.0007,0.0008,0.0008]
	れる:[0.0087,0.0089,0.0045,0.0070]
	より:[0.0013,0.0022,0.0013,0.0003]
	掲載:[0.0000,0.0000,0.0000,0.0000]
	非常だ:[0.0005,0.0006,0.0002,0.0000]
	発行:[0.0001,0.0003,0.0000,0.0001]
	ます:[0.0273,0.0231,0.0151,0.0228]
	企業:[0.0001,0.0005,0.0002,0.0011]
	ホームページ:[0.0000,0.0000,0.0000,0.0000]
	勉強:[0.0001,0.0009,0.0003,0.0000]
	多い:[0.0023,0.0031,0.0031,0.0006]
	投資:[0.0004,0.0003,0.0012,0.0003]
	情報:[0.0001,0.0007,0.0000,0.0002]
	日本:[0.0006,0.0009,0.0018,0.0009]
	する:[0.0384,0.0382,0.0182,0.0461]
	判断:[0.0007,0.0006,0.0000,0.0001]
	いる:[0.0131,0.0126,0.0100,0.0081]
	産業:[0.0000,0.0000,0.0000,0.0000]
	比べる:[0.0003,0.0012,0.0016,0.0000]
	新聞:[0.0000,0.0001,0.0000,0.0000]
	平均:[0.0001,0.0014,0.0086,0.0000]
	株価:[0.0009,0.0005,0.0050,0.0004]
	以上:[0.0009,0.0010,0.0017,0.0006]
	日々:[0.0000,0.0001,0.0000,0.0000]
	経済:[0.0000,0.0002,0.0010,0.0011]
	日経:[0.0000,0.0003,0.0000,0.0000]
False-Positive

Section:10
	Ｆｌａｇ：：１０００
	事例５は少し難しいかもしれません。
	「信用取引」「空売り」という言葉が出てきました。
	これらについては第２章で解説するとして、現時点では、利益や損失を増幅する効果があるものだと理解してください。
	利益や損失を増幅する効果がある取引をしたうえに、損切りもできずに大きな損失を出してしまった事例です。
Score:0.00228302920883
EACH_TAG_SCORE:
	image:0.000670393490689
	table:0.000629032678147
	graph:0.000404428577761
	flow:0.000579174462231
PARA:
Clueword:
	大きな:[0.0016,0.0005,0.0005,0.0003]
	つく:[0.0016,0.0013,0.0004,0.0009]
	いう:[0.0048,0.0059,0.0042,0.0034]
	しれる:[0.0003,0.0002,0.0001,0.0000]
	取引:[0.0003,0.0002,0.0005,0.0003]
	うえ:[0.0001,0.0000,0.0000,0.0001]
	損だ:[0.0001,0.0001,0.0002,0.0000]
	できる:[0.0045,0.0045,0.0015,0.0023]
	ます:[0.0273,0.0231,0.0151,0.0228]
	くる:[0.0017,0.0012,0.0011,0.0007]
	少し:[0.0010,0.0005,0.0002,0.0006]
	解説:[0.0005,0.0001,0.0000,0.0001]
	理解:[0.0005,0.0003,0.0001,0.0000]
	しまう:[0.0023,0.0018,0.0012,0.0025]
	出す:[0.0008,0.0007,0.0003,0.0006]
	増幅:[0.0001,0.0000,0.0016,0.0000]
	する:[0.0384,0.0382,0.0182,0.0461]
	かも:[0.0004,0.0003,0.0001,0.0000]
	信用:[0.0001,0.0001,0.0002,0.0000]
	言葉:[0.0001,0.0003,0.0000,0.0000]
	ある:[0.0105,0.0114,0.0037,0.0052]
	時点:[0.0001,0.0001,0.0018,0.0001]
	損失:[0.0001,0.0007,0.0042,0.0000]
	くださる:[0.0014,0.0005,0.0009,0.0021]
	切る:[0.0003,0.0002,0.0002,0.0001]
	空売り:[0.0000,0.0000,0.0000,0.0000]
	出る:[0.0008,0.0010,0.0006,0.0004]
	事例:[0.0001,0.0005,0.0000,0.0000]
	利益:[0.0002,0.0001,0.0045,0.0001]
	もの:[0.0031,0.0027,0.0008,0.0016]
	効果:[0.0010,0.0015,0.0005,0.0000]
	難しい:[0.0005,0.0003,0.0002,0.0001]
True-Positive

Section:1
	Ｆｌａｇ：：１０１０
	信用取引の最大の特徴は、自己資金の約３倍の取引ができることです。
	たとえば、自己資金が２００万円の方は、約６００万円までの取引ができます。
	残りの約４００万円は証券会社から借りることになります。
	また、今現在、手元に株式を保有していなくても、証券会社からその株式を借りることで、「売り」から始めることもできます。
	Ｆｌａｇ：：００００
	株で大損・大失敗した５事例に学ぶ、株で人生を狂わせない３つの秘訣
Score:0.00220655873642
EACH_TAG_SCORE:
	image:0.000619791855971
	table:0.000645955745008
	graph:0.000362764115108
	flow:0.000578047020337
PARA:
Clueword:
	失敗:[0.0002,0.0001,0.0000,0.0004]
	学ぶ:[0.0001,0.0002,0.0000,0.0000]
	借りる:[0.0001,0.0000,0.0002,0.0000]
	証券:[0.0002,0.0003,0.0004,0.0000]
	取引:[0.0003,0.0002,0.0005,0.0003]
	事例:[0.0001,0.0005,0.0000,0.0000]
	特徴:[0.0020,0.0101,0.0002,0.0000]
	まで:[0.0015,0.0020,0.0015,0.0016]
	できる:[0.0045,0.0045,0.0015,0.0023]
	ます:[0.0273,0.0231,0.0151,0.0228]
	また:[0.0021,0.0013,0.0011,0.0018]
	から:[0.0059,0.0058,0.0033,0.0058]
	株式:[0.0002,0.0003,0.0004,0.0000]
	なる:[0.0091,0.0108,0.0069,0.0074]
	する:[0.0384,0.0382,0.0182,0.0461]
	いる:[0.0131,0.0126,0.0100,0.0081]
	資金:[0.0001,0.0000,0.0002,0.0001]
	信用:[0.0001,0.0001,0.0002,0.0000]
	自己:[0.0001,0.0002,0.0002,0.0000]
	現在:[0.0003,0.0004,0.0003,0.0014]
	こと:[0.0094,0.0098,0.0051,0.0087]
	人生:[0.0000,0.0000,0.0000,0.0000]
	最大だ:[0.0001,0.0002,0.0005,0.0000]
	せる:[0.0017,0.0005,0.0006,0.0030]
	保有:[0.0001,0.0002,0.0001,0.0000]
	始める:[0.0003,0.0004,0.0004,0.0001]
	売る:[0.0004,0.0001,0.0007,0.0010]
	手元:[0.0000,0.0000,0.0001,0.0000]
	残る:[0.0002,0.0001,0.0005,0.0002]
	たとえば:[0.0014,0.0003,0.0001,0.0001]
	会社:[0.0008,0.0013,0.0008,0.0013]
	ない:[0.0085,0.0106,0.0062,0.0077]
	損だ:[0.0001,0.0001,0.0002,0.0000]
True-Positive

Section:14
	Ｆｌａｇ：：０１００
	しかし、いざ購読するとなると、これだけの購読料がかかります。
	種別	月額料金（税込）	年間購読料
	電子版（※）	４２００円	５０４００円
	宅配	４５０９円	５４１０８円
	宅配＋電子版	５５０９円	６６１０８円
	※会員種別は有料会員、登録（無料）会員の２種類。
Score:0.0021400017534
EACH_TAG_SCORE:
	image:0.000569668029876
	table:0.000688796231383
	graph:0.000316389832816
	flow:0.000565147659322
PARA:
Clueword:
	宅配:[0.0000,0.0001,0.0000,0.0000]
	いざ:[0.0000,0.0000,0.0000,0.0000]
	ます:[0.0273,0.0231,0.0151,0.0228]
	年間:[0.0004,0.0007,0.0016,0.0000]
	種別:[0.0000,0.0005,0.0000,0.0000]
	かかる:[0.0002,0.0011,0.0002,0.0002]
	なる:[0.0091,0.0108,0.0069,0.0074]
	登録:[0.0001,0.0002,0.0000,0.0004]
	有料:[0.0000,0.0001,0.0002,0.0000]
	する:[0.0384,0.0382,0.0182,0.0461]
	無料:[0.0001,0.0012,0.0004,0.0000]
	種類:[0.0024,0.0168,0.0004,0.0001]
	月額:[0.0000,0.0007,0.0000,0.0000]
	料金:[0.0000,0.0006,0.0002,0.0000]
	購読:[0.0000,0.0001,0.0000,0.0000]
	電子:[0.0000,0.0001,0.0000,0.0000]
	会員:[0.0000,0.0002,0.0000,0.0000]
	だけ:[0.0013,0.0014,0.0007,0.0014]
	しかし:[0.0004,0.0004,0.0004,0.0007]
True-Positive

Section:11
	Ｆｌａｇ：：００００
	事例３－５では、「損切り」ルールの不徹底が大損につながることが多いことをご理解いただけたと思います。
	１．２３つの敗因とその対策
Score:0.00191119717789
EACH_TAG_SCORE:
	image:0.000570437144865
	table:0.000520986600283
	graph:0.000335008613042
	flow:0.000484764819703
PARA:
Clueword:
	いただける:[0.0001,0.0001,0.0001,0.0000]
	損だ:[0.0001,0.0001,0.0002,0.0000]
	多い:[0.0023,0.0031,0.0031,0.0006]
	不徹底だ:[0.0000,0.0001,0.0000,0.0000]
	つながる:[0.0001,0.0001,0.0003,0.0002]
	切る:[0.0003,0.0002,0.0002,0.0001]
	ルール:[0.0000,0.0001,0.0002,0.0000]
	ます:[0.0273,0.0231,0.0151,0.0228]
	思う:[0.0021,0.0011,0.0005,0.0027]
	敗因:[0.0000,0.0000,0.0000,0.0000]
	事例:[0.0001,0.0005,0.0000,0.0000]
	理解:[0.0005,0.0003,0.0001,0.0000]
	こと:[0.0094,0.0098,0.0051,0.0087]
	対策:[0.0005,0.0005,0.0003,0.0011]
False-Positive

Section:15
	Ｆｌａｇ：：００００
	いくら投資判断のためとはいえ、年間５万円以上の出費は痛い、と頭を悩ませている方もいらっしゃると思います。
	電子版の登録会員（無料）になれば、月１０本まで有料記事を無料で読むことも可能ですが、日々動いているマーケットや企業の最新の動きを捉えるにはいささか心もとないように思えます。
	しかし、ここでネット証券を活用すれば、日経を実質無料で読むことができるのです。
	ネット証券は、顧客サービスの一環として情報提供サービスを行っています。
	日経を読むのであれば、おすすめは楽天証券です。
	楽天証券に口座を開設（無料）すると、無料で「日経テレコン（楽天版）」が使うことができます。
	「日経テレコン（楽天版）」では、以下のことができます。
	しかも、楽天証券の口座開設・口座維持費は無料です。
	活用しない手はありませんね。
Score:0.00155356235274
EACH_TAG_SCORE:
	image:0.000442308314783
	table:0.000449590215227
	graph:0.000260253654283
	flow:0.000401410168449
PARA:
Clueword:
	会員:[0.0000,0.0002,0.0000,0.0000]
	楽天:[0.0001,0.0001,0.0002,0.0000]
	できる:[0.0045,0.0045,0.0015,0.0023]
	日経:[0.0000,0.0003,0.0000,0.0000]
	しかも:[0.0000,0.0000,0.0000,0.0000]
	悩む:[0.0009,0.0001,0.0000,0.0009]
	情報:[0.0001,0.0007,0.0000,0.0002]
	有料:[0.0000,0.0001,0.0002,0.0000]
	する:[0.0384,0.0382,0.0182,0.0461]
	いる:[0.0131,0.0126,0.0100,0.0081]
	なる:[0.0091,0.0108,0.0069,0.0074]
	口座:[0.0000,0.0002,0.0004,0.0000]
	思う:[0.0021,0.0011,0.0005,0.0027]
	思える:[0.0000,0.0002,0.0000,0.0000]
	いらっしゃる:[0.0001,0.0000,0.0001,0.0000]
	以下:[0.0025,0.0010,0.0002,0.0011]
	以上:[0.0009,0.0010,0.0017,0.0006]
	日々:[0.0000,0.0001,0.0000,0.0000]
	すすめる:[0.0007,0.0008,0.0001,0.0003]
	ネット:[0.0000,0.0001,0.0001,0.0000]
	動く:[0.0008,0.0004,0.0004,0.0009]
	最新だ:[0.0000,0.0000,0.0000,0.0000]
	ようだ:[0.0046,0.0040,0.0016,0.0063]
	電子:[0.0000,0.0001,0.0000,0.0000]
	登録:[0.0001,0.0002,0.0000,0.0004]
	いう:[0.0048,0.0059,0.0042,0.0034]
	証券:[0.0002,0.0003,0.0004,0.0000]
	企業:[0.0001,0.0005,0.0002,0.0011]
	痛い:[0.0002,0.0001,0.0000,0.0000]
	読む:[0.0005,0.0003,0.0000,0.0000]
	まで:[0.0015,0.0020,0.0015,0.0016]
	ます:[0.0273,0.0231,0.0151,0.0228]
	のだ:[0.0069,0.0071,0.0039,0.0054]
	行く:[0.0004,0.0006,0.0002,0.0002]
	いくら:[0.0001,0.0000,0.0000,0.0000]
	捉える:[0.0000,0.0001,0.0000,0.0000]
	可能だ:[0.0006,0.0009,0.0009,0.0008]
	無料:[0.0001,0.0012,0.0004,0.0000]
	投資:[0.0004,0.0003,0.0012,0.0003]
	記事:[0.0002,0.0002,0.0002,0.0000]
	判断:[0.0007,0.0006,0.0000,0.0001]
	維持:[0.0001,0.0001,0.0024,0.0001]
	年間:[0.0004,0.0007,0.0016,0.0000]
	開設:[0.0000,0.0001,0.0000,0.0013]
	ある:[0.0105,0.0114,0.0037,0.0052]
	せる:[0.0017,0.0005,0.0006,0.0030]
	活用:[0.0000,0.0003,0.0002,0.0000]
	ため:[0.0033,0.0030,0.0025,0.0027]
	提供:[0.0000,0.0002,0.0000,0.0004]
	こと:[0.0094,0.0098,0.0051,0.0087]
	サービス:[0.0002,0.0016,0.0000,0.0006]
	ない:[0.0085,0.0106,0.0062,0.0077]
	使う:[0.0025,0.0029,0.0006,0.0010]
	しかし:[0.0004,0.0004,0.0004,0.0007]
	顧客:[0.0000,0.0001,0.0001,0.0000]
False-Positive

Section:8
	Ｆｌａｇ：：０１００
	１．不勉強：知識がないのに大金をかけてしまうケース→事例１、事例３
	２．不注意：うっかり注文を間違えてしまうケース→事例２
	３．不徹底：損失が拡大しないよう、あらかじめ最大損失額を定めて行うのが株式投資の鉄則ですが、このルールを守れずに損失が拡大してしまうケース→事例３、事例４、事例５
Score:0.00153529516439
EACH_TAG_SCORE:
	image:0.000392144308836
	table:0.000436377715886
	graph:0.000276781598687
	flow:0.000429991540979
PARA:
Clueword:
	不徹底だ:[0.0000,0.0001,0.0000,0.0000]
	する:[0.0384,0.0382,0.0182,0.0461]
	行う:[0.0006,0.0007,0.0001,0.0022]
	拡大:[0.0012,0.0002,0.0055,0.0001]
	定める:[0.0000,0.0002,0.0002,0.0000]
	のだ:[0.0069,0.0071,0.0039,0.0054]
	勉強:[0.0001,0.0009,0.0003,0.0000]
	株式:[0.0002,0.0003,0.0004,0.0000]
	しまう:[0.0023,0.0018,0.0012,0.0025]
	知識:[0.0000,0.0001,0.0001,0.0000]
	鉄則:[0.0000,0.0001,0.0001,0.0000]
	守れる:[0.0000,0.0001,0.0000,0.0000]
	あらかじめ:[0.0000,0.0001,0.0000,0.0000]
	注文:[0.0002,0.0002,0.0002,0.0001]
	不注意だ:[0.0000,0.0001,0.0000,0.0000]
	うっかり:[0.0000,0.0001,0.0000,0.0000]
	損失:[0.0001,0.0007,0.0042,0.0000]
	最大だ:[0.0001,0.0002,0.0005,0.0000]
	かける:[0.0008,0.0005,0.0003,0.0007]
	よう:[0.0001,0.0002,0.0000,0.0004]
	投資:[0.0004,0.0003,0.0012,0.0003]
	ルール:[0.0000,0.0001,0.0002,0.0000]
	大金:[0.0000,0.0001,0.0000,0.0000]
	事例:[0.0001,0.0005,0.0000,0.0000]
	間違える:[0.0001,0.0001,0.0000,0.0007]
	ケース:[0.0001,0.0036,0.0000,0.0000]
	ない:[0.0085,0.0106,0.0062,0.0077]
True-Positive

Section:17
	Ｆｌａｇ：：０１００
	２．不注意：うっかり注文を間違えてしまうケース→事例２
	対策：注文入力時はミスが無いか指さし確認を徹底する
	３．不徹底：損失が拡大しないよう、あらかじめ最大損失額を定めて行うのが株式投資の鉄則ですが、このルールを守れずに損失が拡大してしまうケース→事例３、事例４、事例５
	対策：「何％株価が下がったら売却する」という損切りルールを定め、確実に実行する
Score:0.00148091046935
EACH_TAG_SCORE:
	image:0.000331010291318
	table:0.000371083887235
	graph:0.000407020473753
	flow:0.000371795817045
PARA:
Clueword:
	％:[0.0000,0.0004,0.0261,0.0000]
	損だ:[0.0001,0.0001,0.0002,0.0000]
	いう:[0.0048,0.0059,0.0042,0.0034]
	不徹底だ:[0.0000,0.0001,0.0000,0.0000]
	する:[0.0384,0.0382,0.0182,0.0461]
	行う:[0.0006,0.0007,0.0001,0.0022]
	確認:[0.0008,0.0005,0.0000,0.0011]
	拡大:[0.0012,0.0002,0.0055,0.0001]
	定める:[0.0000,0.0002,0.0002,0.0000]
	切る:[0.0003,0.0002,0.0002,0.0001]
	対策:[0.0005,0.0005,0.0003,0.0011]
	株価:[0.0009,0.0005,0.0050,0.0004]
	確実だ:[0.0001,0.0000,0.0000,0.0001]
	株式:[0.0002,0.0003,0.0004,0.0000]
	しまう:[0.0023,0.0018,0.0012,0.0025]
	鉄則:[0.0000,0.0001,0.0001,0.0000]
	守れる:[0.0000,0.0001,0.0000,0.0000]
	あらかじめ:[0.0000,0.0001,0.0000,0.0000]
	注文:[0.0002,0.0002,0.0002,0.0001]
	売却:[0.0005,0.0011,0.0000,0.0014]
	不注意だ:[0.0000,0.0001,0.0000,0.0000]
	うっかり:[0.0000,0.0001,0.0000,0.0000]
	実行:[0.0000,0.0005,0.0001,0.0001]
	損失:[0.0001,0.0007,0.0042,0.0000]
	最大だ:[0.0001,0.0002,0.0005,0.0000]
	指さす:[0.0003,0.0000,0.0000,0.0003]
	下がる:[0.0004,0.0002,0.0016,0.0000]
	よう:[0.0001,0.0002,0.0000,0.0004]
	投資:[0.0004,0.0003,0.0012,0.0003]
	ルール:[0.0000,0.0001,0.0002,0.0000]
	無い:[0.0001,0.0002,0.0000,0.0001]
	ミス:[0.0000,0.0000,0.0000,0.0000]
	事例:[0.0001,0.0005,0.0000,0.0000]
	間違える:[0.0001,0.0001,0.0000,0.0007]
	入力:[0.0004,0.0003,0.0000,0.0010]
	ケース:[0.0001,0.0036,0.0000,0.0000]
	ない:[0.0085,0.0106,0.0062,0.0077]
	徹底:[0.0000,0.0001,0.0000,0.0000]
True-Positive

Section:19
	Ｆｌａｇ：：００１０
	この投資家の方は、シャープの株価が下がると予想していたため、証券会社からシャープの株を借りてきて、その株を売りました。
	シャープの株価が下がったら、その時点でシャープの株を買い戻して、証券会社にシャープの株を返済するつもりでした。
	ところが、この投資家の意に反してシャープの株価は上昇してしまいました。
	この投資家の方は高い株価でシャープの株を買い戻して証券会社にシャープ株を返済する羽目になったのです。
	信用取引の場合は自己資金の約３倍の売買が可能になるため、利益も損失も大きくなりがちなのです。
	初心者の方は信用取引には決して手を出さず、最低３年程度は現物取引（通常の株式投資）で経験を積んでください。
	３まとめ
	株で大損しないために最低限すべきことをお分かりいただけたでしょうか。
	自分を守る最低限の知識は身に着ける、注文するときは細心の注意を払う、そして損切りルールを定めて冷徹にそれを実行する。
	とても地味ですが、この３つが株で大損しないための鉄則です。
	まずは、大損しないことを強く意識して投資経験を積み、勝率を上げていきましょう。
Score:0.00131681818474
EACH_TAG_SCORE:
	image:0.000319235573222
	table:0.000378652434672
	graph:0.000291955123334
	flow:0.000326975053513
PARA:
Clueword:
	いただける:[0.0001,0.0001,0.0001,0.0000]
	だろう:[0.0005,0.0010,0.0003,0.0000]
	地味だ:[0.0001,0.0001,0.0001,0.0000]
	現物:[0.0000,0.0000,0.0001,0.0000]
	取引:[0.0003,0.0002,0.0005,0.0003]
	積む:[0.0000,0.0000,0.0004,0.0000]
	損する:[0.0000,0.0000,0.0002,0.0000]
	しまう:[0.0023,0.0018,0.0012,0.0025]
	出す:[0.0008,0.0007,0.0003,0.0006]
	なる:[0.0091,0.0108,0.0069,0.0074]
	とても:[0.0002,0.0002,0.0001,0.0000]
	自分:[0.0009,0.0013,0.0008,0.0013]
	ルール:[0.0000,0.0001,0.0002,0.0000]
	注文:[0.0002,0.0002,0.0002,0.0001]
	知識:[0.0000,0.0001,0.0001,0.0000]
	する:[0.0384,0.0382,0.0182,0.0461]
	分かる:[0.0002,0.0002,0.0002,0.0001]
	守る:[0.0000,0.0001,0.0002,0.0000]
	いる:[0.0131,0.0126,0.0100,0.0081]
	資金:[0.0001,0.0000,0.0002,0.0001]
	信用:[0.0001,0.0001,0.0002,0.0000]
	最低:[0.0000,0.0001,0.0001,0.0001]
	下がる:[0.0004,0.0002,0.0016,0.0000]
	こと:[0.0094,0.0098,0.0051,0.0087]
	証券:[0.0002,0.0003,0.0004,0.0000]
	まずは:[0.0002,0.0001,0.0002,0.0092]
	くださる:[0.0014,0.0005,0.0009,0.0021]
	株価:[0.0009,0.0005,0.0050,0.0004]
	つもりだ:[0.0000,0.0000,0.0001,0.0000]
	株式:[0.0002,0.0003,0.0004,0.0000]
	予想:[0.0004,0.0000,0.0011,0.0013]
	まとめる:[0.0002,0.0001,0.0002,0.0001]
	決する:[0.0001,0.0000,0.0001,0.0001]
	シャープだ:[0.0005,0.0002,0.0006,0.0000]
	返済:[0.0000,0.0000,0.0002,0.0000]
	着ける:[0.0001,0.0000,0.0001,0.0002]
	反す:[0.0000,0.0000,0.0001,0.0000]
	べし:[0.0003,0.0001,0.0001,0.0000]
	いく:[0.0015,0.0011,0.0005,0.0023]
	損だ:[0.0001,0.0001,0.0002,0.0000]
	鉄則:[0.0000,0.0001,0.0001,0.0000]
	借りる:[0.0001,0.0000,0.0002,0.0000]
	意識:[0.0001,0.0003,0.0001,0.0005]
	買い戻す:[0.0000,0.0000,0.0002,0.0000]
	場合:[0.0045,0.0357,0.0045,0.0023]
	上昇:[0.0001,0.0004,0.0115,0.0013]
	ます:[0.0273,0.0231,0.0151,0.0228]
	羽目:[0.0000,0.0000,0.0001,0.0000]
	くる:[0.0017,0.0012,0.0011,0.0007]
	定める:[0.0000,0.0002,0.0002,0.0000]
	実行:[0.0000,0.0005,0.0001,0.0001]
	のだ:[0.0069,0.0071,0.0039,0.0054]
	から:[0.0059,0.0058,0.0033,0.0058]
	がちだ:[0.0002,0.0003,0.0001,0.0000]
	会社:[0.0008,0.0013,0.0008,0.0013]
	大きい:[0.0018,0.0011,0.0029,0.0014]
	可能だ:[0.0006,0.0009,0.0009,0.0008]
	注意:[0.0008,0.0003,0.0005,0.0007]
	投資:[0.0004,0.0003,0.0012,0.0003]
	程度:[0.0010,0.0014,0.0019,0.0008]
	上げる:[0.0003,0.0002,0.0004,0.0005]
	とき:[0.0019,0.0006,0.0005,0.0029]
	自己:[0.0001,0.0002,0.0002,0.0000]
	高い:[0.0007,0.0015,0.0101,0.0005]
	勝率:[0.0000,0.0000,0.0009,0.0000]
	強い:[0.0005,0.0006,0.0001,0.0000]
	損失:[0.0001,0.0007,0.0042,0.0000]
	初心:[0.0002,0.0003,0.0001,0.0002]
	細心だ:[0.0000,0.0000,0.0001,0.0000]
	切る:[0.0003,0.0002,0.0002,0.0001]
	ため:[0.0033,0.0030,0.0025,0.0027]
	売る:[0.0004,0.0001,0.0007,0.0010]
	売買:[0.0010,0.0006,0.0004,0.0018]
	そして:[0.0004,0.0004,0.0001,0.0025]
	ところが:[0.0000,0.0000,0.0002,0.0000]
	最低だ:[0.0000,0.0001,0.0002,0.0000]
	利益:[0.0002,0.0001,0.0045,0.0001]
	通常:[0.0003,0.0003,0.0006,0.0003]
	経験:[0.0001,0.0003,0.0002,0.0007]
	冷徹だ:[0.0000,0.0000,0.0001,0.0000]
	ない:[0.0085,0.0106,0.0062,0.0077]
	払う:[0.0000,0.0002,0.0002,0.0000]
	時点:[0.0001,0.0001,0.0018,0.0001]
True-Positive

Section:7
	Ｆｌａｇ：：００００
	大損事例３－何となく投資してしまい、損切りも出来ず
	「トヨタだったら大丈夫だろう」と考えて株を買ったら、リーマンショックで資金を半分にしてしまった。
	結局、銘柄の選択基準が“だろう”だけで根拠がなく、何も考えてなかった。
	今はシナリオを描いて投資している。
	（２０１４／１２／１７日経電子版）
	大損事例４－株には詳しいベテランだか、損切りができず
	「私はどんなに含み損が出ていても損切りが嫌いで、これまで倒産してしまった株も数知れず．．．．．．」（株主優待名人の桐谷さん）
	（２０１５／１／２９ザイ・オンライン）
	大損事例５－信用取引で当てが外れ、損切りもできず
	経営不安がささやかれていたシャープ株の空売りで、１月余りの間に１８００万円を溶かした。
	（２０１４／１２／１７日経電子版）
	株式投資は元本が保証されないため、利益が出ることも損失が出ることも当然あります。
	しかし、その損失が巨額になる場合、次の３つの要素のいずれかが大きく関与しているものです。
	特に３番目は最も重要です。
Score:0.00131461494656
EACH_TAG_SCORE:
	image:0.00034874811064
	table:0.000428155571455
	graph:0.000236948412997
	flow:0.000300762851463
PARA:
Clueword:
	最も:[0.0006,0.0030,0.0035,0.0001]
	銘柄:[0.0001,0.0001,0.0000,0.0000]
	重要だ:[0.0004,0.0007,0.0004,0.0000]
	嫌いだ:[0.0000,0.0000,0.0000,0.0000]
	できる:[0.0045,0.0045,0.0015,0.0023]
	買う:[0.0001,0.0002,0.0004,0.0007]
	元本:[0.0000,0.0000,0.0001,0.0000]
	れる:[0.0087,0.0089,0.0045,0.0070]
	さん:[0.0007,0.0004,0.0007,0.0003]
	しまう:[0.0023,0.0018,0.0012,0.0025]
	要素:[0.0004,0.0003,0.0000,0.0000]
	何も:[0.0001,0.0002,0.0000,0.0000]
	する:[0.0384,0.0382,0.0182,0.0461]
	いる:[0.0131,0.0126,0.0100,0.0081]
	資金:[0.0001,0.0000,0.0002,0.0001]
	場合:[0.0045,0.0357,0.0045,0.0023]
	次の:[0.0001,0.0006,0.0000,0.0015]
	経営:[0.0000,0.0002,0.0000,0.0000]
	こと:[0.0094,0.0098,0.0051,0.0087]
	当てる:[0.0001,0.0000,0.0000,0.0001]
	半分:[0.0001,0.0001,0.0001,0.0000]
	オンライン:[0.0000,0.0001,0.0000,0.0000]
	当然だ:[0.0000,0.0001,0.0000,0.0000]
	電子:[0.0000,0.0001,0.0000,0.0000]
	株式:[0.0002,0.0003,0.0004,0.0000]
	事例:[0.0001,0.0005,0.0000,0.0000]
	出来る:[0.0004,0.0004,0.0001,0.0002]
	もの:[0.0031,0.0027,0.0008,0.0016]
	大丈夫だ:[0.0001,0.0000,0.0000,0.0000]
	シャープだ:[0.0005,0.0002,0.0006,0.0000]
	だけ:[0.0013,0.0014,0.0007,0.0014]
	巨額だ:[0.0000,0.0000,0.0000,0.0000]
	取引:[0.0003,0.0002,0.0005,0.0003]
	ます:[0.0273,0.0231,0.0151,0.0228]
	損だ:[0.0001,0.0001,0.0002,0.0000]
	特に:[0.0003,0.0004,0.0003,0.0002]
	信用:[0.0001,0.0001,0.0002,0.0000]
	まで:[0.0015,0.0020,0.0015,0.0016]
	溶かす:[0.0000,0.0000,0.0000,0.0000]
	不安だ:[0.0001,0.0001,0.0008,0.0001]
	トヨタ:[0.0000,0.0000,0.0005,0.0000]
	詳しい:[0.0001,0.0002,0.0000,0.0000]
	大きい:[0.0018,0.0011,0.0029,0.0014]
	結局:[0.0000,0.0000,0.0001,0.0000]
	関与:[0.0000,0.0000,0.0001,0.0000]
	投資:[0.0004,0.0003,0.0012,0.0003]
	考える:[0.0013,0.0013,0.0007,0.0004]
	日経:[0.0000,0.0003,0.0000,0.0000]
	いずれ:[0.0001,0.0000,0.0001,0.0001]
	ある:[0.0105,0.0114,0.0037,0.0052]
	損失:[0.0001,0.0007,0.0042,0.0000]
	なる:[0.0091,0.0108,0.0069,0.0074]
	切る:[0.0003,0.0002,0.0002,0.0001]
	空売り:[0.0000,0.0000,0.0000,0.0000]
	ため:[0.0033,0.0030,0.0025,0.0027]
	描く:[0.0001,0.0000,0.0000,0.0000]
	出る:[0.0008,0.0010,0.0006,0.0004]
	利益:[0.0002,0.0001,0.0045,0.0001]
	選択:[0.0003,0.0004,0.0000,0.0007]
	保証:[0.0000,0.0001,0.0001,0.0000]
	ない:[0.0085,0.0106,0.0062,0.0077]
	基準:[0.0001,0.0017,0.0002,0.0002]
	しかし:[0.0004,0.0004,0.0004,0.0007]
False-Positive

Section:3
	Ｆｌａｇ：：００００
	他人の不幸は蜜の味なのでしょうか（笑）？あるいは、株に興味はあるけれど、芸能人が株で大損したなんて話を聞いて不安になる方が多いのでしょうか？
Score:0.00127867066079
EACH_TAG_SCORE:
	image:0.000364097743761
	table:0.00042611339863
	graph:0.000240510550681
	flow:0.000247948967718
PARA:
Clueword:
	あるいは:[0.0001,0.0010,0.0000,0.0001]
	多い:[0.0023,0.0031,0.0031,0.0006]
	芸能:[0.0000,0.0001,0.0000,0.0000]
	なんて:[0.0002,0.0003,0.0003,0.0000]
	のだ:[0.0069,0.0071,0.0039,0.0054]
	不安だ:[0.0001,0.0001,0.0008,0.0001]
	損する:[0.0000,0.0000,0.0002,0.0000]
	なる:[0.0091,0.0108,0.0069,0.0074]
	他人:[0.0000,0.0000,0.0000,0.0001]
	ある:[0.0105,0.0114,0.0037,0.0052]
	（笑）:[0.0000,0.0000,0.0000,0.0000]
	聞く:[0.0001,0.0003,0.0006,0.0012]
	興味:[0.0000,0.0002,0.0000,0.0000]
False-Positive

Section:9
	Ｆｌａｇ：：００００
	５つの事例を順に見ていきましょう。
	事例１のココリコ遠藤さんのケースは、一般的な上場株式の売買で損が出たわけではありません。
	「上場していない、一般には手に入らない株を買わないか？」「レアな株だからちょっと持っているだけで倍になるよ」と騙されてしまったものです。
	少し調べて勉強すれば「そんな美味しい話があるはずがない」ことは分かるはずですが、勉強不足が故に冷静さを欠いてしまったと言わざるを得ません。
	事例２は「ジェイコム事件」とも言われ、世間を騒がせました。
	プロである証券マンが注文時に価格と数量を反対に入力してしまい、大損害が出た事例です。
	不注意以外の何物でもありません。
	先にやや極端な事例を紹介しましたが、事例３－４は多くの個人投資家が直面しているケースです。
	事例３は、「トヨタなら大丈夫」と何となく株を買ったら、リーマンショックで株価が暴落し、大損したというものです。
	ご本人が「何も考えていなかった」とおっしゃっている通り、不勉強そのものです。
	加えて、この方は「何％株価が下がったら売却する」という損切りルールを定め、実行しなかったものと思われます。
	事例４は株主優待名人として有名な桐谷さんのインタビューです。
	桐谷さんほど株に詳しく取引経験も豊富なベテランですが、損切りができずに損失を出すことがあるそうです。
	桐谷さんは多くの銘柄に分散投資しているため、１銘柄で大損してもそれで破産するということはないようですが、ベテランでも損切りは難しいことを物語っています。
Score:0.00108377402267
EACH_TAG_SCORE:
	image:0.000293938430901
	table:0.000302635485144
	graph:0.000230617942981
	flow:0.000256582163648
PARA:
Clueword:
	不足:[0.0000,0.0000,0.0001,0.0001]
	やや:[0.0002,0.0003,0.0003,0.0002]
	銘柄:[0.0001,0.0001,0.0000,0.0000]
	事件:[0.0000,0.0001,0.0001,0.0001]
	できる:[0.0045,0.0045,0.0015,0.0023]
	買う:[0.0001,0.0002,0.0004,0.0007]
	はずだ:[0.0003,0.0003,0.0001,0.0000]
	れる:[0.0087,0.0089,0.0045,0.0070]
	一般:[0.0006,0.0009,0.0000,0.0006]
	損する:[0.0000,0.0000,0.0002,0.0000]
	極端だ:[0.0001,0.0000,0.0003,0.0000]
	なら:[0.0012,0.0020,0.0013,0.0003]
	なる:[0.0091,0.0108,0.0069,0.0074]
	本人:[0.0001,0.0001,0.0000,0.0001]
	不注意だ:[0.0000,0.0001,0.0000,0.0000]
	分かる:[0.0002,0.0002,0.0002,0.0001]
	言う:[0.0013,0.0010,0.0004,0.0005]
	思う:[0.0021,0.0011,0.0005,0.0027]
	損害:[0.0001,0.0002,0.0000,0.0000]
	わけだ:[0.0003,0.0004,0.0001,0.0000]
	株価:[0.0009,0.0005,0.0050,0.0004]
	破産:[0.0000,0.0000,0.0001,0.0000]
	大丈夫だ:[0.0001,0.0000,0.0000,0.0000]
	見る:[0.0020,0.0008,0.0013,0.0005]
	以外:[0.0016,0.0017,0.0001,0.0001]
	多く:[0.0006,0.0005,0.0054,0.0001]
	％:[0.0000,0.0004,0.0261,0.0000]
	そのもの:[0.0000,0.0002,0.0001,0.0000]
	価格:[0.0003,0.0005,0.0006,0.0005]
	紹介:[0.0004,0.0003,0.0000,0.0000]
	取引:[0.0003,0.0002,0.0005,0.0003]
	定める:[0.0000,0.0002,0.0002,0.0000]
	少し:[0.0010,0.0005,0.0002,0.0006]
	トヨタ:[0.0000,0.0000,0.0005,0.0000]
	詳しい:[0.0001,0.0002,0.0000,0.0000]
	加えて:[0.0000,0.0000,0.0000,0.0000]
	だけ:[0.0013,0.0014,0.0007,0.0014]
	投資:[0.0004,0.0003,0.0012,0.0003]
	直面:[0.0000,0.0000,0.0001,0.0000]
	考える:[0.0013,0.0013,0.0007,0.0004]
	ある:[0.0105,0.0114,0.0037,0.0052]
	はず:[0.0001,0.0001,0.0001,0.0001]
	ようだ:[0.0046,0.0040,0.0016,0.0063]
	個人:[0.0001,0.0004,0.0002,0.0004]
	ため:[0.0033,0.0030,0.0025,0.0027]
	ルール:[0.0000,0.0001,0.0002,0.0000]
	売買:[0.0010,0.0006,0.0004,0.0018]
	順だ:[0.0001,0.0002,0.0000,0.0003]
	株式:[0.0002,0.0003,0.0004,0.0000]
	経験:[0.0001,0.0003,0.0002,0.0007]
	ない:[0.0085,0.0106,0.0062,0.0077]
	難しい:[0.0005,0.0003,0.0002,0.0001]
	美味しい:[0.0001,0.0000,0.0000,0.0000]
	さん:[0.0007,0.0004,0.0007,0.0003]
	売却:[0.0005,0.0011,0.0000,0.0014]
	暴落:[0.0000,0.0000,0.0008,0.0000]
	勉強:[0.0001,0.0009,0.0003,0.0000]
	しまう:[0.0023,0.0018,0.0012,0.0025]
	出す:[0.0008,0.0007,0.0003,0.0006]
	注文:[0.0002,0.0002,0.0002,0.0001]
	何も:[0.0001,0.0002,0.0000,0.0000]
	する:[0.0384,0.0382,0.0182,0.0461]
	いる:[0.0131,0.0126,0.0100,0.0081]
	通り:[0.0002,0.0003,0.0002,0.0004]
	得る:[0.0002,0.0003,0.0002,0.0002]
	下がる:[0.0004,0.0002,0.0016,0.0000]
	世間:[0.0000,0.0000,0.0000,0.0000]
	有名だ:[0.0001,0.0004,0.0000,0.0000]
	入る:[0.0010,0.0005,0.0003,0.0008]
	事例:[0.0001,0.0005,0.0000,0.0000]
	もの:[0.0031,0.0027,0.0008,0.0016]
	入力:[0.0004,0.0003,0.0000,0.0010]
	いく:[0.0015,0.0011,0.0005,0.0023]
	調べる:[0.0001,0.0001,0.0002,0.0000]
	損だ:[0.0001,0.0001,0.0002,0.0000]
	いう:[0.0048,0.0059,0.0042,0.0034]
	証券:[0.0002,0.0003,0.0004,0.0000]
	そうだ:[0.0008,0.0003,0.0007,0.0005]
	的だ:[0.0029,0.0050,0.0013,0.0019]
	数量:[0.0001,0.0000,0.0000,0.0000]
	ます:[0.0273,0.0231,0.0151,0.0228]
	持つ:[0.0008,0.0008,0.0001,0.0014]
	から:[0.0059,0.0058,0.0033,0.0058]
	ジェイコム:[0.0000,0.0000,0.0000,0.0000]
	損失:[0.0001,0.0007,0.0042,0.0000]
	でも:[0.0018,0.0029,0.0017,0.0004]
	ちょっと:[0.0001,0.0002,0.0003,0.0000]
	実行:[0.0000,0.0005,0.0001,0.0001]
	冷静だ:[0.0001,0.0000,0.0000,0.0000]
	せる:[0.0017,0.0005,0.0006,0.0030]
	ほど:[0.0005,0.0009,0.0003,0.0000]
	切る:[0.0003,0.0002,0.0002,0.0001]
	出る:[0.0008,0.0010,0.0006,0.0004]
	マン:[0.0000,0.0000,0.0000,0.0000]
	一般に:[0.0004,0.0001,0.0000,0.0000]
	反対だ:[0.0002,0.0001,0.0000,0.0001]
	こと:[0.0094,0.0098,0.0051,0.0087]
	ケース:[0.0001,0.0036,0.0000,0.0000]
	豊富だ:[0.0000,0.0001,0.0001,0.0000]
False-Positive

Section:5
	Ｆｌａｇ：：００００
	ここでは、実際にネット上で確認された大損事例を見ながら、大損・大失敗事例の共通項は何か、そして大損・大失敗を回避して賢くお金を増やすにはどうすれば良いかをお話します。
	まずは、５つの大損事例を見てください。
	社会問題レベルの大きな話から、一個人の感想レベルのものまで幅広いですが、いずれもネットメディアで報じられた事例です。
	大損事例１－未公開株詐欺
	お笑いコンビ・ココリコの遠藤章造（４４）が、１９日に読売テレビで放送された「黄金列伝！」に相方の田中直樹（４４）とコンビで出演。
	タレント・千秋との離婚の裏に、未公開株詐欺にひっかかり、数千万円の大金を失ったことが影響していたことを明かした。
	～中略～「未公開のアレ（株）なんで、２週間置いてるだけで、倍になります」と言われ、手を出したことを告白。
	（２０１５／７／１９デイリースポーツオンライン）
	大損事例２－誤発注
	２００５年１２月８日午前９時２７分、東証マザーズ市場に新規上場した総合人材サービス会社ジェイコムの株式（発行済み株式数１４５００株）に関して、みずほ証券の担当者が「６１万円１株売り」と注文すべきところを「１円６１万株売り」と誤ってコンピューターに入力。
Score:0.000967250896684
EACH_TAG_SCORE:
	image:0.000270945071386
	table:0.000263706673872
	graph:0.000160878939894
	flow:0.000271720211532
PARA:
Clueword:
	まずは:[0.0002,0.0001,0.0002,0.0092]
	失う:[0.0001,0.0000,0.0000,0.0000]
	れる:[0.0087,0.0089,0.0045,0.0070]
	です:[0.0010,0.0012,0.0006,0.0005]
	言う:[0.0013,0.0010,0.0004,0.0005]
	話す:[0.0002,0.0001,0.0007,0.0006]
	みずほ:[0.0000,0.0000,0.0000,0.0000]
	問題:[0.0008,0.0005,0.0003,0.0003]
	担当:[0.0001,0.0002,0.0003,0.0000]
	ネット:[0.0000,0.0001,0.0001,0.0000]
	見る:[0.0020,0.0008,0.0013,0.0005]
	レベル:[0.0000,0.0005,0.0001,0.0002]
	大きな:[0.0016,0.0005,0.0005,0.0003]
	置く:[0.0007,0.0002,0.0003,0.0005]
	誤る:[0.0001,0.0001,0.0000,0.0000]
	んだ:[0.0006,0.0003,0.0003,0.0002]
	発行:[0.0001,0.0003,0.0000,0.0001]
	週間:[0.0000,0.0002,0.0002,0.0000]
	良い:[0.0011,0.0013,0.0006,0.0010]
	いずれ:[0.0001,0.0000,0.0001,0.0001]
	サービス:[0.0002,0.0016,0.0000,0.0006]
	個人:[0.0001,0.0004,0.0002,0.0004]
	売る:[0.0004,0.0001,0.0007,0.0010]
	テレビ:[0.0003,0.0002,0.0000,0.0000]
	影響:[0.0006,0.0004,0.0007,0.0005]
	なる:[0.0091,0.0108,0.0069,0.0074]
	株式:[0.0002,0.0003,0.0004,0.0000]
	関する:[0.0000,0.0002,0.0002,0.0001]
	人材:[0.0000,0.0000,0.0003,0.0000]
	失敗:[0.0002,0.0001,0.0000,0.0004]
	共通:[0.0002,0.0011,0.0000,0.0000]
	実際:[0.0003,0.0001,0.0007,0.0004]
	確認:[0.0008,0.0005,0.0000,0.0011]
	社会:[0.0004,0.0001,0.0007,0.0000]
	出す:[0.0008,0.0007,0.0003,0.0006]
	注文:[0.0002,0.0002,0.0002,0.0001]
	する:[0.0384,0.0382,0.0182,0.0461]
	いる:[0.0131,0.0126,0.0100,0.0081]
	こと:[0.0094,0.0098,0.0051,0.0087]
	証券:[0.0002,0.0003,0.0004,0.0000]
	くださる:[0.0014,0.0005,0.0009,0.0021]
	コンピューター:[0.0001,0.0001,0.0000,0.0000]
	オンライン:[0.0000,0.0001,0.0000,0.0000]
	べし:[0.0003,0.0001,0.0001,0.0000]
	幅広い:[0.0004,0.0001,0.0000,0.0000]
	大金:[0.0000,0.0001,0.0000,0.0000]
	回避:[0.0001,0.0000,0.0000,0.0000]
	事例:[0.0001,0.0005,0.0000,0.0000]
	もの:[0.0031,0.0027,0.0008,0.0016]
	だけ:[0.0013,0.0014,0.0007,0.0014]
	入力:[0.0004,0.0003,0.0000,0.0010]
	損だ:[0.0001,0.0001,0.0002,0.0000]
	ところ:[0.0004,0.0010,0.0007,0.0004]
	午前:[0.0000,0.0001,0.0000,0.0000]
	増やす:[0.0001,0.0005,0.0020,0.0004]
	済む:[0.0000,0.0001,0.0000,0.0001]
	まで:[0.0015,0.0020,0.0015,0.0016]
	ます:[0.0273,0.0231,0.0151,0.0228]
	総合:[0.0000,0.0000,0.0000,0.0007]
	から:[0.0059,0.0058,0.0033,0.0058]
	ジェイコム:[0.0000,0.0000,0.0000,0.0000]
	市場:[0.0001,0.0001,0.0000,0.0006]
	笑う:[0.0001,0.0000,0.0000,0.0000]
	千秋:[0.0000,0.0000,0.0000,0.0000]
	詐欺:[0.0001,0.0000,0.0000,0.0000]
	られる:[0.0025,0.0027,0.0015,0.0013]
	ながら:[0.0005,0.0001,0.0005,0.0011]
	そして:[0.0004,0.0004,0.0001,0.0025]
	会社:[0.0008,0.0013,0.0008,0.0013]
	新規だ:[0.0001,0.0000,0.0001,0.0000]
False-Positive

Section:16
	Ｆｌａｇ：：０１００
	日経速報ニュースの閲覧
	日経（朝刊・夕刊）、日経産業新聞、日経ＭＪ、日経地方経済面、日経プラスワンの閲覧（３日分）
	過去１年分の新聞記事検索（日経各紙および速報ニュース）
	詳細に興味がある方は、「日経新聞が無料で読み放題？ネット証券のお得な活用法」をご覧ください。
Score:0.000345463673336
EACH_TAG_SCORE:
	image:9.37321378067e-05
	table:0.000116496074914
	graph:5.81318355243e-05
	flow:7.71036250909e-05
PARA:
Clueword:
	放題:[0.0000,0.0000,0.0000,0.0000]
	証券:[0.0002,0.0003,0.0004,0.0000]
	各紙:[0.0000,0.0000,0.0000,0.0000]
	朝刊:[0.0000,0.0000,0.0000,0.0000]
	日経:[0.0000,0.0003,0.0000,0.0000]
	活用:[0.0000,0.0003,0.0002,0.0000]
	地方:[0.0000,0.0001,0.0001,0.0000]
	ニュース:[0.0000,0.0002,0.0000,0.0000]
	速報:[0.0000,0.0001,0.0000,0.0000]
	閲覧:[0.0000,0.0001,0.0000,0.0000]
	無料:[0.0001,0.0012,0.0004,0.0000]
	プラスワン:[0.0000,0.0000,0.0000,0.0000]
	記事:[0.0002,0.0002,0.0002,0.0000]
	読む:[0.0005,0.0003,0.0000,0.0000]
	産業:[0.0000,0.0000,0.0000,0.0000]
	新聞:[0.0000,0.0001,0.0000,0.0000]
	過去:[0.0001,0.0002,0.0009,0.0018]
	詳細だ:[0.0001,0.0004,0.0000,0.0007]
	くださる:[0.0014,0.0005,0.0009,0.0021]
	ある:[0.0105,0.0114,0.0037,0.0052]
	ご覧:[0.0001,0.0000,0.0000,0.0001]
	ネット:[0.0000,0.0001,0.0001,0.0000]
	興味:[0.0000,0.0002,0.0000,0.0000]
	得だ:[0.0000,0.0001,0.0004,0.0000]
	経済:[0.0000,0.0002,0.0010,0.0011]
	および:[0.0000,0.0000,0.0000,0.0000]
	検索:[0.0000,0.0000,0.0001,0.0000]
	夕刊:[0.0000,0.0000,0.0000,0.0000]
True-Positive

True-Negative:0
False-Positive:8
True-Positive:11
False-Negative:0
precision = 0.578947
recall = 1.000000
fvalue = 0.733333