Section:1
	Ｆｌａｇ：：００００
	もう悩まない！人間関係を劇的に改善する、コミュ力アップの凄い技！
Score:0.0044213267288
EACH_TAG_SCORE:
	image:0.00123148056663
	table:0.00123114502621
	graph:0.000652488735006
	flow:0.00130621240096
PARA:
Clueword:
	もう:[0.0002,0.0002,0.0002,0.0006]
	する:[0.0384,0.0382,0.0182,0.0461]
	劇的だ:[0.0000,0.0001,0.0000,0.0001]
	関係:[0.0040,0.0031,0.0010,0.0003]
	改善:[0.0001,0.0003,0.0000,0.0001]
	ない:[0.0085,0.0106,0.0062,0.0077]
	悩む:[0.0009,0.0001,0.0000,0.0009]
	アップ:[0.0006,0.0002,0.0024,0.0003]
	人間:[0.0002,0.0001,0.0000,0.0001]
False-Positive

Section:9
	Ｆｌａｇ：：００００
	ごく自然に男性の心を引きつけてしまうんです。
	理由２：ほめ上手なひとは周りから、大切にされる
	前項のほめじょうずなひとは異性にモテるにも共通しますが、私たちは自分のことをほめてくれるひとのことを大切にします。
Score:0.00298079713213
EACH_TAG_SCORE:
	image:0.000855153250422
	table:0.00081596677274
	graph:0.00044712180426
	flow:0.000862555304706
PARA:
Clueword:
	共通:[0.0002,0.0011,0.0000,0.0000]
	する:[0.0384,0.0382,0.0182,0.0461]
	ほめる:[0.0004,0.0000,0.0001,0.0001]
	んだ:[0.0006,0.0003,0.0003,0.0002]
	前項:[0.0000,0.0004,0.0000,0.0000]
	理由:[0.0003,0.0005,0.0006,0.0001]
	モテる:[0.0001,0.0000,0.0000,0.0000]
	から:[0.0059,0.0058,0.0033,0.0058]
	くれる:[0.0006,0.0004,0.0000,0.0000]
	れる:[0.0087,0.0089,0.0045,0.0070]
	周り:[0.0001,0.0001,0.0000,0.0006]
	ごく:[0.0001,0.0000,0.0000,0.0000]
	引く:[0.0001,0.0000,0.0003,0.0000]
	しまう:[0.0023,0.0018,0.0012,0.0025]
	自分:[0.0009,0.0013,0.0008,0.0013]
	ひと:[0.0008,0.0003,0.0004,0.0013]
	たち:[0.0002,0.0003,0.0005,0.0000]
	つける:[0.0008,0.0004,0.0000,0.0020]
	男性:[0.0003,0.0007,0.0004,0.0000]
	ます:[0.0273,0.0231,0.0151,0.0228]
	こと:[0.0094,0.0098,0.0051,0.0087]
	上手だ:[0.0002,0.0000,0.0003,0.0001]
	異性:[0.0000,0.0000,0.0000,0.0000]
	じょうずだ:[0.0000,0.0000,0.0000,0.0000]
	大切だ:[0.0003,0.0002,0.0001,0.0002]
	自然だ:[0.0004,0.0002,0.0001,0.0003]
False-Positive

Section:2
	Ｆｌａｇ；；１０００
	友人と喧嘩して、連絡を取りつらくなり、疎遠になってしまった。
	学校や職場の環境になじめない、なぜか自分ひとりだけ、ぽつりと浮いてしまっているような気がする。
	いつの間にか冷えきってしまった、夫婦関係や恋人との関係、沈黙が多く、ギクシャクした家庭。
	こんなはずじゃあなかったのに、、、なんて苦い経験、きっと誰にでもありますよね。
Score:0.00269463512236
EACH_TAG_SCORE:
	image:0.000779197923297
	table:0.000786501008092
	graph:0.000440887570605
	flow:0.000688048620366
PARA:
Clueword:
	浮く:[0.0004,0.0003,0.0000,0.0004]
	多い:[0.0023,0.0031,0.0031,0.0006]
	取る:[0.0006,0.0009,0.0003,0.0001]
	家庭:[0.0001,0.0000,0.0000,0.0000]
	学校:[0.0001,0.0001,0.0001,0.0000]
	いつの間にか:[0.0000,0.0000,0.0000,0.0000]
	ます:[0.0273,0.0231,0.0151,0.0228]
	なんて:[0.0002,0.0003,0.0003,0.0000]
	夫婦:[0.0000,0.0000,0.0001,0.0000]
	関係:[0.0040,0.0031,0.0010,0.0003]
	きっと:[0.0000,0.0000,0.0000,0.0000]
	のだ:[0.0069,0.0071,0.0039,0.0054]
	きる:[0.0002,0.0006,0.0001,0.0001]
	だけ:[0.0013,0.0014,0.0007,0.0014]
	しまう:[0.0023,0.0018,0.0012,0.0025]
	なる:[0.0091,0.0108,0.0069,0.0074]
	自分:[0.0009,0.0013,0.0008,0.0013]
	ひと:[0.0008,0.0003,0.0004,0.0013]
	する:[0.0384,0.0382,0.0182,0.0461]
	いる:[0.0131,0.0126,0.0100,0.0081]
	連絡:[0.0000,0.0001,0.0000,0.0000]
	冷える:[0.0000,0.0000,0.0000,0.0001]
	経験:[0.0001,0.0003,0.0002,0.0007]
	はず:[0.0001,0.0001,0.0001,0.0001]
	ある:[0.0105,0.0114,0.0037,0.0052]
	なぜ:[0.0001,0.0002,0.0000,0.0000]
	環境:[0.0002,0.0005,0.0000,0.0000]
	つらい:[0.0001,0.0000,0.0000,0.0000]
	職場:[0.0000,0.0000,0.0001,0.0000]
	でも:[0.0018,0.0029,0.0017,0.0004]
	ない:[0.0085,0.0106,0.0062,0.0077]
	ようだ:[0.0046,0.0040,0.0016,0.0063]
worng file


Section:12
	Ｆｌａｇ：：０００１
	ほめ上手になって
	人間関係を劇的に改善する３つのステップ
	ステップ１：相手に大してのイメージをあなたの中で変化させる
	身の回りにいるひとの名前を１０人書く
	↓
	そのひとの良い部分を１０個以上書き出す
	↓
	すると、今まで気がつかなかった、相手の一面がみつかったり、相手に対して固定化されていた印象が変わる
Score:0.00214427041354
EACH_TAG_SCORE:
	image:0.000617511069595
	table:0.000613902354543
	graph:0.000341358104358
	flow:0.000571498885043
PARA:
Clueword:
	対する:[0.0005,0.0009,0.0000,0.0003]
	改善:[0.0001,0.0003,0.0000,0.0001]
	せる:[0.0017,0.0005,0.0006,0.0030]
	ほめる:[0.0004,0.0000,0.0001,0.0001]
	いる:[0.0131,0.0126,0.0100,0.0081]
	相手:[0.0006,0.0001,0.0008,0.0003]
	書く:[0.0008,0.0018,0.0001,0.0006]
	関係:[0.0040,0.0031,0.0010,0.0003]
	名前:[0.0005,0.0004,0.0000,0.0008]
	すると:[0.0001,0.0000,0.0000,0.0001]
	イメージ:[0.0003,0.0004,0.0000,0.0007]
	印象:[0.0008,0.0010,0.0001,0.0001]
	出す:[0.0008,0.0007,0.0003,0.0006]
	なる:[0.0091,0.0108,0.0069,0.0074]
	変わる:[0.0003,0.0005,0.0005,0.0003]
	ひと:[0.0008,0.0003,0.0004,0.0013]
	人間:[0.0002,0.0001,0.0000,0.0001]
	する:[0.0384,0.0382,0.0182,0.0461]
	大して:[0.0000,0.0000,0.0000,0.0001]
	まで:[0.0015,0.0020,0.0015,0.0016]
	つく:[0.0016,0.0013,0.0004,0.0009]
	良い:[0.0011,0.0013,0.0006,0.0010]
	変化:[0.0005,0.0003,0.0000,0.0003]
	劇的だ:[0.0000,0.0001,0.0000,0.0001]
	あなた:[0.0007,0.0001,0.0000,0.0001]
	みつかる:[0.0000,0.0000,0.0000,0.0001]
	上手だ:[0.0002,0.0000,0.0003,0.0001]
	れる:[0.0087,0.0089,0.0045,0.0070]
	ステップ:[0.0000,0.0000,0.0003,0.0011]
	以上:[0.0009,0.0010,0.0017,0.0006]
	部分:[0.0038,0.0021,0.0001,0.0011]
	一面だ:[0.0000,0.0000,0.0000,0.0001]
	固定:[0.0001,0.0001,0.0005,0.0002]
	身の回り:[0.0000,0.0000,0.0000,0.0001]
	ない:[0.0085,0.0106,0.0062,0.0077]
True-Positive

Section:7
	Ｆｌａｇ：：００００
	そんなこと言われてもなぁ、、、と思ってしまうあなたは、まずはこれを見てください
Score:0.00200082881888
EACH_TAG_SCORE:
	image:0.000564172853726
	table:0.000485998359916
	graph:0.000281695797815
	flow:0.000668961807423
PARA:
Clueword:
	まずは:[0.0002,0.0001,0.0002,0.0092]
	思う:[0.0021,0.0011,0.0005,0.0027]
	くださる:[0.0014,0.0005,0.0009,0.0021]
	あなた:[0.0007,0.0001,0.0000,0.0001]
	言う:[0.0013,0.0010,0.0004,0.0005]
	見る:[0.0020,0.0008,0.0013,0.0005]
	れる:[0.0087,0.0089,0.0045,0.0070]
	こと:[0.0094,0.0098,0.0051,0.0087]
	しまう:[0.0023,0.0018,0.0012,0.0025]
	なあ:[0.0001,0.0000,0.0000,0.0000]
False-Positive

Section:14
	Ｆｌａｇ：：１０００
	ステップ３：細かい変化や、こだわっている部分を抜き出して、ほめてあげる
	顔がカッコいいとか、スタイルが良いという当たりまえのことではなく、ピアスや指輪などのアクセサリー、または雰囲気や表情、普段あまり言われないような部分をほめてあげましょう、普段言われないような意外な部分をほめられるとひとは嬉しいものです。
Score:0.0019713603127
EACH_TAG_SCORE:
	image:0.000607213084764
	table:0.000564377777032
	graph:0.000328789892695
	flow:0.000470979558207
PARA:
Clueword:
	いう:[0.0048,0.0059,0.0042,0.0034]
	指輪:[0.0000,0.0000,0.0000,0.0000]
	られる:[0.0025,0.0027,0.0015,0.0013]
	細かい:[0.0008,0.0003,0.0001,0.0002]
	ほめる:[0.0004,0.0000,0.0001,0.0001]
	アクセサリー:[0.0001,0.0000,0.0000,0.0000]
	ピアス:[0.0000,0.0000,0.0000,0.0000]
	あまり:[0.0002,0.0006,0.0000,0.0001]
	れる:[0.0087,0.0089,0.0045,0.0070]
	まえ:[0.0000,0.0000,0.0000,0.0000]
	あげる:[0.0005,0.0002,0.0009,0.0005]
	雰囲気:[0.0006,0.0000,0.0000,0.0001]
	当たる:[0.0002,0.0001,0.0000,0.0005]
	部分:[0.0038,0.0021,0.0001,0.0011]
	こだわる:[0.0001,0.0000,0.0000,0.0000]
	言う:[0.0013,0.0010,0.0004,0.0005]
	いる:[0.0131,0.0126,0.0100,0.0081]
	ます:[0.0273,0.0231,0.0151,0.0228]
	良い:[0.0011,0.0013,0.0006,0.0010]
	抜き出す:[0.0000,0.0000,0.0000,0.0000]
	変化:[0.0005,0.0003,0.0000,0.0003]
	カッコいい:[0.0001,0.0000,0.0000,0.0000]
	または:[0.0007,0.0006,0.0001,0.0008]
	こと:[0.0094,0.0098,0.0051,0.0087]
	ステップ:[0.0000,0.0000,0.0003,0.0011]
	など:[0.0053,0.0054,0.0019,0.0021]
	嬉しい:[0.0000,0.0001,0.0000,0.0000]
	スタイル:[0.0006,0.0003,0.0001,0.0010]
	ひと:[0.0008,0.0003,0.0004,0.0013]
	もの:[0.0031,0.0027,0.0008,0.0016]
	意外だ:[0.0001,0.0001,0.0001,0.0000]
	ない:[0.0085,0.0106,0.0062,0.0077]
	ようだ:[0.0046,0.0040,0.0016,0.0063]
	普段:[0.0001,0.0000,0.0000,0.0000]
	表情:[0.0008,0.0000,0.0000,0.0000]
True-Positive

Section:15
	Ｆｌａｇ：：００００
	以上ステップ１〜３を行うことで、まず、あなたが「今」相手に持っている固定観念が変わり、そして、それを相手に伝えることで新しい感情や会話が生まれます。
	まずは実践してみてください、半月も続ければ、あなたの周りの人間関係がどんどん良い方向へと変化していくのを、実感できるはずです。
	付け焼き刃のテクニックで、ひとをどうこうしてやろう、、、などと考えるのではなく、ちゃんと相手を認めたうえで、接すること。
	良い人間関係は一生ものの宝ですから、ぜひこの機会に最高のコミュニケーションのチカラを手に入れてください。
Score:0.00194534602146
EACH_TAG_SCORE:
	image:0.000535323289099
	table:0.000514052194017
	graph:0.000294099161855
	flow:0.000601871376486
PARA:
Clueword:
	実感:[0.0000,0.0000,0.0000,0.0000]
	やる:[0.0003,0.0004,0.0001,0.0011]
	うえ:[0.0001,0.0000,0.0000,0.0001]
	できる:[0.0045,0.0045,0.0015,0.0023]
	はずだ:[0.0003,0.0003,0.0001,0.0000]
	みる:[0.0014,0.0012,0.0011,0.0005]
	人間:[0.0002,0.0001,0.0000,0.0001]
	する:[0.0384,0.0382,0.0182,0.0461]
	いる:[0.0131,0.0126,0.0100,0.0081]
	まずは:[0.0002,0.0001,0.0002,0.0092]
	テクニック:[0.0000,0.0000,0.0000,0.0000]
	こと:[0.0094,0.0098,0.0051,0.0087]
	半月:[0.0000,0.0000,0.0000,0.0000]
	伝える:[0.0005,0.0003,0.0002,0.0001]
	くださる:[0.0014,0.0005,0.0009,0.0021]
	感情:[0.0000,0.0000,0.0000,0.0000]
	生まれる:[0.0000,0.0004,0.0000,0.0001]
	入れる:[0.0003,0.0004,0.0000,0.0002]
	ぜひ:[0.0001,0.0000,0.0003,0.0000]
	以上:[0.0009,0.0010,0.0017,0.0006]
	変わる:[0.0003,0.0005,0.0005,0.0003]
	コミュニケーション:[0.0001,0.0000,0.0000,0.0000]
	いく:[0.0015,0.0011,0.0005,0.0023]
	続ける:[0.0002,0.0004,0.0005,0.0000]
	機会:[0.0000,0.0000,0.0002,0.0000]
	行う:[0.0006,0.0007,0.0001,0.0022]
	相手:[0.0006,0.0001,0.0008,0.0003]
	まず:[0.0007,0.0007,0.0001,0.0190]
	どんどん:[0.0001,0.0000,0.0001,0.0000]
	持つ:[0.0008,0.0008,0.0001,0.0014]
	関係:[0.0040,0.0031,0.0010,0.0003]
	のだ:[0.0069,0.0071,0.0039,0.0054]
	から:[0.0059,0.0058,0.0033,0.0058]
	周り:[0.0001,0.0001,0.0000,0.0006]
	ちゃんと:[0.0001,0.0000,0.0000,0.0000]
	認める:[0.0001,0.0004,0.0000,0.0001]
	ひと:[0.0008,0.0003,0.0004,0.0013]
	考える:[0.0013,0.0013,0.0007,0.0004]
	ます:[0.0273,0.0231,0.0151,0.0228]
	良い:[0.0011,0.0013,0.0006,0.0010]
	変化:[0.0005,0.0003,0.0000,0.0003]
	方向:[0.0003,0.0000,0.0000,0.0001]
	新しい:[0.0002,0.0002,0.0001,0.0004]
	など:[0.0053,0.0054,0.0019,0.0021]
	あなた:[0.0007,0.0001,0.0000,0.0001]
	ステップ:[0.0000,0.0000,0.0003,0.0011]
	そして:[0.0004,0.0004,0.0001,0.0025]
	最高だ:[0.0001,0.0000,0.0001,0.0000]
	固定:[0.0001,0.0001,0.0005,0.0002]
	ない:[0.0085,0.0106,0.0062,0.0077]
False-Positive

Section:10
	Ｆｌａｇ：：１０００
	ひとは誰しもが「認めて欲しい」「尊敬してほしい」「感謝してほしい」という３つの要求を持っています、ほめたり励ましたりというのはこの欲求に対してドストライクではまります。
	ですから、ほめ上手なひとは、自然とまわりにひとがたくさん集まってくるのです。
	だってそうでしょう、いつもほめてくれるひとと、いつもケチばかりつけてくるひと、あなたはどっちのひとと一緒に居たいと思います？
Score:0.00179527599498
EACH_TAG_SCORE:
	image:0.000524035718257
	table:0.000489126466367
	graph:0.000282315997904
	flow:0.000499797812455
PARA:
Clueword:
	感謝:[0.0001,0.0000,0.0000,0.0002]
	要求:[0.0002,0.0001,0.0002,0.0001]
	居る:[0.0001,0.0000,0.0000,0.0000]
	いう:[0.0048,0.0059,0.0042,0.0034]
	自然:[0.0001,0.0001,0.0000,0.0002]
	ドストライク:[0.0000,0.0000,0.0000,0.0000]
	ケチ:[0.0002,0.0000,0.0000,0.0007]
	はまる:[0.0000,0.0000,0.0000,0.0000]
	誰しも:[0.0000,0.0000,0.0000,0.0000]
	一緒だ:[0.0001,0.0001,0.0003,0.0000]
	まわる:[0.0001,0.0000,0.0000,0.0001]
	ほめる:[0.0004,0.0000,0.0001,0.0001]
	励ます:[0.0000,0.0000,0.0000,0.0000]
	ですから:[0.0000,0.0000,0.0000,0.0000]
	ます:[0.0273,0.0231,0.0151,0.0228]
	たい:[0.0013,0.0013,0.0010,0.0014]
	くる:[0.0017,0.0012,0.0011,0.0007]
	持つ:[0.0008,0.0008,0.0001,0.0014]
	のだ:[0.0069,0.0071,0.0039,0.0054]
	くれる:[0.0006,0.0004,0.0000,0.0000]
	ばかり:[0.0001,0.0000,0.0000,0.0000]
	認める:[0.0001,0.0004,0.0000,0.0001]
	ひと:[0.0008,0.0003,0.0004,0.0013]
	する:[0.0384,0.0382,0.0182,0.0461]
	欲しい:[0.0001,0.0002,0.0000,0.0001]
	いる:[0.0131,0.0126,0.0100,0.0081]
	対する:[0.0005,0.0009,0.0000,0.0003]
	集まる:[0.0001,0.0006,0.0000,0.0000]
	思う:[0.0021,0.0011,0.0005,0.0027]
	欲求:[0.0001,0.0000,0.0000,0.0000]
	あなた:[0.0007,0.0001,0.0000,0.0001]
	上手だ:[0.0002,0.0000,0.0003,0.0001]
	だって:[0.0001,0.0003,0.0000,0.0000]
	尊敬:[0.0003,0.0002,0.0000,0.0000]
	ほしい:[0.0002,0.0002,0.0000,0.0000]
	いつも:[0.0002,0.0000,0.0000,0.0005]
	つける:[0.0008,0.0004,0.0000,0.0020]
	たくさん:[0.0000,0.0001,0.0000,0.0000]
True-Positive

Section:3
	Ｆｌａｇ：：００００
	今日は、もうそんな思いをしなくても済むように、もう人間関係や人付き合いで悩まなくて良いように、実践すれば必ず効果がある、コミュニケーション能力をアップさせる方法についてお伝えします。
	もう悩まない！人間関係を劇的に改善する
	コミュ力アップの凄い技！
	周りとなじめない、自分だけぽつりとういてしまう、険悪なムードになったり、お互い心なく冷えきった関係になる原因の多くは、コミュニケーション不足にあります。
	ん？？
	そんなのわかってるよ、当たり前でしょ！なんて言わずにもう少し、話を聞いてください。
Score:0.00173676868353
EACH_TAG_SCORE:
	image:0.000485238613683
	table:0.000475188181377
	graph:0.000271929663984
	flow:0.000504412224485
PARA:
Clueword:
	聞く:[0.0001,0.0003,0.0006,0.0012]
	多く:[0.0006,0.0005,0.0054,0.0001]
	能力:[0.0000,0.0001,0.0001,0.0000]
	くださる:[0.0014,0.0005,0.0009,0.0021]
	お互い:[0.0000,0.0000,0.0000,0.0000]
	きる:[0.0002,0.0006,0.0001,0.0001]
	しまう:[0.0023,0.0018,0.0012,0.0025]
	なる:[0.0091,0.0108,0.0069,0.0074]
	今日:[0.0002,0.0000,0.0000,0.0003]
	自分:[0.0009,0.0013,0.0008,0.0013]
	方法:[0.0019,0.0038,0.0001,0.0127]
	人間:[0.0002,0.0001,0.0000,0.0001]
	もう:[0.0002,0.0002,0.0002,0.0006]
	冷える:[0.0000,0.0000,0.0000,0.0001]
	劇的だ:[0.0000,0.0001,0.0000,0.0001]
	思う:[0.0021,0.0011,0.0005,0.0027]
	伝える:[0.0005,0.0003,0.0002,0.0001]
	必ず:[0.0003,0.0002,0.0002,0.0004]
	つく:[0.0016,0.0013,0.0004,0.0009]
	だけ:[0.0013,0.0014,0.0007,0.0014]
	効果:[0.0010,0.0015,0.0005,0.0000]
	わかつ:[0.0000,0.0000,0.0000,0.0001]
	当たり前だ:[0.0000,0.0000,0.0000,0.0000]
	する:[0.0384,0.0382,0.0182,0.0461]
	言う:[0.0013,0.0010,0.0004,0.0005]
	済む:[0.0000,0.0001,0.0000,0.0001]
	ます:[0.0273,0.0231,0.0151,0.0228]
	なんて:[0.0002,0.0003,0.0003,0.0000]
	関係:[0.0040,0.0031,0.0010,0.0003]
	周り:[0.0001,0.0001,0.0000,0.0006]
	コミュニケーション:[0.0001,0.0000,0.0000,0.0000]
	良い:[0.0011,0.0013,0.0006,0.0010]
	悩む:[0.0009,0.0001,0.0000,0.0009]
	ある:[0.0105,0.0114,0.0037,0.0052]
	ようだ:[0.0046,0.0040,0.0016,0.0063]
	せる:[0.0017,0.0005,0.0006,0.0030]
	ムード:[0.0000,0.0001,0.0000,0.0000]
	少し:[0.0010,0.0005,0.0002,0.0006]
	改善:[0.0001,0.0003,0.0000,0.0001]
	ない:[0.0085,0.0106,0.0062,0.0077]
	アップ:[0.0006,0.0002,0.0024,0.0003]
	原因:[0.0009,0.0014,0.0008,0.0005]
False-Positive

Section:6
	Ｆｌａｇ：：０１００
	ひとをけなすことや、おとしいれることは簡単ですが、
	そこにはマイナスの連鎖が生まれます。
	ひとをほめることは、ちょっと敷居が高いかもしれませんが、
	それができれば、そこからプラスの連鎖が生まれます。
Score:0.00162429022187
EACH_TAG_SCORE:
	image:0.000462488973363
	table:0.000436571285336
	graph:0.00033873200657
	flow:0.000386497956601
PARA:
Clueword:
	ちょっと:[0.0001,0.0002,0.0003,0.0000]
	かも:[0.0004,0.0003,0.0001,0.0000]
	高い:[0.0007,0.0015,0.0101,0.0005]
	しれる:[0.0003,0.0002,0.0001,0.0000]
	けなす:[0.0000,0.0000,0.0000,0.0000]
	簡単だ:[0.0003,0.0004,0.0001,0.0006]
	こと:[0.0094,0.0098,0.0051,0.0087]
	ほめる:[0.0004,0.0000,0.0001,0.0001]
	おとしいれる:[0.0000,0.0000,0.0000,0.0000]
	マイナスだ:[0.0002,0.0001,0.0000,0.0000]
	生まれる:[0.0000,0.0004,0.0000,0.0001]
	ます:[0.0273,0.0231,0.0151,0.0228]
	敷居:[0.0000,0.0000,0.0000,0.0000]
	から:[0.0059,0.0058,0.0033,0.0058]
	できる:[0.0045,0.0045,0.0015,0.0023]
	ひと:[0.0008,0.0003,0.0004,0.0013]
	連鎖:[0.0000,0.0001,0.0000,0.0000]
	プラス:[0.0004,0.0011,0.0009,0.0002]
True-Positive

Section:4
	Ｆｌａｇ：：１０００
	一口にコミュニケーションと言っても、範囲が広すぎて、何が何なのか、わからないですよね。
	ここでいうコミュニケーションというのは主に以下の３つのこと
	・相手への気遣い
	・相手への尊敬
	・相手を認めてあげること
	これらが足りなくなると、よっぽどの理由がないかぎり、相手との関係は崩壊します。
	考えてみてください、もしあなたの目の前にいる人が、あなたに対して
	・自分の意見ばかりを押し通そうとしたりして、あなたにはまったく気を使わない
	・あなたの事を、なんだこいつ？といった感じで見下している
	・あなたの事をどうせ、ダメだろ。
	出来る訳ない。
	などと決めつけている
	としたら、あなたは相手に対してどう思いますか？当然良い気分ではないでしょうし、一緒に居たいとは思いませんよね。
Score:0.00146416713427
EACH_TAG_SCORE:
	image:0.000441999473493
	table:0.000415758421796
	graph:0.000240924339847
	flow:0.000365484899137
PARA:
Clueword:
	だろう:[0.0005,0.0010,0.0003,0.0000]
	居る:[0.0001,0.0000,0.0000,0.0000]
	感じる:[0.0010,0.0009,0.0003,0.0004]
	よっぽど:[0.0000,0.0000,0.0000,0.0000]
	たこ:[0.0000,0.0000,0.0000,0.0000]
	当然:[0.0001,0.0000,0.0000,0.0000]
	目の前:[0.0001,0.0000,0.0000,0.0001]
	気遣う:[0.0001,0.0000,0.0000,0.0000]
	です:[0.0010,0.0012,0.0006,0.0005]
	なん:[0.0001,0.0000,0.0000,0.0000]
	一口:[0.0000,0.0000,0.0000,0.0000]
	みる:[0.0014,0.0012,0.0011,0.0005]
	なる:[0.0091,0.0108,0.0069,0.0074]
	自分:[0.0009,0.0013,0.0008,0.0013]
	ダメだ:[0.0000,0.0000,0.0000,0.0000]
	する:[0.0384,0.0382,0.0182,0.0461]
	言う:[0.0013,0.0010,0.0004,0.0005]
	いる:[0.0131,0.0126,0.0100,0.0081]
	すぎる:[0.0007,0.0006,0.0001,0.0004]
	こと:[0.0094,0.0098,0.0051,0.0087]
	もし:[0.0000,0.0002,0.0006,0.0001]
	くださる:[0.0014,0.0005,0.0009,0.0021]
	思う:[0.0021,0.0011,0.0005,0.0027]
	見下す:[0.0000,0.0000,0.0000,0.0000]
	以下:[0.0025,0.0010,0.0002,0.0011]
	出来る:[0.0004,0.0004,0.0001,0.0002]
	決めつける:[0.0000,0.0000,0.0000,0.0000]
	理由:[0.0003,0.0005,0.0006,0.0001]
	気分:[0.0001,0.0001,0.0002,0.0000]
	かぎり:[0.0000,0.0000,0.0000,0.0000]
	いう:[0.0048,0.0059,0.0042,0.0034]
	広い:[0.0004,0.0002,0.0002,0.0001]
	主だ:[0.0004,0.0005,0.0000,0.0000]
	一緒だ:[0.0001,0.0001,0.0003,0.0000]
	ばかり:[0.0001,0.0000,0.0000,0.0000]
	ます:[0.0273,0.0231,0.0151,0.0228]
	たい:[0.0013,0.0013,0.0010,0.0014]
	関係:[0.0040,0.0031,0.0010,0.0003]
	のだ:[0.0069,0.0071,0.0039,0.0054]
	いつ:[0.0000,0.0000,0.0000,0.0000]
	足りる:[0.0000,0.0000,0.0000,0.0000]
	あげる:[0.0005,0.0002,0.0009,0.0005]
	訳ない:[0.0000,0.0000,0.0000,0.0000]
	まったく:[0.0000,0.0001,0.0000,0.0000]
	認める:[0.0001,0.0004,0.0000,0.0001]
	範囲:[0.0047,0.0002,0.0001,0.0000]
	コミュニケーション:[0.0001,0.0000,0.0000,0.0000]
	良い:[0.0011,0.0013,0.0006,0.0010]
	押し通す:[0.0000,0.0000,0.0000,0.0000]
	相手:[0.0006,0.0001,0.0008,0.0003]
	考える:[0.0013,0.0013,0.0007,0.0004]
	あなた:[0.0007,0.0001,0.0000,0.0001]
	どうせ:[0.0000,0.0000,0.0000,0.0000]
	対する:[0.0005,0.0009,0.0000,0.0003]
	意見:[0.0000,0.0000,0.0000,0.0000]
	尊敬:[0.0003,0.0002,0.0000,0.0000]
	崩壊:[0.0001,0.0000,0.0000,0.0000]
	ない:[0.0085,0.0106,0.0062,0.0077]
	使う:[0.0025,0.0029,0.0006,0.0010]
	わかる:[0.0009,0.0006,0.0002,0.0004]
True-Positive

Section:5
	Ｆｌａｇ：：００００
	でも、もしこれを、あなたが無意識に相手に対して行ってしまっていたら、、、、怖いですよね。
	だから、こうしましょう。
	相手をほめる
	たったこれだけで、人間関係は驚くほど好転します。
	なんだよ、へりくだって、相手にごまをすれって事かよ！などと勘違いせずにしっかりと聞いてください、下心を持って相手に何かしてもらう為にほめるのではなく、相手の良い部分を探して、相手が気を使っている部分を見つけて、それを口に出してほめてあげるんです。
	人間１００％カッコいい、１００％完璧なひとなんて誰ひとり存在しません。
	私もそうですし、これを読んでいるあなたもそうです、良いところがあれば、必ず悪いところもあります。
	ひとあらを探して突くのは簡単ですが、突いたひと意外は誰も良い気持ちになりませんし、誰も得しません。
	でも、良い部分を探してほめてあげれば、ほめられたひとは嬉しくなって、もっとがんばるでしょうし、ほめた本人だって、ちょっといい気持ちになっているもの。
Score:0.00127647324879
EACH_TAG_SCORE:
	image:0.000362351712397
	table:0.000359456028562
	graph:0.000255475784054
	flow:0.000299189723775
PARA:
Clueword:
	ごま:[0.0000,0.0000,0.0000,0.0000]
	だろう:[0.0005,0.0010,0.0003,0.0000]
	もっと:[0.0001,0.0001,0.0000,0.0000]
	聞く:[0.0001,0.0003,0.0006,0.0012]
	って:[0.0004,0.0005,0.0003,0.0000]
	くださる:[0.0014,0.0005,0.0009,0.0021]
	ほめる:[0.0004,0.0000,0.0001,0.0001]
	％:[0.0000,0.0004,0.0261,0.0000]
	存在:[0.0006,0.0004,0.0005,0.0005]
	ひと:[0.0008,0.0003,0.0004,0.0013]
	もらう:[0.0001,0.0003,0.0000,0.0000]
	です:[0.0010,0.0012,0.0006,0.0005]
	なん:[0.0001,0.0000,0.0000,0.0000]
	しまう:[0.0023,0.0018,0.0012,0.0025]
	出す:[0.0008,0.0007,0.0003,0.0006]
	なる:[0.0091,0.0108,0.0069,0.0074]
	悪い:[0.0002,0.0006,0.0005,0.0001]
	たつ:[0.0000,0.0000,0.0001,0.0000]
	本人:[0.0001,0.0001,0.0000,0.0001]
	探す:[0.0001,0.0003,0.0000,0.0001]
	人間:[0.0002,0.0001,0.0000,0.0001]
	する:[0.0384,0.0382,0.0182,0.0461]
	いる:[0.0131,0.0126,0.0100,0.0081]
	られる:[0.0025,0.0027,0.0015,0.0013]
	カッコいい:[0.0001,0.0000,0.0000,0.0000]
	意外だ:[0.0001,0.0001,0.0001,0.0000]
	もし:[0.0000,0.0002,0.0006,0.0001]
	必ず:[0.0003,0.0002,0.0002,0.0004]
	もの:[0.0031,0.0027,0.0008,0.0016]
	だけ:[0.0013,0.0014,0.0007,0.0014]
	いい:[0.0008,0.0008,0.0005,0.0002]
	ところ:[0.0004,0.0010,0.0007,0.0004]
	勘違い:[0.0000,0.0000,0.0000,0.0002]
	気持ち:[0.0001,0.0001,0.0000,0.0005]
	んだ:[0.0006,0.0003,0.0003,0.0002]
	読む:[0.0005,0.0003,0.0000,0.0000]
	へりくだる:[0.0000,0.0000,0.0000,0.0000]
	ます:[0.0273,0.0231,0.0151,0.0228]
	なんて:[0.0002,0.0003,0.0003,0.0000]
	相手:[0.0006,0.0001,0.0008,0.0003]
	持つ:[0.0008,0.0008,0.0001,0.0014]
	関係:[0.0040,0.0031,0.0010,0.0003]
	のだ:[0.0069,0.0071,0.0039,0.0054]
	行く:[0.0004,0.0006,0.0002,0.0002]
	がんばる:[0.0001,0.0001,0.0000,0.0000]
	あげる:[0.0005,0.0002,0.0009,0.0005]
	部分:[0.0038,0.0021,0.0001,0.0011]
	ちょっと:[0.0001,0.0002,0.0003,0.0000]
	驚く:[0.0001,0.0001,0.0000,0.0000]
	だって:[0.0001,0.0003,0.0000,0.0000]
	対する:[0.0005,0.0009,0.0000,0.0003]
	良い:[0.0011,0.0013,0.0006,0.0010]
	ある:[0.0105,0.0114,0.0037,0.0052]
	など:[0.0053,0.0054,0.0019,0.0021]
	あなた:[0.0007,0.0001,0.0000,0.0001]
	ほど:[0.0005,0.0009,0.0003,0.0000]
	嬉しい:[0.0000,0.0001,0.0000,0.0000]
	しっかり:[0.0003,0.0001,0.0001,0.0017]
	簡単だ:[0.0003,0.0004,0.0001,0.0006]
	でも:[0.0018,0.0029,0.0017,0.0004]
	ない:[0.0085,0.0106,0.0062,0.0077]
	使う:[0.0025,0.0029,0.0006,0.0010]
	見つける:[0.0000,0.0001,0.0000,0.0001]
False-Positive

Section:13
	Ｆｌａｇ：：００１０
	ステップ２：ほめ上手は聞き上手、相手に気持ちよく話させてあげる
	・自分のことを話したい、伝えたい。
	はちょっと置いておいて、まずは相手の話をしっかりと聞いてあげる、相手に気持ちよく話させてあげます、基本は７：３くらいが良いかと思います。
	相手「７」自分「３」の割合です。
	ステップ１で書き出した内容を話の中でさりげなく混ぜてあげられると最高です。
Score:0.0011398759153
EACH_TAG_SCORE:
	image:0.00030068818786
	table:0.000275391609404
	graph:0.000221223194037
	flow:0.000342572923999
PARA:
Clueword:
	まずは:[0.0002,0.0001,0.0002,0.0092]
	ほめる:[0.0004,0.0000,0.0001,0.0001]
	混ぜる:[0.0001,0.0001,0.0001,0.0002]
	相手:[0.0006,0.0001,0.0008,0.0003]
	たい:[0.0013,0.0013,0.0010,0.0014]
	書く:[0.0008,0.0018,0.0001,0.0006]
	さりげない:[0.0001,0.0000,0.0001,0.0000]
	割合:[0.0001,0.0000,0.0070,0.0003]
	置く:[0.0007,0.0002,0.0003,0.0005]
	気持ちよい:[0.0000,0.0000,0.0003,0.0000]
	あげる:[0.0005,0.0002,0.0009,0.0005]
	くらい:[0.0003,0.0006,0.0001,0.0011]
	自分:[0.0009,0.0013,0.0008,0.0013]
	出す:[0.0008,0.0007,0.0003,0.0006]
	基本:[0.0004,0.0010,0.0003,0.0001]
	ちょっと:[0.0001,0.0002,0.0003,0.0000]
	ます:[0.0273,0.0231,0.0151,0.0228]
	話す:[0.0002,0.0001,0.0007,0.0006]
	良い:[0.0011,0.0013,0.0006,0.0010]
	られる:[0.0025,0.0027,0.0015,0.0013]
	こと:[0.0094,0.0098,0.0051,0.0087]
	伝える:[0.0005,0.0003,0.0002,0.0001]
	聞く:[0.0001,0.0003,0.0006,0.0012]
	せる:[0.0017,0.0005,0.0006,0.0030]
	上手だ:[0.0002,0.0000,0.0003,0.0001]
	ステップ:[0.0000,0.0000,0.0003,0.0011]
	おく:[0.0010,0.0014,0.0012,0.0010]
	思う:[0.0021,0.0011,0.0005,0.0027]
	しっかり:[0.0003,0.0001,0.0001,0.0017]
	最高だ:[0.0001,0.0000,0.0001,0.0000]
	内容:[0.0008,0.0013,0.0001,0.0006]
True-Positive

Section:11
	Ｆｌａｇ：：００００
	理由３：怒られても、けなされても成長できるひとは、あなたのことを必要としていない。
	出来ないから罵倒する、失敗したから責め立てる。
	仕事などでしかたの無い時もありますが、それは本当にそのひとの事を考えて行こなっている事でしょうか？あなた自身の保身の為だったり、ストレス発散、誰かを踏みつけること、ひとを上から見下ろす事の優越感に浸っているだけ、、、ということはありませんか？
	怒られている人、虐げられているひとは、口にはださなくても、相手が本当はどんな気持ちで、そんな行為行動を行っているのか、案外気がついているもの。
	つまらない優越感の為にひとを誹謗中傷したり、踏みにじるのは、悲しいだけですから、もう終わりにしましょう。
	罵倒されて、成長するひと、踏みにじられて成長するひとは、あなたに言われなくてもひとりで成長できます。
	だって、それに負けないエネルギーを持っているのですから。
	そしてその人が成長した時には、あなたはもう必要ないと思われるでしょう、もしあなただけが「２人は良い関係だ」と勘違いしていたら、そのひとは確実にあなたのもとを去っていきます。
	では、ほめて相手が成長した場合はどうかというと、仕事・恋愛・プライベートでも、きっと良い関係になっているはず、成長したからあなたは必要なくなる？そんな訳ありませんよね。
	ほら、ほめ上手になると、生活が凄く充実していくのがわかりますよね。
	では、次はどうすれば相手の良いところを見つけて、ほめ上手になり、人間関係を劇的に改善できるかについて話を進めます。
Score:0.00102055086439
EACH_TAG_SCORE:
	image:0.000285945042393
	table:0.000333495798267
	graph:0.000156419306496
	flow:0.000244690717236
PARA:
Clueword:
	だろう:[0.0005,0.0010,0.0003,0.0000]
	つまらない:[0.0001,0.0000,0.0000,0.0000]
	失敗:[0.0002,0.0001,0.0000,0.0004]
	って:[0.0004,0.0005,0.0003,0.0000]
	充実:[0.0000,0.0002,0.0000,0.0000]
	終わる:[0.0003,0.0002,0.0001,0.0004]
	では:[0.0002,0.0002,0.0000,0.0001]
	できる:[0.0045,0.0045,0.0015,0.0023]
	本当だ:[0.0000,0.0001,0.0000,0.0000]
	きっと:[0.0000,0.0000,0.0000,0.0000]
	れる:[0.0087,0.0089,0.0045,0.0070]
	ほめる:[0.0004,0.0000,0.0001,0.0001]
	ストレス:[0.0000,0.0001,0.0000,0.0000]
	行動:[0.0000,0.0001,0.0000,0.0000]
	人間:[0.0002,0.0001,0.0000,0.0001]
	怒る:[0.0000,0.0000,0.0000,0.0000]
	する:[0.0384,0.0382,0.0182,0.0461]
	いる:[0.0131,0.0126,0.0100,0.0081]
	必要だ:[0.0014,0.0024,0.0006,0.0019]
	なる:[0.0091,0.0108,0.0069,0.0074]
	劇的だ:[0.0000,0.0001,0.0000,0.0001]
	どんな:[0.0003,0.0006,0.0001,0.0000]
	こと:[0.0094,0.0098,0.0051,0.0087]
	ところ:[0.0004,0.0010,0.0007,0.0004]
	行為:[0.0001,0.0000,0.0000,0.0000]
	進める:[0.0000,0.0001,0.0001,0.0000]
	無い:[0.0001,0.0002,0.0000,0.0001]
	もの:[0.0031,0.0027,0.0008,0.0016]
	もと:[0.0000,0.0000,0.0001,0.0000]
	だけ:[0.0013,0.0014,0.0007,0.0014]
	出来る:[0.0004,0.0004,0.0001,0.0002]
	つける:[0.0008,0.0004,0.0000,0.0020]
	かた:[0.0001,0.0001,0.0000,0.0000]
	いく:[0.0015,0.0011,0.0005,0.0023]
	場合:[0.0045,0.0357,0.0045,0.0023]
	つく:[0.0016,0.0013,0.0004,0.0009]
	いう:[0.0048,0.0059,0.0042,0.0034]
	相手:[0.0006,0.0001,0.0008,0.0003]
	もう:[0.0002,0.0002,0.0002,0.0006]
	発散:[0.0000,0.0000,0.0000,0.0000]
	勘違い:[0.0000,0.0000,0.0000,0.0002]
	けなす:[0.0000,0.0000,0.0000,0.0000]
	気持ち:[0.0001,0.0001,0.0000,0.0005]
	自身:[0.0001,0.0002,0.0000,0.0000]
	言う:[0.0013,0.0010,0.0004,0.0005]
	エネルギー:[0.0001,0.0001,0.0001,0.0000]
	立てる:[0.0001,0.0001,0.0005,0.0003]
	成長:[0.0001,0.0001,0.0002,0.0005]
	理由:[0.0003,0.0005,0.0006,0.0001]
	見つける:[0.0000,0.0001,0.0000,0.0001]
	生活:[0.0004,0.0003,0.0001,0.0000]
	関係:[0.0040,0.0031,0.0010,0.0003]
	のだ:[0.0069,0.0071,0.0039,0.0054]
	行く:[0.0004,0.0006,0.0002,0.0002]
	から:[0.0059,0.0058,0.0033,0.0058]
	確実だ:[0.0001,0.0000,0.0000,0.0001]
	仕事:[0.0003,0.0003,0.0003,0.0005]
	ひと:[0.0008,0.0003,0.0004,0.0013]
	良い:[0.0011,0.0013,0.0006,0.0010]
	ます:[0.0273,0.0231,0.0151,0.0228]
	考える:[0.0013,0.0013,0.0007,0.0004]
	案外:[0.0000,0.0000,0.0000,0.0001]
	られる:[0.0025,0.0027,0.0015,0.0013]
	ある:[0.0105,0.0114,0.0037,0.0052]
	去る:[0.0000,0.0000,0.0000,0.0001]
	思う:[0.0021,0.0011,0.0005,0.0027]
	など:[0.0053,0.0054,0.0019,0.0021]
	あなた:[0.0007,0.0001,0.0000,0.0001]
	上手だ:[0.0002,0.0000,0.0003,0.0001]
	持つ:[0.0008,0.0008,0.0001,0.0014]
	だす:[0.0000,0.0001,0.0000,0.0000]
	そして:[0.0004,0.0004,0.0001,0.0025]
	だって:[0.0001,0.0003,0.0000,0.0000]
	改善:[0.0001,0.0003,0.0000,0.0001]
	もし:[0.0000,0.0002,0.0006,0.0001]
	ない:[0.0085,0.0106,0.0062,0.0077]
	わかる:[0.0009,0.0006,0.0002,0.0004]
	はず:[0.0001,0.0001,0.0001,0.0001]
False-Positive

Section:8
	Ｆｌａｇ：：１０００
	ほめ上手は人生が充実している
	こんなにうまくいく３つの理由
	理由１：ほめるのが上手なひとは、間違いなく異性にモテる
	女性にモテる男性は女性への気遣いがもの凄くじょうずです。
	・さりげなく、アクセサリーや洋服をほめてあげたり、
	・髪型やお化粧の小さな変化に気がついてあげる。
	・お店では、ごく自然にレディーファーストで上着やコートをかけてあげる。
	そういったことをモテる男性は、いつも当たり前にやっています。
	なので相手の女性からしたら、「この人は、わたしを大切にしてくれる」「このひとと一緒にいると心地よい」と感じる
	見た目がカッコいいとか、あのひと面白い、なんて言うのとは全く別の次元で、
	ほめ上手な男性はごく自然に女性の心をつかむことができるんです。
	男性にモテる女性にも同じです。
	・男が見栄を張りたい時に、一歩引いて背中を押して応援してくれる、
	・つまらない仕事や過去の自慢をニコニコ笑顔で聞いて、
	「すごいね」とほめてくれる。
	・ちいさな変化を見逃さずに、フォローしてくれる気遣いがある
	こんなふうにされたら、おとこなら誰だって気分が良くなっちゃいますよね。
	男性と同じでほめ上手な女性は、見た目が可愛い、キレイ、スタイルがうんぬん、なんて言うのは置いておいて
Score:0.0010195876332
EACH_TAG_SCORE:
	image:0.000304597271179
	table:0.000286040244766
	graph:0.000166062579992
	flow:0.00026288753726
PARA:
Clueword:
	ニコニコ:[0.0000,0.0000,0.0000,0.0000]
	つまらない:[0.0001,0.0000,0.0000,0.0000]
	やる:[0.0003,0.0004,0.0001,0.0011]
	感じる:[0.0010,0.0009,0.0003,0.0004]
	聞く:[0.0001,0.0003,0.0006,0.0012]
	れる:[0.0087,0.0089,0.0045,0.0070]
	充実:[0.0000,0.0002,0.0000,0.0000]
	押す:[0.0004,0.0002,0.0000,0.0002]
	なので:[0.0001,0.0002,0.0000,0.0000]
	同じだ:[0.0010,0.0013,0.0009,0.0005]
	ほめる:[0.0004,0.0000,0.0001,0.0001]
	うんぬん:[0.0000,0.0000,0.0000,0.0000]
	応援:[0.0000,0.0000,0.0000,0.0000]
	可愛い:[0.0000,0.0000,0.0000,0.0000]
	できる:[0.0045,0.0045,0.0015,0.0023]
	モテる:[0.0001,0.0000,0.0000,0.0000]
	心地よい:[0.0000,0.0000,0.0000,0.0000]
	引く:[0.0001,0.0000,0.0003,0.0000]
	レディーファースト:[0.0000,0.0000,0.0000,0.0000]
	女性:[0.0006,0.0006,0.0009,0.0002]
	フォロー:[0.0000,0.0000,0.0000,0.0000]
	なる:[0.0091,0.0108,0.0069,0.0074]
	あげる:[0.0005,0.0002,0.0009,0.0005]
	背中:[0.0001,0.0000,0.0000,0.0010]
	なら:[0.0012,0.0020,0.0013,0.0003]
	間違う:[0.0001,0.0000,0.0000,0.0009]
	する:[0.0384,0.0382,0.0182,0.0461]
	言う:[0.0013,0.0010,0.0004,0.0005]
	いる:[0.0131,0.0126,0.0100,0.0081]
	仕事:[0.0003,0.0003,0.0003,0.0005]
	カッコいい:[0.0001,0.0000,0.0000,0.0000]
	見た目:[0.0042,0.0001,0.0001,0.0001]
	コート:[0.0005,0.0000,0.0000,0.0000]
	だって:[0.0001,0.0003,0.0000,0.0000]
	自慢:[0.0000,0.0000,0.0000,0.0000]
	ひる:[0.0001,0.0001,0.0000,0.0000]
	つく:[0.0016,0.0013,0.0004,0.0009]
	次元:[0.0001,0.0001,0.0000,0.0000]
	化粧:[0.0001,0.0000,0.0000,0.0001]
	スタイル:[0.0006,0.0003,0.0001,0.0010]
	洋服:[0.0001,0.0000,0.0000,0.0000]
	おとこ:[0.0000,0.0000,0.0000,0.0000]
	おく:[0.0010,0.0014,0.0012,0.0010]
	じょうずだ:[0.0000,0.0000,0.0000,0.0000]
	異性:[0.0000,0.0000,0.0000,0.0000]
	つかむ:[0.0000,0.0000,0.0000,0.0000]
	気遣う:[0.0001,0.0000,0.0000,0.0000]
	いつも:[0.0002,0.0000,0.0000,0.0005]
	自然だ:[0.0004,0.0002,0.0001,0.0003]
	見逃す:[0.0000,0.0000,0.0000,0.0000]
	いく:[0.0015,0.0011,0.0005,0.0023]
	置く:[0.0007,0.0002,0.0003,0.0005]
	当たり前だ:[0.0000,0.0000,0.0000,0.0000]
	キレイだ:[0.0003,0.0000,0.0000,0.0000]
	全く:[0.0001,0.0000,0.0000,0.0000]
	一緒だ:[0.0001,0.0001,0.0003,0.0000]
	んだ:[0.0006,0.0003,0.0003,0.0002]
	相手:[0.0006,0.0001,0.0008,0.0003]
	なんて:[0.0002,0.0003,0.0003,0.0000]
	たい:[0.0013,0.0013,0.0010,0.0014]
	笑顔:[0.0001,0.0000,0.0000,0.0000]
	さりげない:[0.0001,0.0000,0.0001,0.0000]
	から:[0.0059,0.0058,0.0033,0.0058]
	くれる:[0.0006,0.0004,0.0000,0.0000]
	別だ:[0.0002,0.0003,0.0000,0.0000]
	ます:[0.0273,0.0231,0.0151,0.0228]
	ごく:[0.0001,0.0000,0.0000,0.0000]
	面白い:[0.0001,0.0001,0.0000,0.0000]
	人生:[0.0000,0.0000,0.0000,0.0000]
	もの凄い:[0.0000,0.0000,0.0000,0.0000]
	髪型:[0.0013,0.0000,0.0004,0.0008]
	ひと:[0.0008,0.0003,0.0004,0.0013]
	男性:[0.0003,0.0007,0.0004,0.0000]
	小さな:[0.0007,0.0002,0.0000,0.0001]
	わたし:[0.0000,0.0000,0.0000,0.0000]
	うまい:[0.0001,0.0002,0.0000,0.0000]
	アクセサリー:[0.0001,0.0000,0.0000,0.0000]
	理由:[0.0003,0.0005,0.0006,0.0001]
	良い:[0.0011,0.0013,0.0006,0.0010]
	ちいさな:[0.0000,0.0000,0.0000,0.0000]
	変化:[0.0005,0.0003,0.0000,0.0003]
	過去:[0.0001,0.0002,0.0009,0.0018]
	張る:[0.0001,0.0000,0.0001,0.0000]
	かける:[0.0008,0.0005,0.0003,0.0007]
	すごい:[0.0001,0.0001,0.0000,0.0000]
	ある:[0.0105,0.0114,0.0037,0.0052]
	上着:[0.0000,0.0000,0.0000,0.0000]
	上手だ:[0.0002,0.0000,0.0003,0.0001]
	見栄:[0.0000,0.0000,0.0000,0.0000]
	こと:[0.0094,0.0098,0.0051,0.0087]
	気分:[0.0001,0.0001,0.0002,0.0000]
	大切だ:[0.0003,0.0002,0.0001,0.0002]
	ない:[0.0085,0.0106,0.0062,0.0077]
True-Positive

True-Negative:0
False-Positive:7
True-Positive:7
False-Negative:0
precision = 0.500000
recall = 1.000000
fvalue = 0.666667