Section:3
	Ｆｌａｇ：：００１０
	疫病の発生時期は？
	疫病（トマトの症状）
	疫病の発生条件と発生しやすい期間発生時期は５月～７月頃
	梅雨時期で低温多湿の状態が続くと疫病は多発します。
	肥料の窒素分が多い時も発生しやすく水はけの悪い土壌では疫病が多発します。
Score:0.00238575577271
EACH_TAG_SCORE:
	image:0.000626343449813
	table:0.00068259205714
	graph:0.000459004514706
	flow:0.000617815751051
PARA:
Clueword:
	続く:[0.0003,0.0004,0.0013,0.0004]
	疫病:[0.0005,0.0001,0.0007,0.0004]
	期間:[0.0002,0.0003,0.0041,0.0005]
	条件:[0.0007,0.0064,0.0001,0.0006]
	症状:[0.0018,0.0045,0.0008,0.0003]
	梅雨:[0.0000,0.0000,0.0001,0.0000]
	多い:[0.0023,0.0031,0.0031,0.0006]
	多湿:[0.0000,0.0000,0.0001,0.0001]
	肥料:[0.0002,0.0000,0.0001,0.0000]
	多発:[0.0000,0.0000,0.0003,0.0000]
	悪い:[0.0002,0.0006,0.0005,0.0001]
	低温:[0.0000,0.0002,0.0001,0.0001]
	する:[0.0384,0.0382,0.0182,0.0461]
	ます:[0.0273,0.0231,0.0151,0.0228]
	水はけ:[0.0000,0.0000,0.0001,0.0000]
	土壌:[0.0000,0.0000,0.0001,0.0000]
	トマト:[0.0002,0.0000,0.0001,0.0000]
	時期:[0.0003,0.0001,0.0088,0.0000]
	状態:[0.0009,0.0028,0.0006,0.0013]
	発生:[0.0007,0.0006,0.0007,0.0008]
	やすい:[0.0024,0.0029,0.0006,0.0011]
	窒素:[0.0001,0.0000,0.0001,0.0003]
True-Positive

Section:6
	Ｆｌａｇ：：０１００
	疫病が蔓延してしまったら
	疫病は初期の頃は発祥する葉数が少ないので葉を摘葉して対策することが出来ますが、株全体に疫病が広がってしまった時は、薬剤を使わない場合は株ごと除去するしか手立てはありません。
	マンションなどで数株だけ栽培している時は、株ごと抜き取る事が出来ないことが多いので、その時は薬剤を利用することを検討して下さい。
	生育初期や収穫前の薬剤使用であれば、決められた量と決められた回数を守って使用すれば人体への影響は殆どありません。
Score:0.0022337799494
EACH_TAG_SCORE:
	image:0.000610906399851
	table:0.000744944255098
	graph:0.000352832497673
	flow:0.000525096796781
PARA:
Clueword:
	場合:[0.0045,0.0357,0.0045,0.0023]
	疫病:[0.0005,0.0001,0.0007,0.0004]
	多い:[0.0023,0.0031,0.0031,0.0006]
	発祥:[0.0000,0.0000,0.0000,0.0000]
	初期:[0.0000,0.0001,0.0001,0.0010]
	しか:[0.0007,0.0006,0.0011,0.0000]
	蔓延:[0.0000,0.0000,0.0000,0.0000]
	生育:[0.0000,0.0000,0.0000,0.0000]
	利用:[0.0003,0.0010,0.0002,0.0000]
	下さる:[0.0004,0.0003,0.0001,0.0000]
	除去:[0.0000,0.0000,0.0000,0.0000]
	ごと:[0.0004,0.0002,0.0000,0.0001]
	使用:[0.0008,0.0008,0.0000,0.0013]
	ます:[0.0273,0.0231,0.0151,0.0228]
	手立て:[0.0000,0.0000,0.0000,0.0000]
	のだ:[0.0069,0.0071,0.0039,0.0054]
	決める:[0.0001,0.0004,0.0001,0.0004]
	収穫:[0.0000,0.0000,0.0000,0.0001]
	影響:[0.0006,0.0004,0.0007,0.0005]
	対策:[0.0005,0.0005,0.0003,0.0011]
	しまう:[0.0023,0.0018,0.0012,0.0025]
	回数:[0.0000,0.0002,0.0001,0.0001]
	マンション:[0.0000,0.0000,0.0000,0.0000]
	する:[0.0384,0.0382,0.0182,0.0461]
	いる:[0.0131,0.0126,0.0100,0.0081]
	広がる:[0.0001,0.0001,0.0004,0.0000]
	栽培:[0.0001,0.0000,0.0000,0.0000]
	られる:[0.0025,0.0027,0.0015,0.0013]
	少ない:[0.0012,0.0007,0.0015,0.0000]
	こと:[0.0094,0.0098,0.0051,0.0087]
	など:[0.0053,0.0054,0.0019,0.0021]
	殆ど:[0.0000,0.0001,0.0000,0.0000]
	抜き取る:[0.0000,0.0000,0.0000,0.0000]
	ある:[0.0105,0.0114,0.0037,0.0052]
	薬剤:[0.0000,0.0001,0.0000,0.0000]
	守る:[0.0000,0.0001,0.0002,0.0000]
	検討:[0.0000,0.0001,0.0001,0.0000]
	出来る:[0.0004,0.0004,0.0001,0.0002]
	だけ:[0.0013,0.0014,0.0007,0.0014]
	全体:[0.0009,0.0003,0.0004,0.0013]
	ない:[0.0085,0.0106,0.0062,0.0077]
	使う:[0.0025,0.0029,0.0006,0.0010]
	人体:[0.0000,0.0000,0.0001,0.0001]
True-Positive

Section:4
	Ｆｌａｇ：：１００１
	疫病の発生条件（発病条件）と原因は？
	ナスの疫病（褐色腐敗病）
	疫病は収穫を終えた残渣（ざんさ）の中で越冬して、翌年に適度な温度と湿度になると発芽して胞子が生まれます。
	その胞子が灌水時の泥の跳ね返りによって新しく植えた苗の葉に付着して発病してしまうのです。
	疫病は低温多湿の気候が続くと発生しやすくなります。
Score:0.002050499526
EACH_TAG_SCORE:
	image:0.000574354235532
	table:0.000584243104436
	graph:0.000323112693781
	flow:0.000568789492251
PARA:
Clueword:
	残渣:[0.0000,0.0000,0.0000,0.0001]
	収穫:[0.0000,0.0000,0.0000,0.0001]
	疫病:[0.0005,0.0001,0.0007,0.0004]
	跳ね返る:[0.0000,0.0000,0.0000,0.0001]
	よる:[0.0031,0.0025,0.0025,0.0031]
	翌年:[0.0000,0.0000,0.0000,0.0001]
	ざん:[0.0000,0.0000,0.0000,0.0001]
	条件:[0.0007,0.0064,0.0001,0.0006]
	湿度:[0.0001,0.0000,0.0008,0.0001]
	温度:[0.0001,0.0000,0.0000,0.0001]
	ます:[0.0273,0.0231,0.0151,0.0228]
	終える:[0.0001,0.0000,0.0000,0.0001]
	腐敗:[0.0001,0.0000,0.0000,0.0001]
	のだ:[0.0069,0.0071,0.0039,0.0054]
	発病:[0.0001,0.0000,0.0001,0.0002]
	越冬:[0.0000,0.0000,0.0000,0.0001]
	多湿:[0.0000,0.0000,0.0001,0.0001]
	適度だ:[0.0001,0.0001,0.0000,0.0001]
	気候:[0.0001,0.0000,0.0000,0.0002]
	なる:[0.0091,0.0108,0.0069,0.0074]
	しまう:[0.0023,0.0018,0.0012,0.0025]
	褐色:[0.0006,0.0000,0.0000,0.0001]
	低温:[0.0000,0.0002,0.0001,0.0001]
	する:[0.0384,0.0382,0.0182,0.0461]
	植える:[0.0004,0.0000,0.0000,0.0001]
	胞子:[0.0001,0.0000,0.0000,0.0002]
	付着:[0.0000,0.0000,0.0000,0.0001]
	発芽:[0.0000,0.0000,0.0000,0.0001]
	新しい:[0.0002,0.0002,0.0001,0.0004]
	やすい:[0.0024,0.0029,0.0006,0.0011]
	生まれる:[0.0000,0.0004,0.0000,0.0001]
	ナス:[0.0001,0.0000,0.0000,0.0001]
	続く:[0.0003,0.0004,0.0013,0.0004]
	灌水:[0.0000,0.0000,0.0000,0.0001]
	発生:[0.0007,0.0006,0.0007,0.0008]
	原因:[0.0009,0.0014,0.0008,0.0005]
True-Positive

Section:1
	Ｆｌａｇ：：１０００
	疫病の症状の特徴と見分け方
	疫病の症状と見分け方疫病はどの野菜にも発生する「カビ」による病気で、初期は下葉に水が染みたような病斑が発生し徐々に茎や果実に暗褐色の大きな病斑が発生するようになります。
	疫病が進行すると病斑にうっすらとした白色のカビが生えます。
	特にトマトに良く発生する病気で被害が大きくなります。
	ナスに発生する褐色腐敗病はピーマンやカボチャと同じ疫病菌によるものでナスの果実に発病するとやや凹みがある褐色の病斑となります。
Score:0.0016819589703
EACH_TAG_SCORE:
	image:0.000484102820267
	table:0.000499095008908
	graph:0.000265847300431
	flow:0.00043291384069
PARA:
Clueword:
	大きな:[0.0016,0.0005,0.0005,0.0003]
	特に:[0.0003,0.0004,0.0003,0.0002]
	疫病:[0.0005,0.0001,0.0007,0.0004]
	同じだ:[0.0010,0.0013,0.0009,0.0005]
	カビ:[0.0001,0.0000,0.0000,0.0000]
	よる:[0.0031,0.0025,0.0025,0.0031]
	やや:[0.0002,0.0003,0.0003,0.0002]
	病気:[0.0001,0.0004,0.0003,0.0000]
	特徴:[0.0020,0.0101,0.0002,0.0000]
	症状:[0.0018,0.0045,0.0008,0.0003]
	腐敗:[0.0001,0.0000,0.0000,0.0001]
	発病:[0.0001,0.0000,0.0001,0.0002]
	白色:[0.0011,0.0000,0.0001,0.0000]
	大きい:[0.0018,0.0011,0.0029,0.0014]
	野菜:[0.0004,0.0002,0.0004,0.0000]
	徐々に:[0.0000,0.0007,0.0025,0.0000]
	初期:[0.0000,0.0001,0.0001,0.0010]
	褐色:[0.0006,0.0000,0.0000,0.0001]
	生える:[0.0003,0.0000,0.0000,0.0000]
	する:[0.0384,0.0382,0.0182,0.0461]
	良い:[0.0011,0.0013,0.0006,0.0010]
	ます:[0.0273,0.0231,0.0151,0.0228]
	果実:[0.0001,0.0000,0.0000,0.0000]
	なる:[0.0091,0.0108,0.0069,0.0074]
	進行:[0.0001,0.0000,0.0000,0.0000]
	トマト:[0.0002,0.0000,0.0001,0.0000]
	染みる:[0.0000,0.0000,0.0000,0.0000]
	ある:[0.0105,0.0114,0.0037,0.0052]
	うっすら:[0.0001,0.0000,0.0000,0.0000]
	ナス:[0.0001,0.0000,0.0000,0.0001]
	見分ける:[0.0001,0.0000,0.0000,0.0000]
	カボチャ:[0.0001,0.0000,0.0000,0.0000]
	ピーマン:[0.0001,0.0000,0.0000,0.0000]
	被害:[0.0000,0.0000,0.0005,0.0000]
	発生:[0.0007,0.0006,0.0007,0.0008]
	凹む:[0.0000,0.0000,0.0000,0.0000]
	ようだ:[0.0046,0.0040,0.0016,0.0063]
	もの:[0.0031,0.0027,0.0008,0.0016]
True-Positive

Section:2
	Ｆｌａｇ：：１０００
	疫病が発生しやすい野菜は
	トマト・ミニトマト・ズッキーニ・カボチャ・キュウリ・スイカ・ピーマン・シシトウ・トウガラシ・パセリ・ジャガイモなど、その他にも多くの科目の野菜が発病します。
	疫病を放っておくとどうなるの？
	疫病（キュウリの症状）
	ウリ科の疫病の症状（画像）疫病を治療せずに放っておくと、黒褐色の病斑が葉から茎、果実へと広がり、病斑後に白色のカビがうっすらと生えてきます。
	そのまま放置して病状が悪化すると酷い時には苗全体が枯死してしまいます。
Score:0.00149944172412
EACH_TAG_SCORE:
	image:0.000448844662804
	table:0.000407880224803
	graph:0.000249142539835
	flow:0.000393574296674
PARA:
Clueword:
	スイカ:[0.0000,0.0000,0.0000,0.0000]
	疫病:[0.0005,0.0001,0.0007,0.0004]
	広がる:[0.0001,0.0001,0.0004,0.0000]
	多く:[0.0006,0.0005,0.0054,0.0001]
	ミニ:[0.0000,0.0000,0.0000,0.0000]
	ジャガイモ:[0.0000,0.0000,0.0000,0.0000]
	シシトウ:[0.0000,0.0000,0.0000,0.0000]
	ウリ:[0.0000,0.0000,0.0000,0.0000]
	そのまま:[0.0002,0.0000,0.0001,0.0010]
	ます:[0.0273,0.0231,0.0151,0.0228]
	くる:[0.0017,0.0012,0.0011,0.0007]
	発病:[0.0001,0.0000,0.0001,0.0002]
	から:[0.0059,0.0058,0.0033,0.0058]
	白色:[0.0011,0.0000,0.0001,0.0000]
	放っておく:[0.0001,0.0000,0.0000,0.0000]
	キュウリ:[0.0001,0.0000,0.0000,0.0000]
	治療:[0.0001,0.0003,0.0000,0.0000]
	トウガラシ:[0.0000,0.0000,0.0000,0.0000]
	野菜:[0.0004,0.0002,0.0004,0.0000]
	なる:[0.0091,0.0108,0.0069,0.0074]
	枯死:[0.0000,0.0000,0.0000,0.0000]
	病状:[0.0000,0.0000,0.0000,0.0000]
	画像:[0.0042,0.0001,0.0000,0.0004]
	その他:[0.0004,0.0003,0.0000,0.0000]
	褐色:[0.0006,0.0000,0.0000,0.0001]
	する:[0.0384,0.0382,0.0182,0.0461]
	症状:[0.0018,0.0045,0.0008,0.0003]
	ズッキーニ:[0.0000,0.0000,0.0000,0.0000]
	果実:[0.0001,0.0000,0.0000,0.0000]
	生える:[0.0003,0.0000,0.0000,0.0000]
	黒:[0.0007,0.0000,0.0000,0.0000]
	など:[0.0053,0.0054,0.0019,0.0021]
	放置:[0.0001,0.0001,0.0000,0.0000]
	トマト:[0.0002,0.0000,0.0001,0.0000]
	うっすら:[0.0001,0.0000,0.0000,0.0000]
	科目:[0.0000,0.0003,0.0000,0.0000]
	カビ:[0.0001,0.0000,0.0000,0.0000]
	酷い:[0.0000,0.0000,0.0000,0.0000]
	カボチャ:[0.0001,0.0000,0.0000,0.0000]
	しまう:[0.0023,0.0018,0.0012,0.0025]
	ピーマン:[0.0001,0.0000,0.0000,0.0000]
	パセリ:[0.0000,0.0000,0.0000,0.0000]
	発生:[0.0007,0.0006,0.0007,0.0008]
	全体:[0.0009,0.0003,0.0004,0.0013]
	やすい:[0.0024,0.0029,0.0006,0.0011]
	悪化:[0.0001,0.0000,0.0014,0.0003]
True-Positive

Section:5
	Ｆｌａｇ：：００００
	疫病はどの野菜にも発生しますが、実は野菜の科目によって菌の種類が異なっています。
	適切な薬剤を選ぶようにしましょう。
	疫病を防ぐ予防と対策は？
	疫病にかかった抜いた苗は必ず畑の外で処分しましょう。
	畑やプランターの水はけを良くすることが疫病を予防できます。
	過剰な元肥や追肥は避け過繁茂にならないようにしましょう。
	ポリマルチなどで灌水時の泥はねを防止しましょう。
	接ぎ木苗など疫病に抵抗性のある苗を利用することで発病をある程度は防ぶことが出来ます。
	連作や輪作は避けるようにすることで疫病を予防できます。
	収穫後の土中の株は疫病菌の越冬場所となるので必ず除去しましょう。
	疫病を農薬を使わずに治療するには？
	薬剤を使わずに疫病を治療するのは難しいのですが、疫病が発生した株は発症部分を切り取り畑の外に持ち出して処分しましょう。
	その後、発生を抑制する為に土壌と畑の状態を見直し再発を防ぎます。
	疫病が茎に発病した場合は、株ごと処分するか薬剤治療をするしか手立てはありません。
	薬剤を使用したくない方は、疫病になる前に予防と対策をしっかりと行っておくことが大切です。
Score:0.00130647460011
EACH_TAG_SCORE:
	image:0.000347141798684
	table:0.000446531980351
	graph:0.000191941950398
	flow:0.00032085887068
PARA:
Clueword:
	種類:[0.0024,0.0168,0.0004,0.0001]
	しか:[0.0007,0.0006,0.0011,0.0000]
	追肥:[0.0000,0.0000,0.0000,0.0000]
	よる:[0.0031,0.0025,0.0025,0.0031]
	土壌:[0.0000,0.0000,0.0001,0.0000]
	ごと:[0.0004,0.0002,0.0000,0.0001]
	選ぶ:[0.0007,0.0012,0.0000,0.0000]
	できる:[0.0045,0.0045,0.0015,0.0023]
	発病:[0.0001,0.0000,0.0001,0.0002]
	収穫:[0.0000,0.0000,0.0000,0.0001]
	対策:[0.0005,0.0005,0.0003,0.0011]
	治療:[0.0001,0.0003,0.0000,0.0000]
	野菜:[0.0004,0.0002,0.0004,0.0000]
	処分:[0.0000,0.0000,0.0000,0.0000]
	なる:[0.0091,0.0108,0.0069,0.0074]
	農薬:[0.0000,0.0000,0.0000,0.0001]
	する:[0.0384,0.0382,0.0182,0.0461]
	防ぐ:[0.0002,0.0001,0.0001,0.0003]
	いる:[0.0131,0.0126,0.0100,0.0081]
	抑制:[0.0001,0.0000,0.0001,0.0000]
	抵抗:[0.0000,0.0000,0.0000,0.0000]
	避ける:[0.0001,0.0001,0.0003,0.0002]
	こと:[0.0094,0.0098,0.0051,0.0087]
	必ず:[0.0003,0.0002,0.0002,0.0004]
	手立て:[0.0000,0.0000,0.0000,0.0000]
	しっかり:[0.0003,0.0001,0.0001,0.0017]
	薬剤:[0.0000,0.0001,0.0000,0.0000]
	利用:[0.0003,0.0010,0.0002,0.0000]
	実は:[0.0002,0.0001,0.0000,0.0000]
	おく:[0.0010,0.0014,0.0012,0.0010]
	防止:[0.0001,0.0001,0.0001,0.0001]
	出来る:[0.0004,0.0004,0.0001,0.0002]
	ようだ:[0.0046,0.0040,0.0016,0.0063]
	疫病:[0.0005,0.0001,0.0007,0.0004]
	持ち出す:[0.0000,0.0000,0.0000,0.0000]
	適切だ:[0.0001,0.0000,0.0001,0.0001]
	除去:[0.0000,0.0000,0.0000,0.0000]
	発症:[0.0001,0.0000,0.0000,0.0005]
	抜く:[0.0001,0.0001,0.0000,0.0002]
	ます:[0.0273,0.0231,0.0151,0.0228]
	たい:[0.0013,0.0013,0.0010,0.0014]
	取る:[0.0006,0.0009,0.0003,0.0001]
	異なる:[0.0007,0.0019,0.0001,0.0002]
	予防:[0.0001,0.0003,0.0003,0.0000]
	行く:[0.0004,0.0006,0.0002,0.0002]
	過剰だ:[0.0001,0.0001,0.0000,0.0000]
	越冬:[0.0000,0.0000,0.0000,0.0001]
	場合:[0.0045,0.0357,0.0045,0.0023]
	部分:[0.0038,0.0021,0.0001,0.0011]
	良い:[0.0011,0.0013,0.0006,0.0010]
	程度:[0.0010,0.0014,0.0019,0.0008]
	水はけ:[0.0000,0.0000,0.0001,0.0000]
	ある:[0.0105,0.0114,0.0037,0.0052]
	灌水:[0.0000,0.0000,0.0000,0.0001]
	など:[0.0053,0.0054,0.0019,0.0021]
	かかる:[0.0002,0.0011,0.0002,0.0002]
	切る:[0.0003,0.0002,0.0002,0.0001]
	場所:[0.0004,0.0005,0.0000,0.0000]
	科目:[0.0000,0.0003,0.0000,0.0000]
	その後:[0.0002,0.0002,0.0001,0.0134]
	状態:[0.0009,0.0028,0.0006,0.0013]
	使用:[0.0008,0.0008,0.0000,0.0013]
	のだ:[0.0069,0.0071,0.0039,0.0054]
	発生:[0.0007,0.0006,0.0007,0.0008]
	大切だ:[0.0003,0.0002,0.0001,0.0002]
	ない:[0.0085,0.0106,0.0062,0.0077]
	使う:[0.0025,0.0029,0.0006,0.0010]
	難しい:[0.0005,0.0003,0.0002,0.0001]
False-Positive

True-Negative:0
False-Positive:1
True-Positive:5
False-Negative:0
precision = 0.833333
recall = 1.000000
fvalue = 0.909091