Section:1
	Ｆｌａｇ：：００００
	外国で言語を教えたり、営業で飛び回ったりなど、仕事のなかには、旅の要素がもとから組み込まれているものもあります。
	逆に、趣味の旅行をしながら、いくばくかのお金を稼ぐ方法もあります。
	大金とはいきませんが、ちょっと贅沢な夕食代や博物館の入場料を稼ぐことぐらいなら十分に可能です。
	【旅行しながら、いくばくかのお金を稼ぐ方法】
	写真を売る
Score:0.00265250997256
EACH_TAG_SCORE:
	image:0.000771365464997
	table:0.000758763383623
	graph:0.0003941834904
	flow:0.000728197633544
PARA:
Clueword:
	いく:[0.0015,0.0011,0.0005,0.0023]
	旅行:[0.0000,0.0009,0.0007,0.0000]
	ぐらい:[0.0002,0.0001,0.0002,0.0004]
	大金:[0.0000,0.0001,0.0000,0.0000]
	写真:[0.0047,0.0009,0.0000,0.0003]
	言語:[0.0000,0.0026,0.0000,0.0000]
	込む:[0.0010,0.0006,0.0004,0.0006]
	ます:[0.0273,0.0231,0.0151,0.0228]
	から:[0.0059,0.0058,0.0033,0.0058]
	十分だ:[0.0002,0.0002,0.0001,0.0003]
	れる:[0.0087,0.0089,0.0045,0.0070]
	可能だ:[0.0006,0.0009,0.0009,0.0008]
	なら:[0.0012,0.0020,0.0013,0.0003]
	仕事:[0.0003,0.0003,0.0003,0.0005]
	売る:[0.0004,0.0001,0.0007,0.0010]
	方法:[0.0019,0.0038,0.0001,0.0127]
	外国:[0.0000,0.0000,0.0001,0.0001]
	はく:[0.0001,0.0000,0.0000,0.0000]
	教える:[0.0002,0.0002,0.0001,0.0001]
	する:[0.0384,0.0382,0.0182,0.0461]
	いる:[0.0131,0.0126,0.0100,0.0081]
	営業:[0.0000,0.0001,0.0002,0.0000]
	組む:[0.0001,0.0001,0.0000,0.0001]
	こと:[0.0094,0.0098,0.0051,0.0087]
	など:[0.0053,0.0054,0.0019,0.0021]
	ある:[0.0105,0.0114,0.0037,0.0052]
	ながら:[0.0005,0.0001,0.0005,0.0011]
	要素:[0.0004,0.0003,0.0000,0.0000]
	ちょっと:[0.0001,0.0002,0.0003,0.0000]
	稼ぐ:[0.0000,0.0001,0.0000,0.0000]
	もの:[0.0031,0.0027,0.0008,0.0016]
	もと:[0.0000,0.0000,0.0001,0.0000]
	逆だ:[0.0003,0.0006,0.0003,0.0001]
	なか:[0.0002,0.0001,0.0000,0.0002]
False-Positive

Section:2
	Ｆｌａｇ：：０１００
	旅行に行けば写真をたくさん撮ることになりますが、そうした旅行写真をお金に変える方法があります。
	ｉＳｔｏｃｋ、Ａｌａｍｙ、Ｓｈｕｔｔｅｒｓｔｏｃｋ、ＧｅｔｔｙＩｍａｇｅｓなどのサイトを利用すれば、撮りためた写真を簡単に販売することが可能です。
	サイトに写真をアップロードしておくだけで、あなたの写真を気に入った企業や個人から、写真を買いたいと連絡がやってきます。
	スマートフォンから写真を直接アップロードできるＦｏａｐというアプリもあります（ｉＯＳとＡｎｄｒｏｉｄでは無料）。
	このアプリの特徴は、企業側が特定の国や都市、地域を撮影課題として投稿しているところです。
	自分が今いる場所や地域にまつわる課題を探し、写真を撮って応募します。
	買い手がつくかはわかりませんが、使ってみるだけでも面白いアプリです。
	ＧｏＰｒｏを持っていれば、ＧｏＰｒｏが主催する「風変わりな交通手段」や「旅先のストーリー」といった旅行向きのコンテストに参加するのもあり。
	毎日、優秀作品が選ばれ、写真なら５００ドル、撮りっぱなしの動画なら１０００ドル、編集した動画なら５０００ドルの賞金がもらえます。
	入賞するのは大変ですが、写真を撮る楽しみが増え、写真の腕も自ずと上達するはずです。
	荷物を運ぶ
	車の旅なら、道すがらに荷物（ペットも！）を運んでお金を稼ぐこともできます。
	Ｒｏａｄｉｅは、特定の場所へ荷物を運んで欲しい人とドライバーをつなげるサービスです。
	長距離になれば報酬が１００ドルを超えるケースも。
	ＣｉｔｉｚｅｎＳｈｉｐｐｅｒはペットに特化した同様のサービスです。
	こちらはドライバー側が入札する仕組みです。
	たとえば、こちらの案件は、顧客が「とても人なつっこい犬」をロサンゼルスからジョージアに運んで欲しいと言っています。
	この依頼に３人のドライバーが４００ドルで入札しています。
	どちらのサービスも運転免許証や自動車保険の確認が求められます。
	国をまたいだ旅行ならＷｏｒｌｄＣｒａｚｅを試してみるのもあり。
	これは、旅行者が自国で預かった荷物を目的地の国にいる人に届けるのを仲介するサービスです。
	目的地の都市と旅行日を入力すれば、該当する案件情報が表示されます。
	依頼主との間で交渉がまとまると、ＷｏｒｌｄＣｒａｚｅが１０％の仲介手数料をとります。
Score:0.000691056781823
EACH_TAG_SCORE:
	image:0.00019062406244
	table:0.000211222752036
	graph:0.000126345981837
	flow:0.00016286398551
PARA:
Clueword:
	表示:[0.0047,0.0002,0.0002,0.0004]
	撮る:[0.0002,0.0003,0.0000,0.0000]
	動画:[0.0000,0.0002,0.0000,0.0000]
	利用:[0.0003,0.0010,0.0002,0.0000]
	おく:[0.0010,0.0014,0.0012,0.0010]
	面白い:[0.0001,0.0001,0.0000,0.0000]
	できる:[0.0045,0.0045,0.0015,0.0023]
	買う:[0.0001,0.0002,0.0004,0.0007]
	はずだ:[0.0003,0.0003,0.0001,0.0000]
	案件:[0.0000,0.0002,0.0001,0.0001]
	れる:[0.0087,0.0089,0.0045,0.0070]
	保険:[0.0000,0.0005,0.0003,0.0003]
	みる:[0.0014,0.0012,0.0011,0.0005]
	なら:[0.0012,0.0020,0.0013,0.0003]
	なる:[0.0091,0.0108,0.0069,0.0074]
	方法:[0.0019,0.0038,0.0001,0.0127]
	探す:[0.0001,0.0003,0.0000,0.0001]
	旅行:[0.0000,0.0009,0.0007,0.0000]
	投稿:[0.0001,0.0001,0.0000,0.0000]
	ジョージア:[0.0000,0.0001,0.0000,0.0000]
	自動車:[0.0000,0.0001,0.0000,0.0001]
	応募:[0.0000,0.0001,0.0000,0.0000]
	地域:[0.0004,0.0008,0.0007,0.0000]
	毎日:[0.0001,0.0001,0.0000,0.0001]
	簡単だ:[0.0003,0.0004,0.0001,0.0006]
	手数:[0.0002,0.0002,0.0000,0.0003]
	大変だ:[0.0000,0.0001,0.0000,0.0000]
	やってくる:[0.0000,0.0001,0.0000,0.0000]
	超える:[0.0001,0.0001,0.0000,0.0002]
	つく:[0.0016,0.0013,0.0004,0.0009]
	っぱなす:[0.0000,0.0001,0.0000,0.0000]
	参加:[0.0001,0.0001,0.0000,0.0000]
	撮影:[0.0001,0.0002,0.0000,0.0000]
	なつっこい:[0.0000,0.0001,0.0000,0.0000]
	アプリ:[0.0001,0.0004,0.0000,0.0000]
	依頼:[0.0001,0.0002,0.0000,0.0003]
	％:[0.0000,0.0004,0.0261,0.0000]
	自国:[0.0000,0.0001,0.0000,0.0000]
	つなげる:[0.0000,0.0001,0.0000,0.0000]
	手段:[0.0000,0.0005,0.0000,0.0000]
	求める:[0.0001,0.0001,0.0000,0.0001]
	仲介:[0.0003,0.0003,0.0000,0.0005]
	たい:[0.0013,0.0013,0.0010,0.0014]
	選ぶ:[0.0007,0.0012,0.0000,0.0000]
	企業:[0.0001,0.0005,0.0002,0.0011]
	増える:[0.0000,0.0005,0.0006,0.0004]
	直接だ:[0.0000,0.0002,0.0000,0.0001]
	仕組む:[0.0002,0.0001,0.0000,0.0005]
	可能だ:[0.0006,0.0009,0.0009,0.0008]
	賞金:[0.0000,0.0001,0.0000,0.0000]
	預かる:[0.0000,0.0001,0.0000,0.0000]
	向き:[0.0007,0.0001,0.0000,0.0000]
	報酬:[0.0001,0.0001,0.0000,0.0001]
	入札:[0.0000,0.0001,0.0000,0.0000]
	気に入る:[0.0001,0.0001,0.0000,0.0001]
	入力:[0.0004,0.0003,0.0000,0.0010]
	道すがら:[0.0000,0.0001,0.0000,0.0000]
	ある:[0.0105,0.0114,0.0037,0.0052]
	サービス:[0.0002,0.0016,0.0000,0.0006]
	など:[0.0053,0.0054,0.0019,0.0021]
	個人:[0.0001,0.0004,0.0002,0.0004]
	またぐ:[0.0000,0.0001,0.0000,0.0000]
	交渉:[0.0000,0.0001,0.0000,0.0000]
	編集:[0.0001,0.0001,0.0001,0.0003]
	買い手:[0.0001,0.0002,0.0002,0.0004]
	たとえば:[0.0014,0.0003,0.0001,0.0001]
	ドル:[0.0001,0.0004,0.0000,0.0000]
	交通:[0.0000,0.0001,0.0003,0.0000]
	でも:[0.0018,0.0029,0.0017,0.0004]
	距離:[0.0001,0.0001,0.0000,0.0000]
	わかる:[0.0009,0.0006,0.0002,0.0004]
	アップ:[0.0006,0.0002,0.0024,0.0003]
	あなた:[0.0007,0.0001,0.0000,0.0001]
	とても:[0.0002,0.0002,0.0001,0.0000]
	もらえる:[0.0001,0.0001,0.0000,0.0001]
	確認:[0.0008,0.0005,0.0000,0.0011]
	まつわる:[0.0000,0.0001,0.0000,0.0000]
	入賞:[0.0000,0.0001,0.0000,0.0000]
	自分:[0.0009,0.0013,0.0008,0.0013]
	情報:[0.0001,0.0007,0.0000,0.0002]
	特化:[0.0000,0.0001,0.0001,0.0000]
	する:[0.0384,0.0382,0.0182,0.0461]
	いる:[0.0131,0.0126,0.0100,0.0081]
	自ずと:[0.0000,0.0001,0.0000,0.0000]
	販売:[0.0001,0.0001,0.0001,0.0000]
	こと:[0.0094,0.0098,0.0051,0.0087]
	まとまる:[0.0000,0.0001,0.0000,0.0000]
	優秀だ:[0.0000,0.0001,0.0001,0.0000]
	届ける:[0.0000,0.0001,0.0000,0.0000]
	ペット:[0.0000,0.0001,0.0000,0.0000]
	言う:[0.0013,0.0010,0.0004,0.0005]
	だけ:[0.0013,0.0014,0.0007,0.0014]
	該当:[0.0005,0.0007,0.0000,0.0001]
	いう:[0.0048,0.0059,0.0042,0.0034]
	ところ:[0.0004,0.0010,0.0007,0.0004]
	免許:[0.0001,0.0001,0.0000,0.0001]
	スマートフォン:[0.0000,0.0001,0.0000,0.0000]
	写真:[0.0047,0.0009,0.0000,0.0003]
	同様だ:[0.0003,0.0003,0.0000,0.0003]
	欲しい:[0.0001,0.0002,0.0000,0.0001]
	特徴:[0.0020,0.0101,0.0002,0.0000]
	ます:[0.0273,0.0231,0.0151,0.0228]
	持つ:[0.0008,0.0008,0.0001,0.0014]
	行く:[0.0004,0.0006,0.0002,0.0002]
	から:[0.0059,0.0058,0.0033,0.0058]
	とる:[0.0007,0.0004,0.0001,0.0005]
	特定:[0.0003,0.0006,0.0000,0.0000]
	都市:[0.0000,0.0006,0.0002,0.0001]
	無料:[0.0001,0.0012,0.0004,0.0000]
	楽しみだ:[0.0000,0.0001,0.0000,0.0000]
	運転:[0.0000,0.0002,0.0001,0.0001]
	上達:[0.0000,0.0001,0.0000,0.0000]
	ロサンゼルス:[0.0000,0.0001,0.0000,0.0000]
	連絡:[0.0000,0.0001,0.0000,0.0000]
	目的:[0.0003,0.0008,0.0000,0.0001]
	られる:[0.0025,0.0027,0.0015,0.0013]
	荷物:[0.0000,0.0004,0.0000,0.0000]
	顧客:[0.0000,0.0001,0.0001,0.0000]
	作品:[0.0001,0.0001,0.0000,0.0000]
	課題:[0.0000,0.0001,0.0000,0.0000]
	サイト:[0.0001,0.0002,0.0001,0.0000]
	場所:[0.0004,0.0005,0.0000,0.0000]
	稼ぐ:[0.0000,0.0001,0.0000,0.0000]
	試す:[0.0000,0.0002,0.0000,0.0000]
	ドライバー:[0.0000,0.0002,0.0002,0.0000]
	変える:[0.0002,0.0002,0.0001,0.0000]
	ケース:[0.0001,0.0036,0.0000,0.0000]
	使う:[0.0025,0.0029,0.0006,0.0010]
	ロード:[0.0000,0.0002,0.0000,0.0000]
	たくさん:[0.0000,0.0001,0.0000,0.0000]
	運ぶ:[0.0001,0.0003,0.0000,0.0004]
True-Positive

True-Negative:0
False-Positive:1
True-Positive:1
False-Negative:0
precision = 0.500000
recall = 1.000000
fvalue = 0.666667