Section:2
	Ｆｌａｇ：：００１０
	■東大理三、首都圏の合格者はほぼ鉄緑会
	「東大理三に首都圏から合格したほぼ全員がうちの生徒ですね。ここに通っていない子で合格したのは１人か２人ぐらいしかいないのでは」。
	鉄緑会会長の冨田賢太郎氏はこう話す。
	東大の１学年の定員枠は約３０００人だが、最難関の理三の枠は９７人しかいない。
	このうち鉄緑会から５４人が合格した。
Score:0.00162412959219
EACH_TAG_SCORE:
	image:0.000448045931482
	table:0.000449135167477
	graph:0.00028944801646
	flow:0.000437500476775
PARA:
Clueword:
	通う:[0.0001,0.0001,0.0001,0.0000]
	しか:[0.0007,0.0006,0.0011,0.0000]
	生徒:[0.0001,0.0001,0.0005,0.0000]
	いる:[0.0131,0.0126,0.0100,0.0081]
	合格:[0.0002,0.0001,0.0008,0.0000]
	のだ:[0.0069,0.0071,0.0039,0.0054]
	から:[0.0059,0.0058,0.0033,0.0058]
	定員:[0.0000,0.0000,0.0001,0.0000]
	うち:[0.0002,0.0001,0.0006,0.0000]
	東大:[0.0003,0.0000,0.0008,0.0000]
	難関:[0.0002,0.0000,0.0005,0.0000]
	首都:[0.0000,0.0000,0.0002,0.0000]
	する:[0.0384,0.0382,0.0182,0.0461]
	学年:[0.0001,0.0000,0.0003,0.0000]
	話す:[0.0002,0.0001,0.0007,0.0006]
	ほぼ:[0.0002,0.0003,0.0007,0.0000]
	全員:[0.0000,0.0001,0.0001,0.0000]
	会長:[0.0001,0.0000,0.0002,0.0000]
	賢太郎:[0.0001,0.0000,0.0002,0.0000]
	ぐらい:[0.0002,0.0001,0.0002,0.0004]
	冨田:[0.0001,0.0000,0.0002,0.0000]
	ない:[0.0085,0.0106,0.0062,0.0077]
True-Positive

Section:3
	Ｆｌａｇ：：００００
	これは異常な数字ともいえる。
	鉄緑会は、首都圏には東京・代々木にしか校舎がなく、関西の大阪校は梅田、西宮北口、京都の３教室があるだけ、全国展開はしていない。
	二大都市圏以外の地方圏から実質的に通うことができない。
	にもかかわらず、東京校から３７人、大阪校から１７人がそれぞれ理三に合格している。
	冨田氏は「実は６割という数字には我々も驚いています。昨年は東大の数学の入試問題が６問中の１問がまるまる当たったこともありますが、首都圏や関西圏では、うちに通わずに東大理三に合格しているのは灘高校（神戸市）の一部の生徒さんぐらいでしょうね」と話す。
	東大受験に強い進学塾や予備校と言えば、東進ハイスクールや駿台予備校などの名前が思い浮かぶ。
	しかし、筑波大学付属駒場高校（筑駒、東京・世田谷）や開成高校（東京・荒川）、桜蔭高校（東京・文京）、灘高校など、「首都圏と関西圏の有名進学校の上位成績者がこぞって通うのが鉄緑会だ」と大手塾関係者は口をそろえる。
	筑駒から東大に進学し、英単語アプリ「ｍｉｋａｎ」を起業した宇佐美峻氏は、「筑駒は校則もなく自由な学校。文化祭とか、自分の好きなことは学校でやるが、受験対策は鉄緑会でやるという生徒が多かった」という。
Score:0.000996305988983
EACH_TAG_SCORE:
	image:0.000292604240547
	table:0.000296946939476
	graph:0.000170784507262
	flow:0.000235970301698
PARA:
Clueword:
	やる:[0.0003,0.0004,0.0001,0.0011]
	しか:[0.0007,0.0006,0.0011,0.0000]
	昨年:[0.0000,0.0000,0.0003,0.0000]
	多い:[0.0023,0.0031,0.0031,0.0006]
	できる:[0.0045,0.0045,0.0015,0.0023]
	合格:[0.0002,0.0001,0.0008,0.0000]
	地方:[0.0000,0.0001,0.0001,0.0000]
	さん:[0.0007,0.0004,0.0007,0.0003]
	東大:[0.0003,0.0000,0.0008,0.0000]
	ハイだ:[0.0004,0.0005,0.0000,0.0000]
	当たる:[0.0002,0.0001,0.0000,0.0005]
	言う:[0.0013,0.0010,0.0004,0.0005]
	話す:[0.0002,0.0001,0.0007,0.0006]
	成績:[0.0000,0.0000,0.0004,0.0000]
	そろえる:[0.0000,0.0000,0.0000,0.0001]
	首都:[0.0000,0.0000,0.0002,0.0000]
	以外:[0.0016,0.0017,0.0001,0.0001]
	学校:[0.0001,0.0001,0.0001,0.0000]
	大阪:[0.0000,0.0001,0.0000,0.0001]
	高校:[0.0000,0.0004,0.0000,0.0000]
	驚く:[0.0001,0.0001,0.0000,0.0000]
	全国:[0.0000,0.0001,0.0007,0.0000]
	ある:[0.0105,0.0114,0.0037,0.0052]
	上位:[0.0014,0.0004,0.0000,0.0000]
	付属:[0.0000,0.0000,0.0000,0.0000]
	文京:[0.0000,0.0000,0.0000,0.0000]
	それぞれ:[0.0004,0.0016,0.0000,0.0001]
	一部:[0.0002,0.0008,0.0011,0.0000]
	的だ:[0.0029,0.0050,0.0013,0.0019]
	こぞる:[0.0000,0.0001,0.0000,0.0000]
	ない:[0.0085,0.0106,0.0062,0.0077]
	まるまる:[0.0000,0.0000,0.0000,0.0001]
	大手:[0.0004,0.0004,0.0000,0.0000]
	など:[0.0053,0.0054,0.0019,0.0021]
	いえる:[0.0001,0.0003,0.0000,0.0000]
	数字:[0.0001,0.0000,0.0000,0.0000]
	生徒:[0.0001,0.0001,0.0005,0.0000]
	関西:[0.0001,0.0001,0.0002,0.0000]
	対策:[0.0005,0.0005,0.0003,0.0011]
	校舎:[0.0001,0.0000,0.0002,0.0000]
	うち:[0.0002,0.0001,0.0006,0.0000]
	数学:[0.0000,0.0001,0.0000,0.0000]
	展開:[0.0000,0.0000,0.0000,0.0000]
	名前:[0.0005,0.0004,0.0000,0.0008]
	自分:[0.0009,0.0013,0.0008,0.0013]
	する:[0.0384,0.0382,0.0182,0.0461]
	いる:[0.0131,0.0126,0.0100,0.0081]
	受験:[0.0003,0.0007,0.0005,0.0000]
	こと:[0.0094,0.0098,0.0051,0.0087]
	自由だ:[0.0000,0.0002,0.0001,0.0000]
	異常だ:[0.0005,0.0004,0.0000,0.0001]
	有名だ:[0.0001,0.0004,0.0000,0.0000]
	問題:[0.0008,0.0005,0.0003,0.0003]
	教室:[0.0000,0.0000,0.0000,0.0000]
	実は:[0.0002,0.0001,0.0000,0.0000]
	進学:[0.0002,0.0000,0.0003,0.0000]
	だけ:[0.0013,0.0014,0.0007,0.0014]
	いう:[0.0048,0.0059,0.0042,0.0034]
	通う:[0.0001,0.0001,0.0001,0.0000]
	入試:[0.0001,0.0001,0.0002,0.0000]
	好きだ:[0.0002,0.0001,0.0001,0.0001]
	ます:[0.0273,0.0231,0.0151,0.0228]
	予備:[0.0000,0.0003,0.0000,0.0000]
	から:[0.0059,0.0058,0.0033,0.0058]
	都市:[0.0000,0.0006,0.0002,0.0001]
	アプリ:[0.0001,0.0004,0.0000,0.0000]
	東京:[0.0007,0.0001,0.0011,0.0002]
	文化:[0.0000,0.0001,0.0000,0.0000]
	冨田:[0.0001,0.0000,0.0002,0.0000]
	大学:[0.0006,0.0004,0.0007,0.0000]
	強い:[0.0005,0.0006,0.0001,0.0000]
	思い浮かぶ:[0.0000,0.0001,0.0000,0.0000]
	関係:[0.0040,0.0031,0.0010,0.0003]
	ぐらい:[0.0002,0.0001,0.0002,0.0004]
	代々:[0.0001,0.0000,0.0002,0.0000]
	しかし:[0.0004,0.0004,0.0004,0.0007]
False-Positive

Section:1
	Ｆｌａｇ：：１０１０
	大学入試が本番を迎えたが、「鉄緑会」という大学受験塾の存在をご存じだろうか。
	２０１６年、医学部医学科で国内最難関といわれる東京大学理科三類に合格した人の約６割は鉄緑会の出身だ。
	鉄緑会は東京と関西にしか校舎がなく、１学年の在籍生徒数は１０００人程度と進学塾としては中堅規模だが、「東大受験指導専門塾」として、知る人ぞ知る存在だ。
	東京・代々木の鉄緑会を訪ねた。
	大学入試が本番を迎えたが、「鉄緑会」という大学受験塾の存在をご存じだろうか。
	２０１６年、医学部医学科で国内最難関といわれる東京大学理科三類に合格した人の約６割は鉄緑会の出身だ。
	鉄緑会は東京と関西にしか校舎がなく、１学年の在籍生徒数は１０００人程度と進学塾としては中堅規模だが、「東大受験指導専門塾」として、知る人ぞ知る存在だ。
	東京・代々木の鉄緑会を訪ねた。
	最難関「東大理三」合格者の６割を輩出！ケタ外れの進学塾「鉄緑会」の全貌
	鉄緑会の会長、冨田賢太郎氏も鉄緑会ＯＢで東大医学部卒だ
Score:0.000585968016658
EACH_TAG_SCORE:
	image:0.000160909451235
	table:0.000160086145828
	graph:0.000112228792162
	flow:0.000152743627433
PARA:
Clueword:
	迎える:[0.0002,0.0003,0.0005,0.0000]
	ケタ外れだ:[0.0001,0.0000,0.0001,0.0000]
	しか:[0.0007,0.0006,0.0011,0.0000]
	専門:[0.0003,0.0003,0.0004,0.0001]
	存在:[0.0006,0.0004,0.0005,0.0005]
	合格:[0.0002,0.0001,0.0008,0.0000]
	れる:[0.0087,0.0089,0.0045,0.0070]
	校舎:[0.0001,0.0000,0.0002,0.0000]
	東大:[0.0003,0.0000,0.0008,0.0000]
	在籍:[0.0001,0.0000,0.0002,0.0000]
	中堅:[0.0001,0.0000,0.0002,0.0000]
	理科:[0.0001,0.0001,0.0002,0.0000]
	する:[0.0384,0.0382,0.0182,0.0461]
	難関:[0.0002,0.0000,0.0005,0.0000]
	生徒:[0.0001,0.0001,0.0005,0.0000]
	指導:[0.0001,0.0000,0.0002,0.0000]
	会長:[0.0001,0.0000,0.0002,0.0000]
	知る:[0.0006,0.0007,0.0007,0.0002]
	医学部:[0.0002,0.0000,0.0003,0.0000]
	冨田:[0.0001,0.0000,0.0002,0.0000]
	進学:[0.0002,0.0000,0.0003,0.0000]
	賢太郎:[0.0001,0.0000,0.0002,0.0000]
	関西:[0.0001,0.0001,0.0002,0.0000]
	いう:[0.0048,0.0059,0.0042,0.0034]
	入試:[0.0001,0.0001,0.0002,0.0000]
	医学:[0.0001,0.0000,0.0002,0.0000]
	全貌:[0.0001,0.0000,0.0001,0.0000]
	ご存じ:[0.0001,0.0000,0.0002,0.0000]
	東京:[0.0007,0.0001,0.0011,0.0002]
	輩出:[0.0001,0.0000,0.0001,0.0000]
	学年:[0.0001,0.0000,0.0003,0.0000]
	程度:[0.0010,0.0014,0.0019,0.0008]
	出身:[0.0002,0.0000,0.0004,0.0000]
	規模:[0.0002,0.0002,0.0003,0.0000]
	大学:[0.0006,0.0004,0.0007,0.0000]
	受験:[0.0003,0.0007,0.0005,0.0000]
	代々:[0.0001,0.0000,0.0002,0.0000]
	本番:[0.0001,0.0000,0.0002,0.0000]
	ＯＢ:[0.0001,0.0000,0.0001,0.0000]
	訪ねる:[0.0002,0.0000,0.0002,0.0000]
	ない:[0.0085,0.0106,0.0062,0.0077]
True-Positive

True-Negative:0
False-Positive:1
True-Positive:2
False-Negative:0
precision = 0.666667
recall = 1.000000
fvalue = 0.800000