Section:4
	Ｆｌａｇ：：００００
	かなりスッキリしますよ。
Score:0.0100415393751
EACH_TAG_SCORE:
	image:0.00289390566909
	table:0.0026853581369
	graph:0.00145462966305
	flow:0.00300764590605
PARA:
Clueword:
	ます:[0.0273,0.0231,0.0151,0.0228]
	する:[0.0384,0.0382,0.0182,0.0461]
	かなり:[0.0008,0.0005,0.0001,0.0003]
	スッキリ:[0.0001,0.0000,0.0000,0.0000]
False-Positive

Section:2
	Ｆｌａｇ：：１０００
	肩甲骨はがしをすることで、肩甲骨周りの血行がよくなりコリがほぐれるだけではなく、実は姿勢矯正、バストアップ、ダイエットにまでなるいという驚くべき効果まであるんです。
	ほかにも、
	・肩こりが解消される
	・猫背が治る
	・リンパの流れが良くなる
	・褐色脂肪細胞が活性化して代謝がよくなる
	・腰痛が改善される
	・身体のラインが美しくなる
	・身体全体が軽くなる感じがする
	・目が疲れにくくなる
	・顔のたるみを防ぐ
	・骨盤の歪みを解消してくれる
	などなど、女性にもうれしい効果がたくさんあります。
Score:0.00185333494913
EACH_TAG_SCORE:
	image:0.000543006560453
	table:0.000530469817982
	graph:0.000290886080432
	flow:0.00048897249026
PARA:
Clueword:
	たるむ:[0.0001,0.0000,0.0000,0.0000]
	ほぐれる:[0.0001,0.0000,0.0000,0.0000]
	くれる:[0.0006,0.0004,0.0000,0.0000]
	リンパ:[0.0001,0.0000,0.0000,0.0002]
	いう:[0.0048,0.0059,0.0042,0.0034]
	腰痛:[0.0001,0.0000,0.0000,0.0000]
	いい:[0.0008,0.0008,0.0005,0.0002]
	改善:[0.0001,0.0003,0.0000,0.0001]
	血行:[0.0001,0.0000,0.0000,0.0000]
	猫背:[0.0001,0.0000,0.0000,0.0000]
	身体:[0.0002,0.0001,0.0004,0.0002]
	骨盤:[0.0001,0.0000,0.0000,0.0000]
	まで:[0.0015,0.0020,0.0015,0.0016]
	などなど:[0.0001,0.0000,0.0000,0.0000]
	実は:[0.0002,0.0001,0.0000,0.0000]
	んだ:[0.0006,0.0003,0.0003,0.0002]
	治る:[0.0001,0.0000,0.0000,0.0000]
	コリ:[0.0001,0.0000,0.0000,0.0000]
	感じる:[0.0010,0.0009,0.0003,0.0004]
	れる:[0.0087,0.0089,0.0045,0.0070]
	脂肪:[0.0007,0.0004,0.0000,0.0000]
	周り:[0.0001,0.0001,0.0000,0.0006]
	がし:[0.0001,0.0000,0.0000,0.0005]
	女性:[0.0006,0.0006,0.0009,0.0002]
	にくい:[0.0008,0.0010,0.0001,0.0004]
	なる:[0.0091,0.0108,0.0069,0.0074]
	軽い:[0.0010,0.0008,0.0000,0.0017]
	歪む:[0.0001,0.0000,0.0000,0.0000]
	褐色:[0.0006,0.0000,0.0000,0.0001]
	する:[0.0384,0.0382,0.0182,0.0461]
	驚く:[0.0001,0.0001,0.0000,0.0000]
	防ぐ:[0.0002,0.0001,0.0001,0.0003]
	疲れる:[0.0001,0.0000,0.0000,0.0000]
	美しい:[0.0002,0.0001,0.0000,0.0000]
	たくさんだ:[0.0002,0.0001,0.0000,0.0003]
	良い:[0.0011,0.0013,0.0006,0.0010]
	細胞:[0.0005,0.0003,0.0000,0.0019]
	ある:[0.0105,0.0114,0.0037,0.0052]
	バスト:[0.0001,0.0000,0.0000,0.0000]
	ほか:[0.0002,0.0002,0.0001,0.0000]
	こと:[0.0094,0.0098,0.0051,0.0087]
	活性:[0.0001,0.0001,0.0000,0.0000]
	ます:[0.0273,0.0231,0.0151,0.0228]
	姿勢:[0.0011,0.0001,0.0000,0.0000]
	よい:[0.0014,0.0014,0.0004,0.0004]
	ダイエット:[0.0002,0.0000,0.0000,0.0000]
	解消:[0.0002,0.0000,0.0000,0.0000]
	流れる:[0.0004,0.0002,0.0001,0.0007]
	うれしい:[0.0001,0.0000,0.0000,0.0000]
	矯正:[0.0001,0.0000,0.0000,0.0000]
	肩こり:[0.0001,0.0000,0.0000,0.0000]
	肩甲骨:[0.0002,0.0000,0.0000,0.0014]
	ライン:[0.0003,0.0001,0.0001,0.0001]
	だけ:[0.0013,0.0014,0.0007,0.0014]
	効果:[0.0010,0.0015,0.0005,0.0000]
	代謝:[0.0001,0.0000,0.0000,0.0000]
	全体:[0.0009,0.0003,0.0004,0.0013]
	ない:[0.0085,0.0106,0.0062,0.0077]
	アップ:[0.0006,0.0002,0.0024,0.0003]
	べし:[0.0003,0.0001,0.0001,0.0000]
True-Positive

Section:3
	Ｆｌａｇ：：０００１
	肩甲骨はがしのやり方
	まず簡単な方法として、
	【１】両手を肩にあてそのままヒジを大きくぐるぐると回すものです、前まわしと後ろまわしを５回くらいおこないましょう。
	【２】両手を上にあげ、手の平を内側に向けます。
	そのままひじを開くように腕をおろし背中を引き締めます。
	その時に、手の平を外側に向けるようにしましょう。
	肩甲骨を動かすことが目的になります。
	（１０回を２セット程度）
	【３】腰に掌を外側に向けた状態で添えて、両ひじを背中の後ろでつけるような気持ちでパタパタとさせます。
	もちろん、肩甲骨を意識して行います。
	（１０回を２セット）
	【４】最後にもう一度、両手を方にあててひじを大きくぐるぐる回すを、前まわしと後ろ周りで５回くらい行います。
Score:0.0013597484682
EACH_TAG_SCORE:
	image:0.000348453244422
	table:0.000326886874003
	graph:0.000173143660081
	flow:0.000511264689694
PARA:
Clueword:
	やる:[0.0003,0.0004,0.0001,0.0011]
	動かす:[0.0003,0.0001,0.0000,0.0013]
	行う:[0.0006,0.0007,0.0001,0.0022]
	そのまま:[0.0002,0.0000,0.0001,0.0010]
	もう:[0.0002,0.0002,0.0002,0.0006]
	添える:[0.0001,0.0000,0.0000,0.0008]
	パタパタ:[0.0000,0.0000,0.0000,0.0005]
	おこなう:[0.0001,0.0001,0.0000,0.0005]
	後ろ:[0.0019,0.0000,0.0000,0.0017]
	なる:[0.0091,0.0108,0.0069,0.0074]
	内側:[0.0022,0.0003,0.0000,0.0006]
	方法:[0.0019,0.0038,0.0001,0.0127]
	つける:[0.0008,0.0004,0.0000,0.0020]
	回す:[0.0003,0.0001,0.0001,0.0009]
	する:[0.0384,0.0382,0.0182,0.0461]
	背中:[0.0001,0.0000,0.0000,0.0010]
	ヒジ:[0.0000,0.0000,0.0000,0.0005]
	簡単だ:[0.0003,0.0004,0.0001,0.0006]
	こと:[0.0094,0.0098,0.0051,0.0087]
	セット:[0.0004,0.0001,0.0003,0.0017]
	おろす:[0.0001,0.0000,0.0000,0.0007]
	引き締める:[0.0000,0.0000,0.0000,0.0005]
	両手:[0.0003,0.0000,0.0000,0.0020]
	外側:[0.0022,0.0003,0.0000,0.0010]
	肩甲骨:[0.0002,0.0000,0.0000,0.0014]
	ようだ:[0.0046,0.0040,0.0016,0.0063]
	もの:[0.0031,0.0027,0.0008,0.0016]
	ひじ:[0.0000,0.0000,0.0000,0.0014]
	意識:[0.0001,0.0003,0.0001,0.0005]
	的だ:[0.0029,0.0050,0.0013,0.0019]
	ます:[0.0273,0.0231,0.0151,0.0228]
	まず:[0.0007,0.0007,0.0001,0.0190]
	くらい:[0.0003,0.0006,0.0001,0.0011]
	開く:[0.0007,0.0001,0.0000,0.0025]
	大きい:[0.0018,0.0011,0.0029,0.0014]
	周り:[0.0001,0.0001,0.0000,0.0006]
	がし:[0.0001,0.0000,0.0000,0.0005]
	あげる:[0.0005,0.0002,0.0009,0.0005]
	わし:[0.0000,0.0000,0.0000,0.0014]
	気持ち:[0.0001,0.0001,0.0000,0.0005]
	程度:[0.0010,0.0014,0.0019,0.0008]
	最後だ:[0.0004,0.0001,0.0000,0.0009]
	せる:[0.0017,0.0005,0.0006,0.0030]
	手の平:[0.0000,0.0000,0.0000,0.0009]
	あてる:[0.0000,0.0000,0.0000,0.0010]
	状態:[0.0009,0.0028,0.0006,0.0013]
	ぐるぐる:[0.0000,0.0000,0.0000,0.0009]
	向ける:[0.0003,0.0000,0.0003,0.0017]
	もちろん:[0.0001,0.0003,0.0000,0.0005]
True-Positive

Section:1
	Ｆｌａｇ：：００００
	肩甲骨はがしの効果
	肩甲骨姿勢
Score:0.000251203036011
EACH_TAG_SCORE:
	image:9.41064119608e-05
	table:6.39690820025e-05
	graph:2.07293520028e-05
	flow:7.23981900452e-05
PARA:
Clueword:
	肩甲骨:[0.0002,0.0000,0.0000,0.0014]
	がし:[0.0001,0.0000,0.0000,0.0005]
	効果:[0.0010,0.0015,0.0005,0.0000]
	姿勢:[0.0011,0.0001,0.0000,0.0000]
False-Positive

True-Negative:0
False-Positive:2
True-Positive:2
False-Negative:0
precision = 0.500000
recall = 1.000000
fvalue = 0.666667