Section:6
	Ｆｌａｇ：：００００
	ストライプは線の表現方法で種類が分かれます。
Score:0.00395422103453
EACH_TAG_SCORE:
	image:0.001024084865
	table:0.00137384007239
	graph:0.000475244351449
	flow:0.00108105174569
PARA:
Clueword:
	ます:[0.0273,0.0231,0.0151,0.0228]
	種類:[0.0024,0.0168,0.0004,0.0001]
	表現:[0.0010,0.0008,0.0000,0.0000]
	分かれる:[0.0001,0.0001,0.0000,0.0000]
	方法:[0.0019,0.0038,0.0001,0.0127]
	ストライプ:[0.0012,0.0007,0.0000,0.0000]
False-Positive

Section:13
	Ｆｌａｇ：：００１０
	ポリ混と比べるとどうしても値段は張りますが、着心地や見た目からくる印象の違いが違ってきます。
Score:0.00225303603846
EACH_TAG_SCORE:
	image:0.000722738052306
	table:0.00059585862716
	graph:0.000411554614808
	flow:0.000522884744186
PARA:
Clueword:
	どうしても:[0.0001,0.0001,0.0001,0.0000]
	張る:[0.0001,0.0000,0.0001,0.0000]
	見た目:[0.0042,0.0001,0.0001,0.0001]
	ます:[0.0273,0.0231,0.0151,0.0228]
	値段:[0.0000,0.0003,0.0006,0.0000]
	くる:[0.0017,0.0012,0.0011,0.0007]
	から:[0.0059,0.0058,0.0033,0.0058]
	比べる:[0.0003,0.0012,0.0016,0.0000]
	印象:[0.0008,0.0010,0.0001,0.0001]
	着心地:[0.0000,0.0000,0.0001,0.0000]
	違う:[0.0009,0.0011,0.0008,0.0003]
	ポリ:[0.0000,0.0000,0.0001,0.0000]
True-Positive

Section:4
	Ｆｌａｇ：：００００
	さて、続きまして柄についてです。
	同じ色でもその上に乗る柄でスーツスタイル全身の印象は大きく変わります。
	柄はビジネスで使えるものが多くあるので、自分のイメージに合った好きな柄と他人に与える印象を考えて選ぶことがポイントです。
Score:0.00197567548473
EACH_TAG_SCORE:
	image:0.000593522866197
	table:0.000608268421962
	graph:0.000348021517282
	flow:0.00042586267929
PARA:
Clueword:
	続く:[0.0003,0.0004,0.0013,0.0004]
	多い:[0.0023,0.0031,0.0031,0.0006]
	好きだ:[0.0002,0.0001,0.0001,0.0001]
	全身:[0.0000,0.0003,0.0000,0.0003]
	ポイント:[0.0005,0.0025,0.0014,0.0000]
	同じだ:[0.0010,0.0013,0.0009,0.0005]
	ます:[0.0273,0.0231,0.0151,0.0228]
	のだ:[0.0069,0.0071,0.0039,0.0054]
	選ぶ:[0.0007,0.0012,0.0000,0.0000]
	ビジネス:[0.0006,0.0004,0.0000,0.0001]
	イメージ:[0.0003,0.0004,0.0000,0.0007]
	与える:[0.0002,0.0002,0.0001,0.0004]
	大きい:[0.0018,0.0011,0.0029,0.0014]
	印象:[0.0008,0.0010,0.0001,0.0001]
	他人:[0.0000,0.0000,0.0000,0.0001]
	スーツ:[0.0004,0.0005,0.0000,0.0000]
	考える:[0.0013,0.0013,0.0007,0.0004]
	乗る:[0.0001,0.0000,0.0000,0.0000]
	ある:[0.0105,0.0114,0.0037,0.0052]
	こと:[0.0094,0.0098,0.0051,0.0087]
	使える:[0.0004,0.0007,0.0000,0.0001]
	さて:[0.0001,0.0000,0.0001,0.0000]
	合う:[0.0004,0.0004,0.0001,0.0000]
	自分:[0.0009,0.0013,0.0008,0.0013]
	つく:[0.0016,0.0013,0.0004,0.0009]
	スタイル:[0.0006,0.0003,0.0001,0.0010]
	変わる:[0.0003,0.0005,0.0005,0.0003]
	でも:[0.0018,0.0029,0.0017,0.0004]
	もの:[0.0031,0.0027,0.0008,0.0016]
False-Positive

Section:2
	Ｆｌａｇ：：１０００
	ブラック、グレー、ネイビー、ブラウン、カーキなどなどスーツに使われる色は多くの種類があります。
	また、それに組み合わされる柄も無地、ストライプ、チェック、チドリなどがあります。
	さらにミディアムグレーやチャコールグレーなどのトーンによる色の違い、チョークストライプやピンストライプなどの柄の表現の仕方による違いなど、その中でも細分化されていてその組み合わせは無数に存在します。
	まずはその無数にある組み合わせの中で、ビジネスシーンにおいて使いやすい、使うことのできる色・柄、その組み合わせについて紹介します。
Score:0.00192914545905
EACH_TAG_SCORE:
	image:0.00056224184209
	table:0.000587308740356
	graph:0.000289063672571
	flow:0.000490531204033
PARA:
Clueword:
	組み合わせる:[0.0004,0.0002,0.0001,0.0001]
	グレー:[0.0011,0.0006,0.0000,0.0000]
	無地:[0.0008,0.0004,0.0000,0.0000]
	トーン:[0.0005,0.0004,0.0000,0.0000]
	できる:[0.0045,0.0045,0.0015,0.0023]
	存在:[0.0006,0.0004,0.0005,0.0005]
	れる:[0.0087,0.0089,0.0045,0.0070]
	チドリ:[0.0000,0.0000,0.0000,0.0000]
	する:[0.0384,0.0382,0.0182,0.0461]
	いる:[0.0131,0.0126,0.0100,0.0081]
	ミディアム:[0.0001,0.0000,0.0000,0.0000]
	ピン:[0.0003,0.0001,0.0000,0.0000]
	こと:[0.0094,0.0098,0.0051,0.0087]
	種類:[0.0024,0.0168,0.0004,0.0001]
	チョーク:[0.0001,0.0001,0.0000,0.0000]
	つく:[0.0016,0.0013,0.0004,0.0009]
	よる:[0.0031,0.0025,0.0025,0.0031]
	ストライプ:[0.0012,0.0007,0.0000,0.0000]
	多く:[0.0006,0.0005,0.0054,0.0001]
	仕方:[0.0004,0.0000,0.0000,0.0047]
	まずは:[0.0002,0.0001,0.0002,0.0092]
	スーツ:[0.0004,0.0005,0.0000,0.0000]
	細分:[0.0001,0.0000,0.0000,0.0000]
	ビジネス:[0.0006,0.0004,0.0000,0.0001]
	ます:[0.0273,0.0231,0.0151,0.0228]
	紹介:[0.0004,0.0003,0.0000,0.0000]
	また:[0.0021,0.0013,0.0011,0.0018]
	ネイビー:[0.0009,0.0005,0.0000,0.0000]
	さらに:[0.0007,0.0005,0.0008,0.0031]
	ブラウン:[0.0004,0.0000,0.0000,0.0000]
	表現:[0.0010,0.0008,0.0000,0.0000]
	チャコール:[0.0001,0.0000,0.0000,0.0000]
	ある:[0.0105,0.0114,0.0037,0.0052]
	など:[0.0053,0.0054,0.0019,0.0021]
	カーキ:[0.0004,0.0000,0.0000,0.0000]
	無数だ:[0.0001,0.0001,0.0000,0.0000]
	おく:[0.0010,0.0014,0.0012,0.0010]
	シーン:[0.0007,0.0011,0.0000,0.0000]
	チェック:[0.0004,0.0004,0.0003,0.0002]
	組み合わす:[0.0001,0.0000,0.0000,0.0000]
	ブラック:[0.0016,0.0005,0.0000,0.0000]
	でも:[0.0018,0.0029,0.0017,0.0004]
	やすい:[0.0024,0.0029,0.0006,0.0011]
	使う:[0.0025,0.0029,0.0006,0.0010]
	違う:[0.0009,0.0011,0.0008,0.0003]
True-Positive

Section:8
	Ｆｌａｇ：：００００
	スーツの素材について
	スーツでよく使われる素材についてです。
	カジュアルだと素材より見た目重視の方が多いでしょうが、スーツでは生地自体にもこだわって欲しいです。
	スーツは休日以外ほぼ毎日着るとなると私服よりもずっと着用時間は長くなります。
	そうなるとスーツへのダメージも増えていき、着こなしの大敵であるシワや、着用感の低下から印象も変わってきてしまいます。
	そのため各素材の特徴を知り自分に合った素材を選び、それらをなるべく防ぐことが日々の正しい着こなしにも繋がってくるのです。
Score:0.00142551733455
EACH_TAG_SCORE:
	image:0.00041745270837
	table:0.000438714810935
	graph:0.000262376291508
	flow:0.00030697352374
PARA:
Clueword:
	だろう:[0.0005,0.0010,0.0003,0.0000]
	毎日:[0.0001,0.0001,0.0000,0.0001]
	繋がる:[0.0001,0.0001,0.0000,0.0000]
	より:[0.0013,0.0022,0.0013,0.0003]
	休日:[0.0000,0.0000,0.0001,0.0000]
	選ぶ:[0.0007,0.0012,0.0000,0.0000]
	れる:[0.0087,0.0089,0.0045,0.0070]
	です:[0.0010,0.0012,0.0006,0.0005]
	シワ:[0.0000,0.0001,0.0000,0.0000]
	素材:[0.0000,0.0006,0.0000,0.0000]
	印象:[0.0008,0.0010,0.0001,0.0001]
	しまう:[0.0023,0.0018,0.0012,0.0025]
	ため:[0.0033,0.0030,0.0025,0.0027]
	なる:[0.0091,0.0108,0.0069,0.0074]
	なるべく:[0.0000,0.0001,0.0000,0.0000]
	自分:[0.0009,0.0013,0.0008,0.0013]
	カジュアルだ:[0.0002,0.0001,0.0000,0.0000]
	欲しい:[0.0001,0.0002,0.0000,0.0001]
	つく:[0.0016,0.0013,0.0004,0.0009]
	着る:[0.0008,0.0005,0.0001,0.0000]
	長い:[0.0013,0.0005,0.0022,0.0003]
	見た目:[0.0042,0.0001,0.0001,0.0001]
	合う:[0.0004,0.0004,0.0001,0.0000]
	低下:[0.0005,0.0002,0.0073,0.0037]
	知る:[0.0006,0.0007,0.0007,0.0002]
	日々:[0.0000,0.0001,0.0000,0.0000]
	ずっと:[0.0000,0.0001,0.0001,0.0000]
	自体:[0.0004,0.0004,0.0000,0.0000]
	変わる:[0.0003,0.0005,0.0005,0.0003]
	以外:[0.0016,0.0017,0.0001,0.0001]
	着用:[0.0001,0.0001,0.0000,0.0002]
	いく:[0.0015,0.0011,0.0005,0.0023]
	多い:[0.0023,0.0031,0.0031,0.0006]
	スーツ:[0.0004,0.0005,0.0000,0.0000]
	特徴:[0.0020,0.0101,0.0002,0.0000]
	ます:[0.0273,0.0231,0.0151,0.0228]
	くる:[0.0017,0.0012,0.0011,0.0007]
	のだ:[0.0069,0.0071,0.0039,0.0054]
	から:[0.0059,0.0058,0.0033,0.0058]
	生地:[0.0004,0.0005,0.0000,0.0000]
	重視:[0.0001,0.0003,0.0000,0.0000]
	防ぐ:[0.0002,0.0001,0.0001,0.0003]
	こだわる:[0.0001,0.0000,0.0000,0.0000]
	ほぼ:[0.0002,0.0003,0.0007,0.0000]
	時間:[0.0004,0.0011,0.0010,0.0004]
	よい:[0.0014,0.0014,0.0004,0.0004]
	増える:[0.0000,0.0005,0.0006,0.0004]
	ダメージ:[0.0001,0.0000,0.0000,0.0000]
	こなす:[0.0005,0.0005,0.0000,0.0001]
	正しい:[0.0002,0.0002,0.0000,0.0001]
	こと:[0.0094,0.0098,0.0051,0.0087]
	使う:[0.0025,0.0029,0.0006,0.0010]
False-Positive

Section:14
	Ｆｌａｇ：：００００
	またシワになっても２、３日ハンガーにかけておくとほとんどシワが取れるので３着ほどをローテーションして着るようにするのがオススメです。
	予算が限られている方や出張が多い方はポリ混でできるだけウール１００％に近い見た目の生地にしましょう。
	見た目の判別のみで問題ないですが、基本的にウールの比率が多いとウール寄りの機能と見た目に、ポリエステルが多いとポリエステルよりの機能と見た目になります。
	まとめ
	まとめると、
	チャコールグレーの無地かピンストライプ
	ミディアムグレーの無地かピンストライプ
	ダークネイビーのピンストライプ
	で、ウール１００％の生地
	を、３着程度ローテーションが理想となります。
	もしスーツを１着もお持ちでない方はこのまま、何着かお持ちの方は買い足す際の参考にしていただければオーケーです。
	知識的な内容が多くなってしまったので、全て覚えずともポイントだけつかんで実践していただけたら幸いです。
Score:0.00136904036188
EACH_TAG_SCORE:
	image:0.0003830829151
	table:0.000380678014684
	graph:0.000290848983625
	flow:0.000314430448467
PARA:
Clueword:
	いただける:[0.0001,0.0001,0.0001,0.0000]
	足す:[0.0001,0.0000,0.0000,0.0000]
	グレー:[0.0011,0.0006,0.0000,0.0000]
	より:[0.0013,0.0022,0.0013,0.0003]
	無地:[0.0008,0.0004,0.0000,0.0000]
	ほど:[0.0005,0.0009,0.0003,0.0000]
	できる:[0.0045,0.0045,0.0015,0.0023]
	買う:[0.0001,0.0002,0.0004,0.0007]
	目だ:[0.0001,0.0001,0.0000,0.0000]
	れる:[0.0087,0.0089,0.0045,0.0070]
	です:[0.0010,0.0012,0.0006,0.0005]
	多い:[0.0023,0.0031,0.0031,0.0006]
	しまう:[0.0023,0.0018,0.0012,0.0025]
	知識:[0.0000,0.0001,0.0001,0.0000]
	なる:[0.0091,0.0108,0.0069,0.0074]
	基本:[0.0004,0.0010,0.0003,0.0001]
	する:[0.0384,0.0382,0.0182,0.0461]
	いる:[0.0131,0.0126,0.0100,0.0081]
	着る:[0.0008,0.0005,0.0001,0.0000]
	ミディアム:[0.0001,0.0000,0.0000,0.0000]
	予算:[0.0000,0.0001,0.0005,0.0000]
	ポリエステル:[0.0001,0.0004,0.0000,0.0000]
	見た目:[0.0042,0.0001,0.0001,0.0001]
	出張:[0.0000,0.0003,0.0000,0.0000]
	全て:[0.0001,0.0001,0.0000,0.0000]
	問題:[0.0008,0.0005,0.0003,0.0003]
	ほとんど:[0.0007,0.0006,0.0018,0.0001]
	見る:[0.0020,0.0008,0.0013,0.0005]
	まとめる:[0.0002,0.0001,0.0002,0.0001]
	ポイント:[0.0005,0.0025,0.0014,0.0000]
	だけ:[0.0013,0.0014,0.0007,0.0014]
	近い:[0.0012,0.0004,0.0003,0.0000]
	限る:[0.0001,0.0002,0.0004,0.0000]
	ストライプ:[0.0012,0.0007,0.0000,0.0000]
	％:[0.0000,0.0004,0.0261,0.0000]
	シワ:[0.0000,0.0001,0.0000,0.0000]
	このまま:[0.0000,0.0000,0.0000,0.0003]
	ピン:[0.0003,0.0001,0.0000,0.0000]
	ダーク:[0.0002,0.0001,0.0001,0.0000]
	覚える:[0.0001,0.0002,0.0000,0.0001]
	程度:[0.0010,0.0014,0.0019,0.0008]
	チャコール:[0.0001,0.0000,0.0000,0.0000]
	機能:[0.0004,0.0007,0.0000,0.0000]
	たい:[0.0013,0.0013,0.0010,0.0014]
	持つ:[0.0008,0.0008,0.0001,0.0014]
	また:[0.0021,0.0013,0.0011,0.0018]
	のだ:[0.0069,0.0071,0.0039,0.0054]
	参考:[0.0002,0.0004,0.0000,0.0000]
	生地:[0.0004,0.0005,0.0000,0.0000]
	ネイビー:[0.0009,0.0005,0.0000,0.0000]
	のみ:[0.0002,0.0003,0.0000,0.0000]
	ポリ:[0.0000,0.0000,0.0001,0.0000]
	ウール:[0.0001,0.0005,0.0000,0.0000]
	理想:[0.0000,0.0001,0.0000,0.0001]
	寄る:[0.0002,0.0003,0.0000,0.0000]
	ます:[0.0273,0.0231,0.0151,0.0228]
	取れる:[0.0002,0.0001,0.0000,0.0000]
	スーツ:[0.0004,0.0005,0.0000,0.0000]
	ようだ:[0.0046,0.0040,0.0016,0.0063]
	かける:[0.0008,0.0005,0.0003,0.0007]
	おく:[0.0010,0.0014,0.0012,0.0010]
	オススメ:[0.0004,0.0004,0.0002,0.0003]
	幸いだ:[0.0000,0.0000,0.0000,0.0000]
	的だ:[0.0029,0.0050,0.0013,0.0019]
	もし:[0.0000,0.0002,0.0006,0.0001]
	内容:[0.0008,0.0013,0.0001,0.0006]
	ない:[0.0085,0.0106,0.0062,0.0077]
	比率:[0.0000,0.0000,0.0045,0.0001]
	つかむ:[0.0000,0.0000,0.0000,0.0000]
False-Positive

Section:5
	Ｆｌａｇ：：１１００
	無地
	そのままの意味で柄無しの無地です。
	最もフォーマルで何も影響しないためコーディネートも組み立てやすいです。
	ただしシンプルなだけに選ぶ際は色々と注意も必要です。
	まず無地だと生地自体がごまかしがきかないため、生地の良し悪しがダイレクトに伝わってきます。
	これはファッションに興味のない人でもすぐにわかります。
	できればウール１００％かそれに近いウール混率を選ぶとツヤ感や風合いにチープ感がなくなり全体の印象もぐっとレベルアップします。
	普通に着こなしているつもりなのになぜか就活生っぽく感じてしまうのもこのことが原因です。
	ではウール１００％であれば問題ないのかと言われると必ずしもそうとは言えません。
	詳しくは後述しますが、働くためにスーツを着ているのですから、ビジネスシーンににおいてはスーツ自体の強度も重要になる人も多いはず。
	そのためにはポリエステル混の方が生地自体の強さという点では優れているのです。
	無地を選ぶ際は、必ずという訳ではないですが出来れば、生地自体の見た目とポリエステルの混率にも注意してみるのがお勧めです。
	ストライプ
	スーツ以外でも非常に多く使われる、上から下へ直線が等間隔で並んでいる柄です。
	ピッチ（間隔）によって印象が変わります。
	ピッチが太いと華やかで主張のある貫禄ある印象に、細いとシャープにフォーマル寄りになります。
Score:0.00124269066483
EACH_TAG_SCORE:
	image:0.000353200590426
	table:0.000353644918944
	graph:0.000239111041051
	flow:0.000296734114411
PARA:
Clueword:
	直線:[0.0001,0.0000,0.0000,0.0000]
	そのまま:[0.0002,0.0000,0.0001,0.0010]
	感じる:[0.0010,0.0009,0.0003,0.0004]
	にる:[0.0001,0.0001,0.0000,0.0001]
	しが:[0.0000,0.0000,0.0000,0.0000]
	無地:[0.0008,0.0004,0.0000,0.0000]
	ぐっと:[0.0000,0.0000,0.0002,0.0000]
	普通だ:[0.0002,0.0002,0.0001,0.0000]
	シャープだ:[0.0005,0.0002,0.0006,0.0000]
	では:[0.0002,0.0002,0.0000,0.0001]
	選ぶ:[0.0007,0.0012,0.0000,0.0000]
	非常だ:[0.0005,0.0006,0.0002,0.0000]
	できる:[0.0045,0.0045,0.0015,0.0023]
	強度だ:[0.0000,0.0000,0.0000,0.0000]
	以外:[0.0016,0.0017,0.0001,0.0001]
	なくなる:[0.0002,0.0001,0.0000,0.0000]
	れる:[0.0087,0.0089,0.0045,0.0070]
	です:[0.0010,0.0012,0.0006,0.0005]
	いう:[0.0048,0.0059,0.0042,0.0034]
	印象:[0.0008,0.0010,0.0001,0.0001]
	しまう:[0.0023,0.0018,0.0012,0.0025]
	なる:[0.0091,0.0108,0.0069,0.0074]
	みる:[0.0014,0.0012,0.0011,0.0005]
	貫禄:[0.0000,0.0000,0.0000,0.0000]
	何も:[0.0001,0.0002,0.0000,0.0000]
	伝わる:[0.0001,0.0000,0.0000,0.0000]
	おく:[0.0010,0.0014,0.0012,0.0010]
	する:[0.0384,0.0382,0.0182,0.0461]
	言う:[0.0013,0.0010,0.0004,0.0005]
	いる:[0.0131,0.0126,0.0100,0.0081]
	必ずしも:[0.0001,0.0001,0.0000,0.0000]
	必要だ:[0.0014,0.0024,0.0006,0.0019]
	言える:[0.0002,0.0002,0.0003,0.0000]
	こと:[0.0094,0.0098,0.0051,0.0087]
	華やかだ:[0.0001,0.0001,0.0000,0.0000]
	後述:[0.0001,0.0002,0.0000,0.0000]
	必ず:[0.0003,0.0002,0.0002,0.0004]
	シンプルだ:[0.0003,0.0002,0.0000,0.0000]
	色々だ:[0.0000,0.0000,0.0000,0.0000]
	優れる:[0.0001,0.0003,0.0000,0.0000]
	問題:[0.0008,0.0005,0.0003,0.0003]
	つもりだ:[0.0000,0.0000,0.0001,0.0000]
	重要だ:[0.0004,0.0007,0.0004,0.0000]
	働く:[0.0004,0.0003,0.0002,0.0005]
	興味:[0.0000,0.0002,0.0000,0.0000]
	就活:[0.0001,0.0001,0.0000,0.0000]
	自体:[0.0004,0.0004,0.0000,0.0000]
	はず:[0.0001,0.0001,0.0001,0.0001]
	フォーマルだ:[0.0003,0.0003,0.0000,0.0000]
	変わる:[0.0003,0.0005,0.0005,0.0003]
	近い:[0.0012,0.0004,0.0003,0.0000]
	無し:[0.0000,0.0000,0.0000,0.0000]
	ごまかす:[0.0000,0.0000,0.0000,0.0000]
	っぽい:[0.0002,0.0002,0.0000,0.0000]
	間隔:[0.0001,0.0001,0.0001,0.0000]
	きく:[0.0000,0.0000,0.0000,0.0000]
	ストライプ:[0.0012,0.0007,0.0000,0.0000]
	レベル:[0.0000,0.0005,0.0001,0.0002]
	最も:[0.0006,0.0030,0.0035,0.0001]
	％:[0.0000,0.0004,0.0261,0.0000]
	並ぶ:[0.0004,0.0001,0.0000,0.0002]
	多い:[0.0023,0.0031,0.0031,0.0006]
	ビジネス:[0.0006,0.0004,0.0000,0.0001]
	スーツ:[0.0004,0.0005,0.0000,0.0000]
	影響:[0.0006,0.0004,0.0007,0.0005]
	風合い:[0.0000,0.0000,0.0000,0.0000]
	すぐ:[0.0004,0.0003,0.0002,0.0005]
	寄る:[0.0002,0.0003,0.0000,0.0000]
	ます:[0.0273,0.0231,0.0151,0.0228]
	まず:[0.0007,0.0007,0.0001,0.0190]
	ただし:[0.0003,0.0006,0.0000,0.0000]
	くる:[0.0017,0.0012,0.0011,0.0007]
	のだ:[0.0069,0.0071,0.0039,0.0054]
	意味:[0.0005,0.0005,0.0001,0.0001]
	から:[0.0059,0.0058,0.0033,0.0058]
	詳しい:[0.0001,0.0002,0.0000,0.0000]
	出来る:[0.0004,0.0004,0.0001,0.0002]
	生地:[0.0004,0.0005,0.0000,0.0000]
	だけ:[0.0013,0.0014,0.0007,0.0014]
	注意:[0.0008,0.0003,0.0005,0.0007]
	太い:[0.0017,0.0012,0.0004,0.0001]
	ピッチ:[0.0003,0.0003,0.0000,0.0000]
	見た目:[0.0042,0.0001,0.0001,0.0001]
	よる:[0.0031,0.0025,0.0025,0.0031]
	着る:[0.0008,0.0005,0.0001,0.0000]
	ウール:[0.0001,0.0005,0.0000,0.0000]
	主張:[0.0002,0.0002,0.0000,0.0000]
	ファッション:[0.0008,0.0007,0.0007,0.0000]
	ある:[0.0105,0.0114,0.0037,0.0052]
	ない:[0.0085,0.0106,0.0062,0.0077]
	全体:[0.0009,0.0003,0.0004,0.0013]
	細い:[0.0014,0.0007,0.0001,0.0000]
	使う:[0.0025,0.0029,0.0006,0.0010]
	チープだ:[0.0000,0.0001,0.0000,0.0000]
	ため:[0.0033,0.0030,0.0025,0.0027]
	なぜ:[0.0001,0.0002,0.0000,0.0000]
	こなす:[0.0005,0.0005,0.0000,0.0001]
	ツヤ感:[0.0001,0.0001,0.0000,0.0000]
	ダイレクトだ:[0.0001,0.0000,0.0000,0.0000]
	ポリエステル:[0.0001,0.0004,0.0000,0.0000]
	でも:[0.0018,0.0029,0.0017,0.0004]
	コーディネート:[0.0005,0.0003,0.0000,0.0000]
	やすい:[0.0024,0.0029,0.0006,0.0011]
	勧める:[0.0001,0.0001,0.0000,0.0001]
	わかる:[0.0009,0.0006,0.0002,0.0004]
	アップ:[0.0006,0.0002,0.0024,0.0003]
	シーン:[0.0007,0.0011,0.0000,0.0000]
	組み立てる:[0.0000,0.0000,0.0000,0.0000]
	原因:[0.0009,0.0014,0.0008,0.0005]
True-Positive

Section:12
	Ｆｌａｇ：：１１００
	実はブラックとネイビー無地は悪い意味でシンプルになりがちです。
	スーツスタイルのコーディネート配色のポイントの１つがコントラストをつけすぎないことです。
	グレーに比べブラックやネイビーはコーディネートでよく使われる白シャツとのコントラストが強まり、フォーマル寄りのイメージが強まります。
	するとシンプルなイメージが強まり、毎回同じコーディネートに見られたり地味な印象を受けられやすくなります。
	そのため就活生っぽく見えてしまったり、素材の良し悪しの影響やコーディネートが似た印象になり、いまいちパッとしないイメージになりがちです。
	抽象的ですがビジネスシーンではフォーマルすぎないバランスが大事になってきます。
	そのフォーマルすぎないバランスを取れる色がグレー系と柄ありのネイビーになるのです。
	白シャツと合わせてもコントラストが低いので、良い意味で自然にぼやけてくれてネクタイの合わせやすさや優しい印象に繋がります。
	コーディネートのしやすさと地味すぎない適度な華やかさを考慮すると上の３種類に定まってきます。
	生地は基本的にウール１００％で探すのをオススメします。
Score:0.00121726258445
EACH_TAG_SCORE:
	image:0.000339532875771
	table:0.000369768068052
	graph:0.000241819928559
	flow:0.000266141712069
PARA:
Clueword:
	くれる:[0.0006,0.0004,0.0000,0.0000]
	地味だ:[0.0001,0.0001,0.0001,0.0000]
	グレー:[0.0011,0.0006,0.0000,0.0000]
	れる:[0.0087,0.0089,0.0045,0.0070]
	無地:[0.0008,0.0004,0.0000,0.0000]
	同じだ:[0.0010,0.0013,0.0009,0.0005]
	定まる:[0.0000,0.0000,0.0000,0.0000]
	強まる:[0.0001,0.0002,0.0000,0.0000]
	意味:[0.0005,0.0005,0.0001,0.0001]
	考慮:[0.0001,0.0001,0.0000,0.0001]
	しの:[0.0000,0.0000,0.0000,0.0000]
	低い:[0.0014,0.0007,0.0059,0.0003]
	イメージ:[0.0003,0.0004,0.0000,0.0007]
	素材:[0.0000,0.0006,0.0000,0.0000]
	印象:[0.0008,0.0010,0.0001,0.0001]
	受ける:[0.0001,0.0005,0.0002,0.0002]
	よい:[0.0014,0.0014,0.0004,0.0004]
	毎回:[0.0001,0.0001,0.0000,0.0000]
	なる:[0.0091,0.0108,0.0069,0.0074]
	悪い:[0.0002,0.0006,0.0005,0.0001]
	しまう:[0.0023,0.0018,0.0012,0.0025]
	似る:[0.0004,0.0002,0.0001,0.0000]
	つける:[0.0008,0.0004,0.0000,0.0020]
	基本:[0.0004,0.0010,0.0003,0.0001]
	的だ:[0.0029,0.0050,0.0013,0.0019]
	する:[0.0384,0.0382,0.0182,0.0461]
	合わせる:[0.0009,0.0004,0.0001,0.0001]
	すぎる:[0.0007,0.0006,0.0001,0.0004]
	ぼやける:[0.0000,0.0001,0.0000,0.0000]
	こと:[0.0094,0.0098,0.0051,0.0087]
	華やかだ:[0.0001,0.0001,0.0000,0.0000]
	バランス:[0.0020,0.0003,0.0055,0.0002]
	種類:[0.0024,0.0168,0.0004,0.0001]
	シンプルだ:[0.0003,0.0002,0.0000,0.0000]
	繋がる:[0.0001,0.0001,0.0000,0.0000]
	パッと:[0.0000,0.0000,0.0000,0.0000]
	見る:[0.0020,0.0008,0.0013,0.0005]
	就活:[0.0001,0.0001,0.0000,0.0000]
	すると:[0.0001,0.0000,0.0000,0.0001]
	実は:[0.0002,0.0001,0.0000,0.0000]
	ポイント:[0.0005,0.0025,0.0014,0.0000]
	フォーマルだ:[0.0003,0.0003,0.0000,0.0000]
	適度だ:[0.0001,0.0001,0.0000,0.0001]
	大事だ:[0.0001,0.0001,0.0000,0.0000]
	っぽい:[0.0002,0.0002,0.0000,0.0000]
	優しい:[0.0001,0.0002,0.0000,0.0000]
	ネクタイ:[0.0000,0.0000,0.0000,0.0000]
	％:[0.0000,0.0004,0.0261,0.0000]
	コントラスト:[0.0002,0.0002,0.0000,0.0000]
	ウール:[0.0001,0.0005,0.0000,0.0000]
	抽象:[0.0001,0.0001,0.0000,0.0000]
	ビジネス:[0.0006,0.0004,0.0000,0.0001]
	探す:[0.0001,0.0003,0.0000,0.0001]
	ます:[0.0273,0.0231,0.0151,0.0228]
	取れる:[0.0002,0.0001,0.0000,0.0000]
	くる:[0.0017,0.0012,0.0011,0.0007]
	のだ:[0.0069,0.0071,0.0039,0.0054]
	がちだ:[0.0002,0.0003,0.0001,0.0000]
	生地:[0.0004,0.0005,0.0000,0.0000]
	見える:[0.0008,0.0005,0.0001,0.0008]
	ネイビー:[0.0009,0.0005,0.0000,0.0000]
	スーツ:[0.0004,0.0005,0.0000,0.0000]
	良い:[0.0011,0.0013,0.0006,0.0010]
	寄る:[0.0002,0.0003,0.0000,0.0000]
	比べる:[0.0003,0.0012,0.0016,0.0000]
	られる:[0.0025,0.0027,0.0015,0.0013]
	ある:[0.0105,0.0114,0.0037,0.0052]
	ない:[0.0085,0.0106,0.0062,0.0077]
	シャツ:[0.0006,0.0001,0.0000,0.0000]
	配色:[0.0004,0.0000,0.0000,0.0000]
	ため:[0.0033,0.0030,0.0025,0.0027]
	いまいちだ:[0.0000,0.0000,0.0000,0.0000]
	オススメ:[0.0004,0.0004,0.0002,0.0003]
	自然だ:[0.0004,0.0002,0.0001,0.0003]
	スタイル:[0.0006,0.0003,0.0001,0.0010]
	ブラック:[0.0016,0.0005,0.0000,0.0000]
	影響:[0.0006,0.0004,0.0007,0.0005]
	コーディネート:[0.0005,0.0003,0.0000,0.0000]
	やすい:[0.0024,0.0029,0.0006,0.0011]
	使う:[0.0025,0.0029,0.0006,0.0010]
	シーン:[0.0007,0.0011,0.0000,0.0000]
True-Positive

Section:9
	Ｆｌａｇ：：０１００
	スーツの素材は基本的にはウールとポリエステルの２種類になるので、この２種類の特徴を知ることから始めましょう。
	ウール
	ウールとは動物性繊維の１種で、羊毛のことです。
	メリットの多様性からスーツを始め、ニットやコートなど幅広く使用されていてなくてはならない素材です。
	ウールのメリット
	・空気を含むため冬は暖かく夏は涼しい（ほぼオールシーズン対応）
	・伸縮性弾力性に優れ復元効果がある（型崩れしにくくシワになってもすぐ直る）
	・吸湿発散性がある（ムレずに快適）
	・肌触り着心地が良い
	・燃えにくい
	このようにウールはスーパー高機能素材なのです。
	ウールのデメリット
	・虫食いが起きる
	・洗うと縮む
	・経年劣化しやすい
	・水分があると摩擦で毛玉ができやすい
	一方、このように素材自体は動物性なのでデリケートで手入れが必要です。
	連続着用せずに休ませることや、埃や汚れを取るブラッシングが必要になってきます。
	ポリエステル
	化学繊維の一種で最も大量に生産されています。
	ポリエステルを始めとする化学繊維最大の特徴が混紡です。
	混紡とは化学繊維と天然繊維を混ぜ合わせることで互いの長所を併せ持つことができるのです。
	ポリエステルのメリット
	・繊維の中で最も頑丈、丈夫
	・シワになりにくい
	・乾きやすい
	・日光に強い
	ポリエステルのデメリット
	・吸湿性が低い
	・静電気を帯びやすい
	・チープな光沢
	このような特徴がポリエステルにはあり、ウールと混紡することでほぼお互いのデメリットをなくす補完関係になっています。
	なので、ウールとポリエステルが混紡された生地がスーツには多いのです。
Score:0.000980169495461
EACH_TAG_SCORE:
	image:0.000271595384391
	table:0.000335948713714
	graph:0.000159052814256
	flow:0.0002135725831
PARA:
Clueword:
	最も:[0.0006,0.0030,0.0035,0.0001]
	最大だ:[0.0001,0.0002,0.0005,0.0000]
	混紡:[0.0000,0.0002,0.0000,0.0000]
	燃える:[0.0000,0.0000,0.0000,0.0000]
	汚れる:[0.0000,0.0000,0.0000,0.0001]
	にくい:[0.0008,0.0010,0.0001,0.0004]
	スーパー:[0.0000,0.0000,0.0000,0.0000]
	なので:[0.0001,0.0002,0.0000,0.0000]
	デメリット:[0.0006,0.0044,0.0001,0.0000]
	ブラッシング:[0.0000,0.0000,0.0000,0.0000]
	伸縮:[0.0000,0.0000,0.0000,0.0000]
	補完:[0.0000,0.0000,0.0000,0.0000]
	暖かい:[0.0000,0.0000,0.0000,0.0000]
	摩擦:[0.0000,0.0000,0.0000,0.0000]
	できる:[0.0045,0.0045,0.0015,0.0023]
	混ぜる:[0.0001,0.0001,0.0001,0.0002]
	日光:[0.0000,0.0000,0.0000,0.0000]
	デリケートだ:[0.0000,0.0001,0.0000,0.0000]
	連続:[0.0000,0.0001,0.0000,0.0000]
	一種:[0.0000,0.0006,0.0000,0.0000]
	れる:[0.0087,0.0089,0.0045,0.0070]
	起きる:[0.0002,0.0001,0.0002,0.0011]
	シワ:[0.0000,0.0001,0.0000,0.0000]
	素材:[0.0000,0.0006,0.0000,0.0000]
	なる:[0.0091,0.0108,0.0069,0.0074]
	丈夫だ:[0.0000,0.0001,0.0000,0.0000]
	光沢:[0.0000,0.0000,0.0000,0.0000]
	劣化:[0.0000,0.0000,0.0000,0.0000]
	なくす:[0.0001,0.0000,0.0000,0.0000]
	基本:[0.0004,0.0010,0.0003,0.0001]
	的だ:[0.0029,0.0050,0.0013,0.0019]
	する:[0.0384,0.0382,0.0182,0.0461]
	含む:[0.0009,0.0004,0.0006,0.0005]
	いる:[0.0131,0.0126,0.0100,0.0081]
	必要だ:[0.0014,0.0024,0.0006,0.0019]
	大量だ:[0.0000,0.0000,0.0000,0.0000]
	くる:[0.0017,0.0012,0.0011,0.0007]
	こと:[0.0094,0.0098,0.0051,0.0087]
	動物:[0.0003,0.0008,0.0002,0.0002]
	種類:[0.0024,0.0168,0.0004,0.0001]
	快適だ:[0.0000,0.0000,0.0000,0.0000]
	優れる:[0.0001,0.0003,0.0000,0.0000]
	幅広い:[0.0004,0.0001,0.0000,0.0000]
	発散:[0.0000,0.0000,0.0000,0.0000]
	ムレる:[0.0000,0.0000,0.0000,0.0000]
	崩れる:[0.0000,0.0001,0.0001,0.0002]
	互い:[0.0000,0.0000,0.0000,0.0000]
	休む:[0.0000,0.0000,0.0003,0.0000]
	効果:[0.0010,0.0015,0.0005,0.0000]
	着用:[0.0001,0.0001,0.0000,0.0002]
	合わせる:[0.0009,0.0004,0.0001,0.0001]
	吸湿:[0.0000,0.0001,0.0000,0.0000]
	メリット:[0.0002,0.0046,0.0000,0.0000]
	取る:[0.0006,0.0009,0.0003,0.0001]
	ウール:[0.0001,0.0005,0.0000,0.0000]
	ニット:[0.0002,0.0000,0.0000,0.0000]
	静電気:[0.0000,0.0000,0.0000,0.0000]
	多い:[0.0023,0.0031,0.0031,0.0006]
	オール:[0.0001,0.0000,0.0000,0.0000]
	使用:[0.0008,0.0008,0.0000,0.0013]
	水分:[0.0004,0.0001,0.0000,0.0003]
	すぐ:[0.0004,0.0003,0.0002,0.0005]
	自体:[0.0004,0.0004,0.0000,0.0000]
	特徴:[0.0020,0.0101,0.0002,0.0000]
	低い:[0.0014,0.0007,0.0059,0.0003]
	天然:[0.0001,0.0001,0.0001,0.0000]
	ます:[0.0273,0.0231,0.0151,0.0228]
	機能:[0.0004,0.0007,0.0000,0.0000]
	弾力:[0.0000,0.0000,0.0000,0.0000]
	対応:[0.0000,0.0002,0.0000,0.0000]
	帯びる:[0.0000,0.0000,0.0000,0.0000]
	のだ:[0.0069,0.0071,0.0039,0.0054]
	から:[0.0059,0.0058,0.0033,0.0058]
	羊毛:[0.0000,0.0000,0.0000,0.0000]
	涼しい:[0.0000,0.0000,0.0000,0.0000]
	生地:[0.0004,0.0005,0.0000,0.0000]
	併せ持つ:[0.0000,0.0000,0.0000,0.0000]
	乾く:[0.0001,0.0000,0.0000,0.0001]
	縮む:[0.0000,0.0000,0.0000,0.0000]
	一方:[0.0002,0.0034,0.0026,0.0001]
	生産:[0.0000,0.0001,0.0001,0.0000]
	洗う:[0.0000,0.0000,0.0000,0.0000]
	スーツ:[0.0004,0.0005,0.0000,0.0000]
	多様だ:[0.0002,0.0001,0.0000,0.0000]
	手入れ:[0.0000,0.0001,0.0000,0.0000]
	虫食い:[0.0000,0.0000,0.0000,0.0000]
	良い:[0.0011,0.0013,0.0006,0.0010]
	ほぼ:[0.0002,0.0003,0.0007,0.0000]
	やすい:[0.0024,0.0029,0.0006,0.0011]
	頑丈だ:[0.0000,0.0000,0.0000,0.0000]
	強い:[0.0005,0.0006,0.0001,0.0000]
	など:[0.0053,0.0054,0.0019,0.0021]
	せる:[0.0017,0.0005,0.0006,0.0030]
	シーズン:[0.0001,0.0001,0.0001,0.0000]
	チープだ:[0.0000,0.0001,0.0000,0.0000]
	ある:[0.0105,0.0114,0.0037,0.0052]
	着心地:[0.0000,0.0000,0.0001,0.0000]
	ため:[0.0033,0.0030,0.0025,0.0027]
	コート:[0.0005,0.0000,0.0000,0.0000]
	化学:[0.0001,0.0003,0.0000,0.0004]
	知る:[0.0006,0.0007,0.0007,0.0002]
	長所:[0.0000,0.0020,0.0000,0.0000]
	始める:[0.0003,0.0004,0.0004,0.0001]
	繊維:[0.0004,0.0006,0.0005,0.0000]
	ポリエステル:[0.0001,0.0004,0.0000,0.0000]
	関係:[0.0040,0.0031,0.0010,0.0003]
	ない:[0.0085,0.0106,0.0062,0.0077]
	お互い:[0.0000,0.0000,0.0000,0.0000]
	復元:[0.0000,0.0000,0.0000,0.0000]
	空気:[0.0002,0.0001,0.0000,0.0001]
	肌触り:[0.0000,0.0000,0.0000,0.0000]
	直る:[0.0000,0.0000,0.0000,0.0000]
True-Positive

Section:3
	Ｆｌａｇ：：１１００
	ブラック
	スーツにおいて最もフォーマルで最も着こなしが難しいのがブラックです。
	ブラックスーツは着用されるシーンによってトーンの変化があります。
	例えば、冠婚葬祭の中でも慎み深さが必要なお葬式に適しているブラックとビジネス用として使われるブラックとは色の濃さで分かれています。
	その着こなしは次回以降で紹介予定ですが、お葬式では真っ黒の生地が適していてビジネスシーンでは少しグレーがかった薄めのブラックが定番となっています。
	このようにひとつの色でもトーンを変えることで印象の違いが出てきます。
	グレー
	海外でのビジネスシーンにおけるスタンドカラーがグレーです。
	ブラックよりも柔らかく、後述するネイビーより大人っぽく落ち着いた印象になるので使い勝手は抜群です。
	グレーはトーンの違いによって３種類に分けられます。
	最もトーンの高いグレーがライトグレー、暗いグレーがチャコールグレー、その真ん中がミディアムグレーになります。
	印象の変化としては明るいほど華やかで清潔感のある印象に、暗いほど誠実さやフォーマル感の増す印象になります。
	これはほぼすべての色に当てはまる特徴です。
	ネイビー
	ネイビーもスーツではスタンダードな色になります。
	ブラック、グレーより若々しく爽やかな印象になるのでどの年代の方にもお勧めできる色です。
	ネイビーも名称はそれぞれですが、ダークネイビー、ネイビー、ブルーなどトーンによって印象に変化があります。
	日本人にとって最も肌馴染みが良くしっくり感じやすいのがネイビー系になるので、自然に所有しているスーツで一番多い色になりがちです。
	ビジネスシーンの一般的なスーツの色はこのブラック、グレー系、ネイビー系になります。
	ただし、必ずしも世間のイメージと着こなしが一致するとは限りません。
	詳しくは後述しますが、この中から整って見えやすい＝おしゃれな印象を与えやすいものを選ぶことが必要です。
	また仕事によっては明るめのグレーやブルーには注意が必要です。
	日本のビジネスシーンでは落ち着きや信頼感が重視されるので、できれば抑えめのトーンで選んであげるといいでしょう。
Score:0.000810042768934
EACH_TAG_SCORE:
	image:0.000237560591898
	table:0.000263729254534
	graph:0.000137269831577
	flow:0.000171483090925
PARA:
Clueword:
	予定:[0.0001,0.0001,0.0001,0.0001]
	だろう:[0.0005,0.0010,0.0003,0.0000]
	カラー:[0.0001,0.0000,0.0000,0.0001]
	おく:[0.0010,0.0014,0.0012,0.0010]
	名称:[0.0001,0.0002,0.0000,0.0002]
	馴染む:[0.0004,0.0001,0.0000,0.0001]
	分かれる:[0.0001,0.0001,0.0000,0.0000]
	トーン:[0.0005,0.0004,0.0000,0.0000]
	できる:[0.0045,0.0045,0.0015,0.0023]
	れる:[0.0087,0.0089,0.0045,0.0070]
	一般:[0.0006,0.0009,0.0000,0.0006]
	印象:[0.0008,0.0010,0.0001,0.0001]
	当てはまる:[0.0001,0.0001,0.0000,0.0000]
	なる:[0.0091,0.0108,0.0069,0.0074]
	ある:[0.0105,0.0114,0.0037,0.0052]
	暗い:[0.0015,0.0003,0.0001,0.0000]
	がかる:[0.0001,0.0000,0.0001,0.0001]
	必要だ:[0.0014,0.0024,0.0006,0.0019]
	落ち着く:[0.0001,0.0002,0.0001,0.0006]
	大人:[0.0001,0.0001,0.0000,0.0000]
	後述:[0.0001,0.0002,0.0000,0.0000]
	こなす:[0.0005,0.0005,0.0000,0.0001]
	増す:[0.0001,0.0001,0.0001,0.0000]
	必ずしも:[0.0001,0.0001,0.0000,0.0000]
	限る:[0.0001,0.0002,0.0004,0.0000]
	っぽい:[0.0002,0.0002,0.0000,0.0000]
	もの:[0.0031,0.0027,0.0008,0.0016]
	多い:[0.0023,0.0031,0.0031,0.0006]
	抑える:[0.0003,0.0003,0.0000,0.0003]
	ライト:[0.0000,0.0000,0.0000,0.0000]
	ビジネス:[0.0006,0.0004,0.0000,0.0001]
	紹介:[0.0004,0.0003,0.0000,0.0000]
	くる:[0.0017,0.0012,0.0011,0.0007]
	少し:[0.0010,0.0005,0.0002,0.0006]
	詳しい:[0.0001,0.0002,0.0000,0.0000]
	海外:[0.0001,0.0007,0.0002,0.0000]
	フォーマルだ:[0.0003,0.0003,0.0000,0.0000]
	若々しい:[0.0000,0.0000,0.0000,0.0000]
	ひと:[0.0008,0.0003,0.0004,0.0013]
	年代:[0.0001,0.0008,0.0023,0.0000]
	以降:[0.0000,0.0001,0.0020,0.0019]
	良い:[0.0011,0.0013,0.0006,0.0010]
	高い:[0.0007,0.0015,0.0101,0.0005]
	変化:[0.0005,0.0003,0.0000,0.0003]
	勧める:[0.0001,0.0001,0.0000,0.0001]
	など:[0.0053,0.0054,0.0019,0.0021]
	濃い:[0.0011,0.0006,0.0008,0.0000]
	自然だ:[0.0004,0.0002,0.0001,0.0003]
	明るい:[0.0010,0.0001,0.0000,0.0000]
	それぞれ:[0.0004,0.0016,0.0000,0.0001]
	着用:[0.0001,0.0001,0.0000,0.0002]
	重視:[0.0001,0.0003,0.0000,0.0000]
	的だ:[0.0029,0.0050,0.0013,0.0019]
	清潔だ:[0.0001,0.0000,0.0000,0.0002]
	でも:[0.0018,0.0029,0.0017,0.0004]
	華やかだ:[0.0001,0.0001,0.0000,0.0000]
	シーン:[0.0007,0.0011,0.0000,0.0000]
	難しい:[0.0005,0.0003,0.0002,0.0001]
	次回:[0.0001,0.0000,0.0000,0.0001]
	最も:[0.0006,0.0030,0.0035,0.0001]
	ブルー:[0.0001,0.0001,0.0000,0.0000]
	感じる:[0.0010,0.0009,0.0003,0.0004]
	グレー:[0.0011,0.0006,0.0000,0.0000]
	より:[0.0013,0.0022,0.0013,0.0003]
	よる:[0.0031,0.0025,0.0025,0.0031]
	整う:[0.0001,0.0000,0.0000,0.0000]
	選ぶ:[0.0007,0.0012,0.0000,0.0000]
	スタンド:[0.0000,0.0000,0.0000,0.0000]
	めだ:[0.0009,0.0007,0.0003,0.0006]
	定番:[0.0001,0.0002,0.0000,0.0000]
	イメージ:[0.0003,0.0004,0.0000,0.0007]
	抜群だ:[0.0001,0.0000,0.0000,0.0000]
	日本:[0.0006,0.0009,0.0018,0.0009]
	する:[0.0384,0.0382,0.0182,0.0461]
	いる:[0.0131,0.0126,0.0100,0.0081]
	例えば:[0.0053,0.0008,0.0003,0.0003]
	葬式:[0.0001,0.0001,0.0000,0.0000]
	ミディアム:[0.0001,0.0000,0.0000,0.0000]
	スタンダードだ:[0.0000,0.0000,0.0000,0.0000]
	世間:[0.0000,0.0000,0.0000,0.0000]
	種類:[0.0024,0.0168,0.0004,0.0001]
	信頼:[0.0000,0.0000,0.0000,0.0000]
	誠実だ:[0.0000,0.0002,0.0000,0.0000]
	冠婚葬祭:[0.0000,0.0000,0.0000,0.0000]
	おける:[0.0000,0.0002,0.0004,0.0000]
	一番:[0.0002,0.0011,0.0013,0.0000]
	おしゃれだ:[0.0002,0.0002,0.0000,0.0001]
	慎み深い:[0.0000,0.0000,0.0000,0.0000]
	分ける:[0.0003,0.0015,0.0002,0.0001]
	真ん中:[0.0009,0.0001,0.0000,0.0001]
	いい:[0.0008,0.0008,0.0005,0.0002]
	爽やかだ:[0.0001,0.0001,0.0000,0.0000]
	ダーク:[0.0002,0.0001,0.0001,0.0000]
	真っ黒だ:[0.0002,0.0001,0.0000,0.0000]
	特徴:[0.0020,0.0101,0.0002,0.0000]
	適す:[0.0002,0.0003,0.0000,0.0000]
	ます:[0.0273,0.0231,0.0151,0.0228]
	ただし:[0.0003,0.0006,0.0000,0.0000]
	また:[0.0021,0.0013,0.0011,0.0018]
	のだ:[0.0069,0.0071,0.0039,0.0054]
	から:[0.0059,0.0058,0.0033,0.0058]
	がちだ:[0.0002,0.0003,0.0001,0.0000]
	与える:[0.0002,0.0002,0.0001,0.0004]
	生地:[0.0004,0.0005,0.0000,0.0000]
	とる:[0.0007,0.0004,0.0001,0.0005]
	見える:[0.0008,0.0005,0.0001,0.0008]
	あげる:[0.0005,0.0002,0.0009,0.0005]
	注意:[0.0008,0.0003,0.0005,0.0007]
	仕事:[0.0003,0.0003,0.0003,0.0005]
	柔らかい:[0.0003,0.0003,0.0000,0.0000]
	着る:[0.0008,0.0005,0.0001,0.0000]
	スーツ:[0.0004,0.0005,0.0000,0.0000]
	チャコール:[0.0001,0.0000,0.0000,0.0000]
	薄い:[0.0002,0.0002,0.0000,0.0000]
	所有:[0.0003,0.0002,0.0000,0.0009]
	られる:[0.0025,0.0027,0.0015,0.0013]
	ほぼ:[0.0002,0.0003,0.0007,0.0000]
	しっくり:[0.0000,0.0000,0.0000,0.0000]
	勝手だ:[0.0001,0.0002,0.0000,0.0000]
	ほど:[0.0005,0.0009,0.0003,0.0000]
	違う:[0.0009,0.0011,0.0008,0.0003]
	出る:[0.0008,0.0010,0.0006,0.0004]
	ブラック:[0.0016,0.0005,0.0000,0.0000]
	すべて:[0.0009,0.0004,0.0006,0.0002]
	変える:[0.0002,0.0002,0.0001,0.0000]
	こと:[0.0094,0.0098,0.0051,0.0087]
	一致:[0.0000,0.0000,0.0000,0.0000]
	ネイビー:[0.0009,0.0005,0.0000,0.0000]
	やすい:[0.0024,0.0029,0.0006,0.0011]
	使う:[0.0025,0.0029,0.0006,0.0010]
True-Positive

Section:10
	Ｆｌａｇ：：００００
	スーツの生地の選び方
	では具体的にスーツの生地はどのような色柄と素材を選べば良いのか。
Score:0.000804867290508
EACH_TAG_SCORE:
	image:0.000232268813781
	table:0.000305582523809
	graph:0.000110904936478
	flow:0.00015611101644
PARA:
Clueword:
	スーツ:[0.0004,0.0005,0.0000,0.0000]
	良い:[0.0011,0.0013,0.0006,0.0010]
	では:[0.0002,0.0002,0.0000,0.0001]
	選ぶ:[0.0007,0.0012,0.0000,0.0000]
	のだ:[0.0069,0.0071,0.0039,0.0054]
	素材:[0.0000,0.0006,0.0000,0.0000]
	的だ:[0.0029,0.0050,0.0013,0.0019]
	生地:[0.0004,0.0005,0.0000,0.0000]
	具体:[0.0000,0.0001,0.0001,0.0000]
False-Positive

Section:7
	Ｆｌａｇ：：１１００
	ピンストライプ
	小さな点が連なってストライプを構成しているものです。
	ピンを打ち込んだように見えるのでピンストライプと言います。
	ストライプ自体は目立ちにくいのですが、その分コーディネートしやすくビジネスシーンでも使いやすいです。
	・ストライプの細さは細め、薄め。
	ペンシルストライプ
	抽象的になってしまいますが鉛筆で書いたような細さのストライプです。
	ストライプ自体はくっきりとしていて遠目から見てもはっきりと分かります。
	・ストライプの細さはやや細め、はっきり見える。
	チョークストライプ
	チョークで線を引いたように太めで掠れたようなストライプです。
	おしゃれな雰囲気は出やすいのですが、主にピッチが太く秋冬の起毛感のある生地によく使われるためベーシックな着こなしではオススメはできないです。
	・ストライプの細さは太め、ピッチが広いため目立ちやすい。
	チェック
	ストライプに比べ、柄が大ぶりで目立ちやすいためカジュアル寄りになります。
	基本的な着こなしがテーマのここではオススメはしないですが、柔らかく優しい印象になるため、今後詳しく紹介します。
	ウィンドウペン
	窓の格子のような四角形が特徴のチェックです。
	主に大ぶりな柄で現在のトレンドとも合間って非常におしゃれな印象にはなりますが、着こなしは若干難しくなります。
	そして目立ちます。
	グレンチェック
	千鳥格子など非常に細かなチェックを重ねて大きなチェックにしたものです。
	複雑な柄になっており、その分おしゃれな印象になりやすいです。
	カジュアルでも秋冬のストール、マフラーなどによく使われています。
	織り柄
	織り柄とは生地を織る段階で糸の向きを工夫して柄を浮き立たせたものです。
	そのほとんどが遠目では無地のように見え、近づいたり光の加減で柄が浮き出るように見えます。
	非常にさりげない柄になるので無地のように使え、無地ほど地味ではないのでオススメです。
	シャドーストライプ
	織り柄で表現されたストライプのことでピッチや線の太さは生地によってまちまちです。
	光の当たり具合で浮き出て見えるため、柄自体が主張しすぎずに程よく目立ちビジネスシーンでも全く問題なく使えます。
	またツヤ感のある生地に多く使われるため、そこも大きなポイントとなります。
	選ぶ際は太さとピッチに注意して、できるだけ細くピッチの狭いものを選ぶようにするとより着こなしやすさや印象アップに繋がりやすくなります。
	シャドーチェック
	上述のシャドーストライプのチェックバージョン。
	目立たなくはなりますがチェックは変わらず砕けた印象になってしまうのでこちらもオススメはしにくいです。
	バーズアイ
	鳥目織りとも言われ、菱型の鳥の目のような小さな模様が無数にある柄です。
	こちらも遠目から見ると無地に見えるので着こなしやすいです。
	この非常に細かな無数にある柄が陰影を表現し、控えめながらも様々な見え方になります。
	若干渋いイメージにはなるのですが、ネイビーなどではかなりオススメの柄になります。
Score:0.000628308351038
EACH_TAG_SCORE:
	image:0.000187163658537
	table:0.000189486962085
	graph:0.000104888052289
	flow:0.000146769678127
PARA:
Clueword:
	砕ける:[0.0000,0.0000,0.0000,0.0000]
	非常だ:[0.0005,0.0006,0.0002,0.0000]
	やや:[0.0002,0.0003,0.0003,0.0002]
	にくい:[0.0008,0.0010,0.0001,0.0004]
	鉛筆:[0.0000,0.0000,0.0000,0.0000]
	できる:[0.0045,0.0045,0.0015,0.0023]
	チョーク:[0.0001,0.0001,0.0000,0.0000]
	渋い:[0.0000,0.0000,0.0000,0.0000]
	かなり:[0.0008,0.0005,0.0001,0.0003]
	れる:[0.0087,0.0089,0.0045,0.0070]
	です:[0.0010,0.0012,0.0006,0.0005]
	細かだ:[0.0002,0.0002,0.0000,0.0000]
	印象:[0.0008,0.0010,0.0001,0.0001]
	なる:[0.0091,0.0108,0.0069,0.0074]
	当たる:[0.0002,0.0001,0.0000,0.0005]
	地味だ:[0.0001,0.0001,0.0001,0.0000]
	ピッチ:[0.0003,0.0003,0.0000,0.0000]
	基本:[0.0004,0.0010,0.0003,0.0001]
	分かる:[0.0002,0.0002,0.0002,0.0001]
	言う:[0.0013,0.0010,0.0004,0.0005]
	ネイビー:[0.0009,0.0005,0.0000,0.0000]
	たようだ:[0.0000,0.0000,0.0000,0.0000]
	今後:[0.0001,0.0002,0.0016,0.0076]
	繋がる:[0.0001,0.0001,0.0000,0.0000]
	くっきり:[0.0001,0.0000,0.0000,0.0000]
	ほとんど:[0.0007,0.0006,0.0018,0.0001]
	よる:[0.0031,0.0025,0.0025,0.0031]
	上述:[0.0000,0.0001,0.0000,0.0000]
	その分:[0.0001,0.0001,0.0000,0.0000]
	自体:[0.0004,0.0004,0.0000,0.0000]
	狭い:[0.0000,0.0002,0.0001,0.0000]
	変わる:[0.0003,0.0005,0.0005,0.0003]
	全く:[0.0001,0.0000,0.0000,0.0000]
	起毛:[0.0000,0.0000,0.0000,0.0000]
	大きな:[0.0016,0.0005,0.0005,0.0003]
	浮く:[0.0004,0.0003,0.0000,0.0004]
	多い:[0.0023,0.0031,0.0031,0.0006]
	広い:[0.0004,0.0002,0.0002,0.0001]
	主だ:[0.0004,0.0005,0.0000,0.0000]
	抽象:[0.0001,0.0001,0.0000,0.0000]
	ビジネス:[0.0006,0.0004,0.0000,0.0001]
	ペンシル:[0.0000,0.0000,0.0000,0.0000]
	菱型:[0.0000,0.0000,0.0000,0.0000]
	まちまちだ:[0.0000,0.0000,0.0000,0.0000]
	紹介:[0.0004,0.0003,0.0000,0.0000]
	目立つ:[0.0002,0.0003,0.0000,0.0000]
	書く:[0.0008,0.0018,0.0001,0.0006]
	シャドー:[0.0001,0.0001,0.0000,0.0000]
	比べる:[0.0003,0.0012,0.0016,0.0000]
	詳しい:[0.0001,0.0002,0.0000,0.0000]
	引く:[0.0001,0.0000,0.0003,0.0000]
	構成:[0.0019,0.0009,0.0065,0.0003]
	マフラー:[0.0005,0.0000,0.0000,0.0000]
	込む:[0.0010,0.0006,0.0004,0.0006]
	太い:[0.0017,0.0012,0.0004,0.0001]
	程よい:[0.0000,0.0000,0.0000,0.0000]
	向く:[0.0003,0.0001,0.0001,0.0002]
	表現:[0.0010,0.0008,0.0000,0.0000]
	寄る:[0.0002,0.0003,0.0000,0.0000]
	バーズアイ:[0.0000,0.0000,0.0000,0.0000]
	ある:[0.0105,0.0114,0.0037,0.0052]
	陰影:[0.0000,0.0000,0.0000,0.0000]
	など:[0.0053,0.0054,0.0019,0.0021]
	おる:[0.0006,0.0001,0.0003,0.0000]
	無数だ:[0.0001,0.0001,0.0000,0.0000]
	ため:[0.0033,0.0030,0.0025,0.0027]
	オススメ:[0.0004,0.0004,0.0002,0.0003]
	こなす:[0.0005,0.0005,0.0000,0.0001]
	模様:[0.0004,0.0001,0.0000,0.0000]
	格子:[0.0001,0.0001,0.0000,0.0000]
	優しい:[0.0001,0.0002,0.0000,0.0000]
	複雑だ:[0.0002,0.0002,0.0000,0.0000]
	雰囲気:[0.0006,0.0000,0.0000,0.0001]
	でも:[0.0018,0.0029,0.0017,0.0004]
	ウィンドウ:[0.0001,0.0000,0.0000,0.0001]
	シーン:[0.0007,0.0011,0.0000,0.0000]
	難しい:[0.0005,0.0003,0.0002,0.0001]
	ペン:[0.0011,0.0001,0.0000,0.0032]
	千鳥:[0.0000,0.0000,0.0000,0.0000]
	グレン:[0.0000,0.0000,0.0000,0.0000]
	細い:[0.0014,0.0007,0.0001,0.0000]
	テーマ:[0.0000,0.0000,0.0000,0.0000]
	って:[0.0004,0.0005,0.0003,0.0000]
	秋冬:[0.0001,0.0001,0.0000,0.0000]
	より:[0.0013,0.0022,0.0013,0.0003]
	無地:[0.0008,0.0004,0.0000,0.0000]
	鳥目:[0.0000,0.0000,0.0000,0.0000]
	選ぶ:[0.0007,0.0012,0.0000,0.0000]
	若干:[0.0020,0.0003,0.0036,0.0000]
	めだ:[0.0009,0.0007,0.0003,0.0006]
	目だ:[0.0001,0.0001,0.0000,0.0000]
	大ぶりだ:[0.0001,0.0001,0.0000,0.0000]
	バージョン:[0.0001,0.0001,0.0000,0.0000]
	しまう:[0.0023,0.0018,0.0012,0.0025]
	トレンド:[0.0002,0.0006,0.0017,0.0000]
	する:[0.0384,0.0382,0.0182,0.0461]
	いる:[0.0131,0.0126,0.0100,0.0081]
	工夫:[0.0001,0.0001,0.0001,0.0000]
	すぎる:[0.0007,0.0006,0.0001,0.0004]
	着る:[0.0008,0.0005,0.0001,0.0000]
	現在:[0.0003,0.0004,0.0003,0.0014]
	こと:[0.0094,0.0098,0.0051,0.0087]
	はっきり:[0.0004,0.0003,0.0000,0.0002]
	打つ:[0.0001,0.0001,0.0000,0.0006]
	問題:[0.0008,0.0005,0.0003,0.0003]
	チェック:[0.0004,0.0004,0.0003,0.0002]
	遠い:[0.0001,0.0001,0.0000,0.0000]
	見る:[0.0020,0.0008,0.0013,0.0005]
	おしゃれだ:[0.0002,0.0002,0.0000,0.0001]
	もの:[0.0031,0.0027,0.0008,0.0016]
	ポイント:[0.0005,0.0025,0.0014,0.0000]
	だけ:[0.0013,0.0014,0.0007,0.0014]
	織る:[0.0002,0.0002,0.0000,0.0000]
	ようだ:[0.0046,0.0040,0.0016,0.0063]
	カジュアルだ:[0.0002,0.0001,0.0000,0.0000]
	ストライプ:[0.0012,0.0007,0.0000,0.0000]
	連なる:[0.0000,0.0000,0.0000,0.0000]
	様々だ:[0.0001,0.0003,0.0000,0.0000]
	控えめだ:[0.0000,0.0000,0.0000,0.0000]
	合間:[0.0000,0.0000,0.0000,0.0000]
	ピン:[0.0003,0.0001,0.0000,0.0000]
	的だ:[0.0029,0.0050,0.0013,0.0019]
	角形:[0.0003,0.0002,0.0000,0.0004]
	使える:[0.0004,0.0007,0.0000,0.0001]
	薄める:[0.0000,0.0000,0.0000,0.0000]
	浮き出る:[0.0001,0.0001,0.0000,0.0000]
	特徴:[0.0020,0.0101,0.0002,0.0000]
	ます:[0.0273,0.0231,0.0151,0.0228]
	具合:[0.0001,0.0000,0.0000,0.0001]
	さりげない:[0.0001,0.0000,0.0001,0.0000]
	また:[0.0021,0.0013,0.0011,0.0018]
	のだ:[0.0069,0.0071,0.0039,0.0054]
	から:[0.0059,0.0058,0.0033,0.0058]
	見え:[0.0001,0.0002,0.0000,0.0000]
	生地:[0.0004,0.0005,0.0000,0.0000]
	見える:[0.0008,0.0005,0.0001,0.0008]
	注意:[0.0008,0.0003,0.0005,0.0007]
	ベーシックだ:[0.0001,0.0001,0.0000,0.0000]
	柔らかい:[0.0003,0.0003,0.0000,0.0000]
	小さな:[0.0007,0.0002,0.0000,0.0001]
	主張:[0.0002,0.0002,0.0000,0.0000]
	立つ:[0.0004,0.0004,0.0004,0.0009]
	イメージ:[0.0003,0.0004,0.0000,0.0007]
	近づく:[0.0001,0.0001,0.0000,0.0001]
	ない:[0.0085,0.0106,0.0062,0.0077]
	重ねる:[0.0001,0.0001,0.0000,0.0000]
	使う:[0.0025,0.0029,0.0006,0.0010]
	せる:[0.0017,0.0005,0.0006,0.0030]
	ほど:[0.0005,0.0009,0.0003,0.0000]
	ながら:[0.0005,0.0001,0.0005,0.0011]
	よい:[0.0014,0.0014,0.0004,0.0004]
	ストール:[0.0000,0.0000,0.0000,0.0000]
	アップ:[0.0006,0.0002,0.0024,0.0003]
	ツヤ感:[0.0001,0.0001,0.0000,0.0000]
	そして:[0.0004,0.0004,0.0001,0.0025]
	出る:[0.0008,0.0010,0.0006,0.0004]
	段階:[0.0002,0.0002,0.0001,0.0000]
	コーディネート:[0.0005,0.0003,0.0000,0.0000]
	やすい:[0.0024,0.0029,0.0006,0.0011]
	加減:[0.0000,0.0000,0.0000,0.0000]
	細める:[0.0001,0.0001,0.0000,0.0000]
True-Positive

Section:11
	Ｆｌａｇ：：１０００
	色柄はまず、
	チャコールグレーの無地かピンストライプ
	ミディアムグレーの無地かピンストライプ
	ダークネイビーのピンストライプ
	がオススメです。
Score:0.000352684446914
EACH_TAG_SCORE:
	image:7.05553633267e-05
	table:4.27240666101e-05
	graph:4.91466682861e-06
	flow:0.000234490350149
PARA:
Clueword:
	オススメ:[0.0004,0.0004,0.0002,0.0003]
	グレー:[0.0011,0.0006,0.0000,0.0000]
	ピン:[0.0003,0.0001,0.0000,0.0000]
	無地:[0.0008,0.0004,0.0000,0.0000]
	ダーク:[0.0002,0.0001,0.0001,0.0000]
	チャコール:[0.0001,0.0000,0.0000,0.0000]
	まず:[0.0007,0.0007,0.0001,0.0190]
	ネイビー:[0.0009,0.0005,0.0000,0.0000]
	ミディアム:[0.0001,0.0000,0.0000,0.0000]
	ストライプ:[0.0012,0.0007,0.0000,0.0000]
True-Positive

Section:1
	Ｆｌａｇ：：００００
	スーツの色と柄について
Score:0.000231459912627
EACH_TAG_SCORE:
	image:8.75262677129e-05
	table:8.19330039132e-05
	graph:1.93574329132e-05
	flow:4.26432080882e-05
PARA:
Clueword:
	つく:[0.0016,0.0013,0.0004,0.0009]
	スーツ:[0.0004,0.0005,0.0000,0.0000]
False-Positive

True-Negative:0
False-Positive:6
True-Positive:8
False-Negative:0
precision = 0.571429
recall = 1.000000
fvalue = 0.727273