Section:3
	Ｆｌａｇ：：００１０
	ＦＲは前後重量配分を５０：５０にすることができるため、日常走行から高速走行、さらにスポーティな走行まで存分に楽しむことができます。
	また横滑り防止装置など先進の安全装備を組み合わせることで、その高バランスと相まって雨天時や雪上でも安心して走ることができるという特徴があります。
Score:0.000337443605141
EACH_TAG_SCORE:
	image:6.5077521424e-05
	table:0.000113635442335
	graph:0.000121245548214
	flow:3.74850931684e-05
PARA:
Clueword:
	組み合わせる:[0.0003,0.0006,0.0001,0.0001]
	スポーティだ:[0.0000,0.0000,0.0000,0.0001]
	装備:[0.0000,0.0000,0.0000,0.0001]
	安心:[0.0002,0.0003,0.0000,0.0001]
	特徴:[0.0136,0.0027,0.0000,0.0002]
	走行:[0.0000,0.0003,0.0000,0.0003]
	配分:[0.0001,0.0001,0.0000,0.0033]
	相まつ:[0.0000,0.0000,0.0000,0.0001]
	前後:[0.0009,0.0016,0.0037,0.0056]
	雪上:[0.0000,0.0000,0.0000,0.0001]
	安全だ:[0.0001,0.0001,0.0004,0.0002]
	横滑り:[0.0000,0.0000,0.0000,0.0001]
	存分だ:[0.0000,0.0000,0.0000,0.0001]
	楽しむ:[0.0003,0.0003,0.0000,0.0001]
	日常:[0.0002,0.0003,0.0000,0.0002]
	走る:[0.0001,0.0003,0.0000,0.0002]
	雨天:[0.0000,0.0000,0.0000,0.0001]
	装置:[0.0001,0.0000,0.0000,0.0001]
	高速だ:[0.0001,0.0000,0.0000,0.0001]
	先進:[0.0000,0.0000,0.0008,0.0001]
	防止:[0.0001,0.0001,0.0001,0.0001]
	バランス:[0.0004,0.0028,0.0004,0.0065]
	重量:[0.0004,0.0000,0.0000,0.0001]
False-Negative

Section:4
	Ｆｌａｇ：：０１１０
	ＢＭＷ５シリーズ
	製造コスト面では不利なＦＲ
	運転の楽しさを実現するという点で有利なＦＲですが、逆に製造コストは高くなり、エンジンの生む駆動力を後輪に伝えるために必要になるドライブシャフトが車体中央の床下を貫通するため室内空間が狭くなるといったデメリットもあります。
	このようなことから少しでも製造コストを下げ、より広い室内空間を確保するという最近のクルマ作りには合わず、多少の走りを犠牲にしてもフロント・エンジン＋前輪駆動という「ＦＦ」が国内外の多くのモデルで採用されています。
Score:0.000294840795039
EACH_TAG_SCORE:
	image:6.61290875208e-05
	table:8.29550116013e-05
	graph:0.00011021527678
	flow:3.5541419137e-05
PARA:
Clueword:
	駆動:[0.0006,0.0003,0.0000,0.0002]
	モデル:[0.0001,0.0001,0.0000,0.0001]
	床下:[0.0001,0.0000,0.0000,0.0001]
	生む:[0.0002,0.0001,0.0002,0.0002]
	内外:[0.0001,0.0000,0.0000,0.0001]
	有利だ:[0.0001,0.0000,0.0000,0.0001]
	必要だ:[0.0032,0.0019,0.0029,0.0007]
	シリーズ:[0.0001,0.0001,0.0000,0.0001]
	フロント:[0.0001,0.0000,0.0000,0.0001]
	伝える:[0.0004,0.0007,0.0001,0.0003]
	貫通:[0.0001,0.0000,0.0000,0.0001]
	走る:[0.0001,0.0003,0.0000,0.0002]
	広い:[0.0003,0.0005,0.0001,0.0002]
	合う:[0.0005,0.0006,0.0000,0.0001]
	楽しい:[0.0001,0.0000,0.0000,0.0001]
	中央:[0.0005,0.0025,0.0000,0.0001]
	確保:[0.0002,0.0000,0.0000,0.0005]
	空間:[0.0004,0.0001,0.0000,0.0002]
	コスト:[0.0005,0.0000,0.0000,0.0004]
	ドライブ:[0.0001,0.0000,0.0000,0.0001]
	狭い:[0.0002,0.0001,0.0000,0.0001]
	不利だ:[0.0001,0.0000,0.0000,0.0003]
	後輪:[0.0005,0.0002,0.0000,0.0001]
	車体:[0.0001,0.0007,0.0000,0.0001]
	犠牲:[0.0001,0.0001,0.0000,0.0001]
	製造:[0.0002,0.0000,0.0002,0.0005]
	作り:[0.0001,0.0001,0.0000,0.0001]
	少し:[0.0007,0.0014,0.0008,0.0002]
	デメリット:[0.0061,0.0008,0.0000,0.0001]
	クルマ:[0.0001,0.0003,0.0000,0.0001]
	前輪:[0.0002,0.0000,0.0000,0.0001]
	エンジン:[0.0002,0.0007,0.0000,0.0002]
	多く:[0.0007,0.0009,0.0001,0.0064]
	採用:[0.0001,0.0003,0.0000,0.0002]
	運転:[0.0002,0.0001,0.0002,0.0001]
	高い:[0.0020,0.0010,0.0007,0.0121]
	下げる:[0.0001,0.0001,0.0004,0.0001]
	最近:[0.0005,0.0003,0.0027,0.0022]
	シャフト:[0.0001,0.0002,0.0000,0.0001]
	多少:[0.0001,0.0013,0.0001,0.0001]
	実現:[0.0002,0.0001,0.0001,0.0001]
	逆だ:[0.0008,0.0005,0.0002,0.0003]
False-Negative

Section:6
	Ｆｌａｇ：：１０００
	ＢＭＷはこのようなＦＦ化のトレンドに流されることなく、コンパクトクラスでもＦＲを採用。
	現在販売されている１シリーズは、Ｃセグメントクラス唯一のＦＲとして走りにこだわるオーナーに選ばれています。
	また走行状況によって前後アクセルの駆動トルクを配分を積極的にコントロールし、悪路での走行性能を向上させるインテリジェント・フルタイム四輪駆動モデルｘＤｒｉｖｅも、ＢＭＷがこだわり続けるＦＲをベースにした四輪駆動モデルとなっており、走りの楽しさはＦＦベースの四輪駆動と比べると大きな違いを感じることができるはずです。
Score:0.000279149020911
EACH_TAG_SCORE:
	image:6.483667813e-05
	table:8.34499161524e-05
	graph:8.97026819003e-05
	flow:4.1159744728e-05
PARA:
Clueword:
	駆動:[0.0006,0.0003,0.0000,0.0002]
	感じる:[0.0012,0.0014,0.0005,0.0004]
	モデル:[0.0001,0.0001,0.0000,0.0001]
	選ぶ:[0.0017,0.0010,0.0000,0.0000]
	走行:[0.0000,0.0003,0.0000,0.0003]
	前後:[0.0009,0.0016,0.0037,0.0056]
	ベース:[0.0001,0.0002,0.0001,0.0003]
	トレンド:[0.0008,0.0003,0.0000,0.0021]
	性能:[0.0005,0.0001,0.0000,0.0000]
	販売:[0.0001,0.0001,0.0000,0.0001]
	シリーズ:[0.0001,0.0001,0.0000,0.0001]
	現在:[0.0006,0.0004,0.0018,0.0004]
	クラス:[0.0005,0.0002,0.0000,0.0000]
	状況:[0.0024,0.0004,0.0003,0.0005]
	楽しい:[0.0001,0.0000,0.0000,0.0001]
	コンパクト:[0.0000,0.0000,0.0000,0.0000]
	トルク:[0.0000,0.0000,0.0000,0.0000]
	続ける:[0.0005,0.0002,0.0000,0.0006]
	大きな:[0.0007,0.0023,0.0004,0.0006]
	採用:[0.0001,0.0003,0.0000,0.0002]
	アクセル:[0.0000,0.0000,0.0000,0.0000]
	的だ:[0.0068,0.0040,0.0029,0.0016]
	オーナー:[0.0000,0.0000,0.0000,0.0002]
	配分:[0.0001,0.0001,0.0000,0.0033]
	比べる:[0.0017,0.0004,0.0000,0.0020]
	フルタイム:[0.0000,0.0000,0.0000,0.0000]
	唯一:[0.0007,0.0001,0.0000,0.0000]
	積極:[0.0001,0.0002,0.0000,0.0000]
	インテリジェント:[0.0000,0.0000,0.0000,0.0000]
	流す:[0.0001,0.0005,0.0006,0.0000]
	走る:[0.0001,0.0003,0.0000,0.0002]
	コントロール:[0.0000,0.0002,0.0000,0.0000]
	向上:[0.0002,0.0000,0.0000,0.0037]
	セグメント:[0.0000,0.0002,0.0000,0.0000]
	違う:[0.0015,0.0012,0.0004,0.0010]
False-Negative

Section:2
	Ｆｌａｇ：：１０００
	スポーティな走りと抜群の重量配分を実現する
	ＢＭＷはフロント・エンジン＋後輪駆動という「ＦＲ」のレイアウトに強いこだわりを持つメーカーです。
	「駆け抜ける歓び」をブランドコンセプトに掲げるＢＭＷは、運動性能や乗り心地といった走りのフィーリングをダイレクトにドライバーに伝えるために長きに渡りこのレイアウトを採用してきました。
Score:0.000158548775264
EACH_TAG_SCORE:
	image:4.8228110657e-05
	table:4.05376229487e-05
	graph:4.62704448536e-05
	flow:2.35125968046e-05
PARA:
Clueword:
	スポーティだ:[0.0000,0.0000,0.0000,0.0001]
	駆動:[0.0006,0.0003,0.0000,0.0002]
	採用:[0.0001,0.0003,0.0000,0.0002]
	後輪:[0.0005,0.0002,0.0000,0.0001]
	駆け抜ける:[0.0000,0.0000,0.0000,0.0000]
	配分:[0.0001,0.0001,0.0000,0.0033]
	持つ:[0.0011,0.0010,0.0022,0.0001]
	渡る:[0.0000,0.0001,0.0001,0.0000]
	レイアウト:[0.0000,0.0002,0.0002,0.0000]
	抜群だ:[0.0001,0.0001,0.0000,0.0000]
	フィーリング:[0.0000,0.0000,0.0000,0.0000]
	心地:[0.0000,0.0000,0.0000,0.0000]
	エンジン:[0.0002,0.0007,0.0000,0.0002]
	掲げる:[0.0000,0.0002,0.0000,0.0001]
	コンセプト:[0.0000,0.0000,0.0000,0.0000]
	性能:[0.0005,0.0001,0.0000,0.0000]
	乗る:[0.0000,0.0001,0.0000,0.0000]
	歓ぶ:[0.0000,0.0000,0.0000,0.0000]
	強い:[0.0008,0.0006,0.0000,0.0001]
	フロント:[0.0001,0.0000,0.0000,0.0001]
	伝える:[0.0004,0.0007,0.0001,0.0003]
	走る:[0.0001,0.0003,0.0000,0.0002]
	メーカー:[0.0001,0.0001,0.0008,0.0000]
	ダイレクトだ:[0.0001,0.0001,0.0000,0.0000]
	実現:[0.0002,0.0001,0.0001,0.0001]
	長い:[0.0007,0.0019,0.0004,0.0026]
	重量:[0.0004,0.0000,0.0000,0.0001]
	ドライバー:[0.0003,0.0000,0.0000,0.0002]
	運動:[0.0001,0.0000,0.0000,0.0000]
	ブランド:[0.0007,0.0004,0.0000,0.0000]
False-Negative

Section:5
	Ｆｌａｇ：：００００
	ＢＭＷＸ５
	四輪駆動でも前輪駆動でも、味付けの基本はＦＲ
Score:9.75387735715e-05
EACH_TAG_SCORE:
	image:2.55506819896e-05
	table:5.24129022082e-05
	graph:1.61700066862e-05
	flow:3.40518268754e-06
PARA:
Clueword:
	基本:[0.0013,0.0006,0.0001,0.0003]
	駆動:[0.0006,0.0003,0.0000,0.0002]
	前輪:[0.0002,0.0000,0.0000,0.0001]
True-Negative

Section:1
	Ｆｌａｇ：：００００
	ＢＭＷが、ＦＲ（後輪駆動）にこだわったクルマづくりをする理由とは
	ＢＭＷのキホン｜ＢＭＷの基本
	ＳＵＭＯＭＥ
	ＢＭＷ６シリーズ
Score:9.46274410299e-05
EACH_TAG_SCORE:
	image:2.66235116163e-05
	table:4.348109372e-05
	graph:2.04260806094e-05
	flow:4.09675508422e-06
PARA:
Clueword:
	基本:[0.0013,0.0006,0.0001,0.0003]
	駆動:[0.0006,0.0003,0.0000,0.0002]
	後輪:[0.0005,0.0002,0.0000,0.0001]
	シリーズ:[0.0001,0.0001,0.0000,0.0001]
	理由:[0.0007,0.0004,0.0002,0.0007]
	クルマ:[0.0001,0.0003,0.0000,0.0001]
True-Negative

Section:7
	Ｆｌａｇ：：００００
	１シリーズから７シリーズまで、ＢＭＷのラインナップはほぼＦＲを採用していますが、２０１５年にＢＭＷは２シリーズ・アクティブツアラーとグランツアラーというＦＦを採用したモデルを追加しています。
	ＢＭＷでは初のＦＦモデルですが、さすがはＦＲにこだわり続けてきたブランド。
	ＦＦのデメリットを極限まで減らし、実にＦＲのようなフィーリングを楽しめる味付けになっています。
	ＢＭＷはたとえ駆動方式がＦＦとなっても、味付けの基本はＦＲなのです。
Score:9.43164509085e-05
EACH_TAG_SCORE:
	image:1.62700072294e-05
	table:5.28434700633e-05
	graph:2.08893532439e-05
	flow:4.31362037188e-06
PARA:
Clueword:
	駆動:[0.0006,0.0003,0.0000,0.0002]
	採用:[0.0001,0.0003,0.0000,0.0002]
	モデル:[0.0001,0.0001,0.0000,0.0001]
	続ける:[0.0005,0.0002,0.0000,0.0006]
	ブランド:[0.0007,0.0004,0.0000,0.0000]
	楽しめる:[0.0001,0.0000,0.0000,0.0002]
	ライン:[0.0001,0.0004,0.0001,0.0001]
	デメリット:[0.0061,0.0008,0.0000,0.0001]
	フィーリング:[0.0000,0.0000,0.0000,0.0000]
	基本:[0.0013,0.0006,0.0001,0.0003]
	シリーズ:[0.0001,0.0001,0.0000,0.0001]
	方式:[0.0016,0.0000,0.0000,0.0000]
	減らす:[0.0007,0.0001,0.0003,0.0028]
	追加:[0.0000,0.0001,0.0004,0.0000]
True-Negative

True-Negative:3
False-Positive:0
True-Positive:0
False-Negative:4
precision = 0.000000
recall = 0.000000
fvalue = 0.000000