Section:2
	Ｆｌａｇ：：０１０１
	特許庁によると、商標登録の出願があった後で、手数料が支払われると、申請内容の審査が始まる。
	問題がなければ、６ヶ月程度で商標が登録されるという。
	一方、手数料の支払いがなかったり、（１）申請した商標を使った商品、サービスなどが実現する可能性が低い（２）他人が許可なく著名な名称で出願する（３）「五輪」のような公共性の高い名称を出願する−などに該当すると判断されたりした場合、登録が認められない。
	特許庁は、今回の「ＰＰＡＰ」の商標出願問題について、「個別の案件に関してはコメント差し控える」と回答。
	ただ、こうした審査基準に照らせば、大阪府の企業がピコ太郎側から承諾を得ていない場合、商標登録がされる可能性は低い。
Score:0.000529039516199
EACH_TAG_SCORE:
	image:7.41240221129e-05
	table:0.00025719847468
	graph:0.000110262160707
	flow:8.74548586982e-05
PARA:
Clueword:
	差し控える:[0.0001,0.0000,0.0001,0.0000]
	申請:[0.0003,0.0004,0.0006,0.0002]
	名称:[0.0002,0.0001,0.0003,0.0000]
	今回:[0.0002,0.0002,0.0003,0.0005]
	低い:[0.0009,0.0019,0.0005,0.0071]
	案件:[0.0002,0.0000,0.0001,0.0001]
	太郎:[0.0001,0.0000,0.0001,0.0000]
	出願:[0.0002,0.0000,0.0005,0.0000]
	公共:[0.0001,0.0000,0.0001,0.0002]
	承諾:[0.0001,0.0000,0.0001,0.0000]
	個別:[0.0001,0.0001,0.0003,0.0000]
	商標:[0.0003,0.0000,0.0007,0.0000]
	得る:[0.0004,0.0003,0.0003,0.0002]
	回答:[0.0009,0.0008,0.0017,0.0001]
	手数:[0.0003,0.0003,0.0005,0.0000]
	認める:[0.0005,0.0001,0.0001,0.0000]
	問題:[0.0008,0.0011,0.0005,0.0004]
	商品:[0.0011,0.0001,0.0009,0.0002]
	ヶ月:[0.0001,0.0001,0.0002,0.0000]
	登録:[0.0003,0.0001,0.0005,0.0000]
	審査:[0.0001,0.0000,0.0003,0.0000]
	大阪:[0.0001,0.0000,0.0001,0.0000]
	該当:[0.0009,0.0007,0.0001,0.0000]
	支払う:[0.0002,0.0001,0.0005,0.0002]
	特許:[0.0001,0.0000,0.0003,0.0000]
	五輪:[0.0001,0.0000,0.0001,0.0000]
	場合:[0.0488,0.0062,0.0034,0.0053]
	コメント:[0.0002,0.0000,0.0001,0.0000]
	著名だ:[0.0001,0.0000,0.0001,0.0000]
	企業:[0.0006,0.0002,0.0016,0.0003]
	照らす:[0.0002,0.0001,0.0001,0.0000]
	可能だ:[0.0013,0.0008,0.0011,0.0011]
	他人:[0.0001,0.0001,0.0001,0.0000]
	一方:[0.0046,0.0003,0.0001,0.0032]
	許可:[0.0013,0.0010,0.0028,0.0000]
	判断:[0.0008,0.0009,0.0001,0.0000]
	程度:[0.0019,0.0013,0.0012,0.0022]
	高い:[0.0020,0.0010,0.0007,0.0121]
	ピコ:[0.0001,0.0000,0.0001,0.0000]
	サービス:[0.0022,0.0003,0.0009,0.0000]
	始まる:[0.0003,0.0000,0.0023,0.0001]
	実現:[0.0002,0.0001,0.0001,0.0001]
	内容:[0.0018,0.0010,0.0009,0.0002]
	関する:[0.0002,0.0001,0.0001,0.0002]
	使う:[0.0040,0.0035,0.0014,0.0008]
	基準:[0.0024,0.0002,0.0003,0.0003]
True-Positive

Section:1
	Ｆｌａｇ：：００００
	ピコ太郎の大ヒット曲「Ｐｅｎ－Ｐｉｎｅａｐｐｌｅ－Ａｐｐｌｅ－Ｐｅｎ（ＰＰＡＰ）」を、無関係の会社が商標出願していることが問題になっている。
	これによってピコ太郎はＰＰＡＰが使えなくなってしまうのだろうか？
	ハフィントンポストでは、登録を担当している特許庁に聞いてみた。
	すると、担当者は一般論として、「著名な名称で出願があった場合、承諾の有無などが審査の対象となる」と話した。
Score:0.000448299319238
EACH_TAG_SCORE:
	image:5.53846120261e-05
	table:0.000283525302371
	graph:4.49964350683e-05
	flow:6.43929697727e-05
PARA:
Clueword:
	登録:[0.0003,0.0001,0.0005,0.0000]
	審査:[0.0001,0.0000,0.0003,0.0000]
	承諾:[0.0001,0.0000,0.0001,0.0000]
	ヒット:[0.0001,0.0000,0.0000,0.0000]
	名称:[0.0002,0.0001,0.0003,0.0000]
	場合:[0.0488,0.0062,0.0034,0.0053]
	使える:[0.0010,0.0006,0.0002,0.0000]
	特許:[0.0001,0.0000,0.0003,0.0000]
	対象:[0.0004,0.0002,0.0000,0.0003]
	太郎:[0.0001,0.0000,0.0001,0.0000]
	出願:[0.0002,0.0000,0.0005,0.0000]
	著名だ:[0.0001,0.0000,0.0001,0.0000]
	会社:[0.0018,0.0012,0.0019,0.0010]
	話す:[0.0001,0.0003,0.0009,0.0008]
	ピコ:[0.0001,0.0000,0.0001,0.0000]
	有無:[0.0001,0.0001,0.0000,0.0000]
	一般:[0.0012,0.0008,0.0010,0.0000]
	商標:[0.0003,0.0000,0.0007,0.0000]
	聞く:[0.0005,0.0001,0.0020,0.0007]
	担当:[0.0003,0.0002,0.0000,0.0004]
	問題:[0.0008,0.0011,0.0005,0.0004]
True-Negative

Section:3
	Ｆｌａｇ：：００００
	今回の問題では、大阪府の無関係の企業が２０１６年から２０１７年にかけ、ピコ太郎の所属するエイベックス側よりも前に、「ＰＰＡＰ」「ペンパイナッポーアッポーペン」など計７件を申請した。
	特許庁によると、手数料が支払われておらず、いずれも審査待ちとなっている。
	一方、エイベックス側は、「ＰＰＡＰ」のみ出願している。
	商標登録制度では、先に出願した人に商標権を与える先願主義を採用。
	出願した順番で審査するため、「ＰＰＡＰ」も先に出願した大阪府の会社の結果が出ない限り、エイベックス側の審査は始まらない。
	特許庁によると、近年一部の出願者が他人の商標を先取って申請し、手数料を支払わない事例が横行。
	特許庁は、こうした出願を一旦は受け付けるが、支払いの意思がないことを確認して却下処分を行っており、ホームページ上で注意喚起している。
	こうした事態にピコ太郎本人も困惑。
	日本テレビの情報番組「スッキリ！！」の中で、「世の中でいろんなことがある」と答えていた。
	ＰＰＡＰが使えなくなるのではと取り沙汰されたが、ピコ太郎側が承諾していなければ、そうした事態にはならなさそうだ。
Score:0.000162555135424
EACH_TAG_SCORE:
	image:3.16892190757e-05
	table:4.72909576113e-05
	graph:2.77042207975e-05
	flow:5.58707379393e-05
PARA:
Clueword:
	今回:[0.0002,0.0002,0.0003,0.0005]
	ホームページ:[0.0001,0.0000,0.0000,0.0000]
	確認:[0.0006,0.0011,0.0015,0.0000]
	始まる:[0.0003,0.0000,0.0023,0.0001]
	待つ:[0.0004,0.0004,0.0003,0.0001]
	世の中:[0.0001,0.0000,0.0000,0.0000]
	太郎:[0.0001,0.0000,0.0001,0.0000]
	出願:[0.0002,0.0000,0.0005,0.0000]
	処分:[0.0000,0.0001,0.0000,0.0000]
	受け付ける:[0.0000,0.0001,0.0002,0.0000]
	本人:[0.0001,0.0001,0.0002,0.0000]
	日本:[0.0013,0.0009,0.0012,0.0021]
	商標:[0.0003,0.0000,0.0007,0.0000]
	スッキリ:[0.0000,0.0001,0.0000,0.0000]
	手数:[0.0003,0.0003,0.0005,0.0000]
	情報:[0.0010,0.0001,0.0004,0.0000]
	申請:[0.0003,0.0004,0.0006,0.0002]
	事例:[0.0007,0.0002,0.0000,0.0000]
	結果:[0.0005,0.0005,0.0011,0.0013]
	意思:[0.0000,0.0002,0.0000,0.0000]
	限り:[0.0002,0.0002,0.0000,0.0001]
	一部:[0.0011,0.0003,0.0000,0.0013]
	登録:[0.0003,0.0001,0.0005,0.0000]
	審査:[0.0001,0.0000,0.0003,0.0000]
	制度:[0.0003,0.0000,0.0000,0.0000]
	承諾:[0.0001,0.0000,0.0001,0.0000]
	採用:[0.0001,0.0003,0.0000,0.0002]
	取る:[0.0012,0.0009,0.0001,0.0003]
	支払う:[0.0002,0.0001,0.0005,0.0002]
	特許:[0.0001,0.0000,0.0003,0.0000]
	答える:[0.0001,0.0002,0.0000,0.0001]
	使える:[0.0010,0.0006,0.0002,0.0000]
	所属:[0.0001,0.0000,0.0000,0.0002]
	近年:[0.0001,0.0001,0.0019,0.0000]
	行く:[0.0008,0.0006,0.0003,0.0003]
	企業:[0.0006,0.0002,0.0016,0.0003]
	会社:[0.0018,0.0012,0.0019,0.0010]
	与える:[0.0002,0.0003,0.0005,0.0001]
	大阪:[0.0001,0.0000,0.0001,0.0000]
	注意:[0.0005,0.0012,0.0010,0.0006]
	他人:[0.0001,0.0001,0.0001,0.0000]
	一方:[0.0046,0.0003,0.0001,0.0032]
	テレビ:[0.0002,0.0004,0.0000,0.0000]
	問題:[0.0008,0.0011,0.0005,0.0004]
	ピコ:[0.0001,0.0000,0.0001,0.0000]
	順番:[0.0001,0.0001,0.0021,0.0000]
	一旦:[0.0001,0.0000,0.0000,0.0003]
	出る:[0.0013,0.0011,0.0005,0.0007]
	エイベックス:[0.0002,0.0000,0.0000,0.0000]
	ペン:[0.0002,0.0016,0.0047,0.0000]
True-Negative

True-Negative:2
False-Positive:0
True-Positive:1
False-Negative:0
precision = 1.000000
recall = 1.000000
fvalue = 1.000000