Section:8
	Ｆｌａｇ：：００１０
	６．キャンドルの芯にも注目を！
	キャンドルの芯に使われていた鉛は発がんの可能性があるとして２００３年にはアメリカにおいて製造禁止となっています。
	現在日本で販売されている物で鉛を使用している物の可能性は極めて低いですが、不安な方には”ＡｒｏｍａＡｒｃｈｉｔｅｃｔ”のキャンドルの芯は１００％コットン芯を使用しています。
	買われる前にはきちんとお店の方に聞きましょう！
Score:0.000414235301521
EACH_TAG_SCORE:
	image:5.07481260951e-05
	table:5.91107286341e-05
	graph:0.000244481921478
	flow:5.98945253135e-05
PARA:
Clueword:
	％:[0.0005,0.0000,0.0000,0.0313]
	使用:[0.0011,0.0011,0.0022,0.0000]
	キャンドル:[0.0000,0.0002,0.0000,0.0004]
	製造:[0.0002,0.0000,0.0002,0.0005]
	禁止:[0.0004,0.0000,0.0000,0.0002]
	不安だ:[0.0001,0.0002,0.0002,0.0009]
	低い:[0.0009,0.0019,0.0005,0.0071]
	可能だ:[0.0013,0.0008,0.0011,0.0011]
	日本:[0.0013,0.0009,0.0012,0.0021]
	販売:[0.0001,0.0001,0.0000,0.0001]
	現在:[0.0006,0.0004,0.0018,0.0004]
	アメリカ:[0.0000,0.0003,0.0002,0.0004]
	注目:[0.0003,0.0000,0.0000,0.0002]
	聞く:[0.0005,0.0001,0.0020,0.0007]
	買う:[0.0002,0.0002,0.0009,0.0005]
	発がん:[0.0000,0.0000,0.0000,0.0002]
	使う:[0.0040,0.0035,0.0014,0.0008]
False-Negative

Section:1
	Ｆｌａｇ：：００００
	リラックス効果倍増☆アロマキャンドルを効果的に使う７つの方法
	時代のせいなのか景気のせいなのか・・・ストレスといった言葉をよく耳にします。
	ストレスの無い人間なんていないと思うのですが、さて皆さんはどうやって日々のストレス解消されているんでしょう！
	好きな曲を聞きながら好きな事をする、好きな物を食べる、好きなテレビやＤＶＤを見る、といっぱいありますが、人間の嗅覚をついた香りで刺激するってどうですか？香りっていい匂い、嫌な匂いとありますがいい匂いを嗅いだ時の心理としてはドキドキや嬉しさ楽しさで知らないうちに笑顔になっているんです！
	これを使ってストレスを減少させリラックス出来る”アロマキャンドル”を試して頂きたい！アロマと一言で言ってもかなりの種類もありその中で自分の好みの香りを選んでいくという工程もとても楽しい時間となりますよね。
Score:0.000406478385465
EACH_TAG_SCORE:
	image:8.18754528545e-05
	table:0.000146885358
	graph:6.10352323995e-05
	flow:0.000116682342211
PARA:
Clueword:
	香る:[0.0001,0.0004,0.0000,0.0000]
	皆さん:[0.0001,0.0000,0.0000,0.0002]
	嫌だ:[0.0000,0.0000,0.0008,0.0002]
	時間:[0.0014,0.0005,0.0005,0.0011]
	キャンドル:[0.0000,0.0002,0.0000,0.0004]
	選ぶ:[0.0017,0.0010,0.0000,0.0000]
	ストレス:[0.0002,0.0001,0.0000,0.0000]
	自分:[0.0017,0.0012,0.0020,0.0009]
	方法:[0.0052,0.0026,0.0194,0.0002]
	人間:[0.0001,0.0002,0.0001,0.0000]
	好み:[0.0001,0.0000,0.0000,0.0002]
	言葉:[0.0004,0.0001,0.0000,0.0000]
	心理:[0.0000,0.0002,0.0000,0.0001]
	思う:[0.0015,0.0029,0.0045,0.0006]
	種類:[0.0230,0.0032,0.0002,0.0005]
	解消:[0.0000,0.0003,0.0000,0.0000]
	食べる:[0.0006,0.0008,0.0005,0.0001]
	無い:[0.0002,0.0001,0.0001,0.0000]
	工程:[0.0000,0.0000,0.0064,0.0000]
	楽しい:[0.0001,0.0000,0.0000,0.0001]
	日々:[0.0002,0.0001,0.0000,0.0000]
	見る:[0.0011,0.0028,0.0008,0.0016]
	効果:[0.0021,0.0015,0.0000,0.0006]
	出来る:[0.0006,0.0005,0.0003,0.0002]
	テレビ:[0.0002,0.0004,0.0000,0.0000]
	減少:[0.0000,0.0001,0.0000,0.0106]
	一言:[0.0002,0.0001,0.0000,0.0000]
	好きだ:[0.0002,0.0003,0.0002,0.0002]
	的だ:[0.0068,0.0040,0.0029,0.0016]
	景気:[0.0003,0.0000,0.0010,0.0006]
	言う:[0.0015,0.0018,0.0007,0.0004]
	笑顔:[0.0000,0.0001,0.0000,0.0000]
	時代:[0.0003,0.0002,0.0002,0.0004]
	アロマ:[0.0000,0.0002,0.0000,0.0000]
	匂う:[0.0000,0.0002,0.0000,0.0000]
	頂く:[0.0000,0.0001,0.0000,0.0000]
	リラックス:[0.0001,0.0001,0.0000,0.0001]
	聞く:[0.0005,0.0001,0.0020,0.0007]
	嬉しい:[0.0001,0.0000,0.0000,0.0000]
	知る:[0.0009,0.0009,0.0004,0.0008]
	試す:[0.0003,0.0001,0.0000,0.0000]
	刺激:[0.0001,0.0001,0.0000,0.0000]
	ドキドキ:[0.0000,0.0001,0.0000,0.0000]
	使う:[0.0040,0.0035,0.0014,0.0008]
True-Negative

Section:5
	Ｆｌａｇ：：００００
	今では雑貨屋さんや１００均といったお店にも売っていますが、人工香料等を使っている場合がありますので、不安な方はアロマ専用のお店に行かれるのが安心して良い香りと巡り会えるかと思います！
	２．楽しみ方は、インテリアｏｒゆらめきの２パターン
	キャンドルですが、火を灯さなくてもオイルの香りがあるのでインテリアとしても可愛い物が多いので見て香って楽しめることが出来ます。
	しばらくインテリアとして楽しめば香りが残っているうちに火を灯して使ってみましょう。
	ただ飾っているとどうしてもホコリがたまるので火を付ける前には必ずキレイに拭き取りましょう。
	お部屋のフレグランスに使われているのもよく見かけますが、家やお店でアロマの香りが漂ってくると自分だけでなくお客様にも優雅な時間を共に過ごすことが出来るので、心身共にリラックス出来ます。
	また、リラックスだけでなくアイディア力や企画力がＵＰされますよ！
	インテリアとしても最高ですが、キャンドルの灯りは心臓の鼓動と同じリズムを持つユラメキ。
	『１／ｆゆらぎ』なのでリラックスできると言われていますので、ぜひ火を灯してユラメキを体験してみて下さい。
	３．キャンドルの灯し方のコツ
Score:0.000300389496156
EACH_TAG_SCORE:
	image:6.61504744192e-05
	table:0.00014581846735
	graph:4.23265333216e-05
	flow:4.60940210647e-05
PARA:
Clueword:
	拭く:[0.0000,0.0000,0.0001,0.0000]
	香る:[0.0001,0.0004,0.0000,0.0000]
	灯る:[0.0000,0.0002,0.0000,0.0000]
	今では:[0.0001,0.0000,0.0000,0.0002]
	専用:[0.0000,0.0002,0.0000,0.0000]
	時間:[0.0014,0.0005,0.0005,0.0011]
	キャンドル:[0.0000,0.0002,0.0000,0.0004]
	下さる:[0.0004,0.0005,0.0000,0.0002]
	同じだ:[0.0018,0.0014,0.0008,0.0010]
	多い:[0.0042,0.0032,0.0009,0.0037]
	可愛い:[0.0000,0.0000,0.0000,0.0000]
	心身:[0.0001,0.0001,0.0000,0.0000]
	自分:[0.0017,0.0012,0.0020,0.0009]
	付ける:[0.0002,0.0006,0.0011,0.0002]
	人工:[0.0001,0.0000,0.0000,0.0000]
	必ず:[0.0003,0.0004,0.0005,0.0003]
	心臓:[0.0001,0.0001,0.0000,0.0001]
	過ごす:[0.0001,0.0001,0.0000,0.0000]
	残る:[0.0002,0.0003,0.0003,0.0006]
	出来る:[0.0006,0.0005,0.0003,0.0002]
	言う:[0.0015,0.0018,0.0007,0.0004]
	見る:[0.0011,0.0028,0.0008,0.0016]
	キレイだ:[0.0000,0.0004,0.0000,0.0000]
	取る:[0.0012,0.0009,0.0001,0.0003]
	見かける:[0.0001,0.0001,0.0000,0.0000]
	場合:[0.0488,0.0062,0.0034,0.0053]
	安心:[0.0002,0.0003,0.0000,0.0001]
	コツ:[0.0001,0.0002,0.0000,0.0000]
	楽しむ:[0.0003,0.0003,0.0000,0.0001]
	持つ:[0.0011,0.0010,0.0022,0.0001]
	部屋:[0.0000,0.0001,0.0000,0.0000]
	不安だ:[0.0001,0.0002,0.0002,0.0009]
	楽しめる:[0.0001,0.0000,0.0000,0.0002]
	アロマ:[0.0000,0.0002,0.0000,0.0000]
	最高だ:[0.0001,0.0001,0.0000,0.0002]
	漂う:[0.0000,0.0001,0.0000,0.0001]
	リラックス:[0.0001,0.0001,0.0000,0.0001]
	良い:[0.0018,0.0015,0.0014,0.0008]
	使う:[0.0040,0.0035,0.0014,0.0008]
	共に:[0.0001,0.0002,0.0001,0.0000]
	売る:[0.0001,0.0005,0.0014,0.0008]
	オイル:[0.0001,0.0001,0.0000,0.0002]
	巡る:[0.0000,0.0000,0.0000,0.0000]
	思う:[0.0015,0.0029,0.0045,0.0006]
	行く:[0.0008,0.0006,0.0003,0.0003]
	パターン:[0.0007,0.0003,0.0006,0.0002]
True-Negative

Section:6
	Ｆｌａｇ：：１０００
	火のつけ方ですが、最初が肝心で新品のキャンドルには表面部分のロウが全て溶けるまで、火をつけておくことです。
	途中で消してしまっては最後まできれいに溶けずに残ってしまいます。
	初めにロウを溶かしておいた部分しか溶けないので注意して下さいね。
	最初に使われるなら、夜に電気を消して灯りの代わりに使っていただくとすぐに消すようにはならないと思いますし、薄暗い中での良い香りはとっても精神的に安定する時間です！
	忙しくてスパに行けないという方には１時間自宅使っていると同程度の効果があります。
	４．キレイな炎を作る
	火の灯りが一定でない時には調整します。
	きれいに燃やすためには０．５ｃｍほどがベストです。
	長すぎるのはよくありませんので長ければハサミで芯を切って調整します。
	キレイな炎だと最後まで使える事が出来ます。
	いつでもすぐに使えるように灯りの調整は重要です。
	あっては困ることですが、もしもの災害時には停電になったりすることもありますが、そういう時にもアロマキャンドルを使うというのもあります。
	普通のロウソクより太く安定していますし、そこに不安な時間もアロマの香りで少しでも解消できるのではないかと思います。
Score:0.000221904929312
EACH_TAG_SCORE:
	image:7.79665120829e-05
	table:6.56510553823e-05
	graph:3.03525359939e-05
	flow:4.79348258529e-05
PARA:
Clueword:
	香る:[0.0001,0.0004,0.0000,0.0000]
	灯る:[0.0000,0.0002,0.0000,0.0000]
	普通だ:[0.0002,0.0003,0.0000,0.0001]
	行ける:[0.0001,0.0001,0.0000,0.0000]
	溶ける:[0.0002,0.0003,0.0000,0.0000]
	キャンドル:[0.0000,0.0002,0.0000,0.0004]
	途中:[0.0001,0.0002,0.0000,0.0000]
	下さる:[0.0004,0.0005,0.0000,0.0002]
	最初:[0.0000,0.0001,0.0019,0.0000]
	ロウ:[0.0000,0.0001,0.0000,0.0000]
	電気:[0.0000,0.0005,0.0000,0.0000]
	代わり:[0.0001,0.0001,0.0000,0.0000]
	燃やす:[0.0000,0.0001,0.0002,0.0000]
	ベストだ:[0.0001,0.0003,0.0000,0.0002]
	スパ:[0.0000,0.0001,0.0000,0.0000]
	薄暗い:[0.0000,0.0001,0.0000,0.0000]
	表面:[0.0001,0.0008,0.0000,0.0000]
	困る:[0.0002,0.0001,0.0000,0.0000]
	全て:[0.0001,0.0002,0.0000,0.0000]
	忙しい:[0.0001,0.0001,0.0001,0.0002]
	重要だ:[0.0010,0.0005,0.0000,0.0005]
	残る:[0.0002,0.0003,0.0003,0.0006]
	ロウソク:[0.0000,0.0001,0.0000,0.0000]
	ハサミ:[0.0000,0.0001,0.0000,0.0000]
	効果:[0.0021,0.0015,0.0000,0.0006]
	出来る:[0.0006,0.0005,0.0003,0.0002]
	解消:[0.0000,0.0003,0.0000,0.0000]
	災害:[0.0000,0.0001,0.0000,0.0000]
	キレイだ:[0.0000,0.0004,0.0000,0.0000]
	消す:[0.0000,0.0006,0.0009,0.0000]
	初め:[0.0001,0.0001,0.0000,0.0000]
	使える:[0.0010,0.0006,0.0002,0.0000]
	一定:[0.0002,0.0002,0.0000,0.0001]
	作る:[0.0016,0.0015,0.0027,0.0002]
	アロマ:[0.0000,0.0002,0.0000,0.0000]
	溶かす:[0.0000,0.0001,0.0000,0.0000]
	少し:[0.0007,0.0014,0.0008,0.0002]
	不安だ:[0.0001,0.0002,0.0002,0.0009]
	最後だ:[0.0001,0.0005,0.0014,0.0000]
	注意:[0.0005,0.0012,0.0010,0.0006]
	太い:[0.0016,0.0023,0.0001,0.0005]
	自宅:[0.0001,0.0001,0.0000,0.0000]
	肝心だ:[0.0000,0.0001,0.0000,0.0000]
	部分:[0.0028,0.0052,0.0015,0.0001]
	安定:[0.0001,0.0004,0.0000,0.0000]
	程度:[0.0019,0.0013,0.0012,0.0022]
	調整:[0.0003,0.0004,0.0000,0.0000]
	良い:[0.0018,0.0015,0.0014,0.0008]
	新品:[0.0000,0.0001,0.0000,0.0000]
	時間:[0.0014,0.0005,0.0005,0.0011]
	切る:[0.0003,0.0004,0.0001,0.0002]
	長い:[0.0007,0.0019,0.0004,0.0026]
	精神:[0.0002,0.0001,0.0000,0.0000]
	停電:[0.0000,0.0001,0.0000,0.0000]
	的だ:[0.0068,0.0040,0.0029,0.0016]
	思う:[0.0015,0.0029,0.0045,0.0006]
	最初だ:[0.0001,0.0004,0.0004,0.0000]
	使う:[0.0040,0.0035,0.0014,0.0008]
False-Negative

Section:7
	Ｆｌａｇ：：１００１
	５．案外難しい火の消し方
	火の消し方ですが、９割の方がフ～ッと息を吹きかけて消すと思いますが、１番いいのはピンセットを使い火をつまんで消します。
	芯を立てる作業に使いますが消すと同時に立てておけば次回使う時に火がつきやすくなるので一石二鳥ですよ！
Score:0.000212545832042
EACH_TAG_SCORE:
	image:6.46026127763e-05
	table:4.83944804641e-05
	graph:1.77093969877e-05
	flow:8.18393418138e-05
PARA:
Clueword:
	立てる:[0.0001,0.0002,0.0004,0.0006]
	一石二鳥:[0.0000,0.0001,0.0002,0.0000]
	吹きかける:[0.0000,0.0001,0.0003,0.0000]
	消す:[0.0000,0.0006,0.0009,0.0000]
	案外:[0.0000,0.0001,0.0002,0.0000]
	ピンセット:[0.0000,0.0001,0.0002,0.0000]
	思う:[0.0015,0.0029,0.0045,0.0006]
	同時に:[0.0001,0.0001,0.0007,0.0000]
	使う:[0.0040,0.0035,0.0014,0.0008]
	作業:[0.0002,0.0003,0.0017,0.0001]
	難しい:[0.0004,0.0007,0.0002,0.0002]
	次回:[0.0001,0.0002,0.0002,0.0000]
False-Negative

Section:3
	Ｆｌａｇ：：００００
	１．専門店による香り選び
Score:0.000207220942528
EACH_TAG_SCORE:
	image:8.19028344296e-05
	table:9.47368825633e-05
	graph:2.31743667776e-05
	flow:7.4068587573e-06
PARA:
Clueword:
	香る:[0.0001,0.0004,0.0000,0.0000]
	専門:[0.0004,0.0005,0.0002,0.0005]
	選ぶ:[0.0017,0.0010,0.0000,0.0000]
True-Negative

Section:9
	Ｆｌａｇ：：００００
	７．癒された後は、火の始末を。
	使うに当たっての１番重要な事です。
	火の始末です！使う時間帯にもよりますが、多いのは寝る前に付けてそのまま寝てしまったという話をよく聞きますがこれは危険です。
	１時間程度灯した後必ず火を消してから就寝またはお出かけして下さい。
	不安な方にアロマキャンドルは、お部屋だけでなくお風呂でも使っていただけます。
	湯船につかり電気を消してアロマキャンドルをつけるとあたたかい蒸気とともに良い香りも充満し普段のお風呂とはひと味もふた味も違って入っていただけると思います。
	入浴剤でも香りは取り込めますが、部屋の空気の香りだと身体全体が包み込まれているようで、気持ちよくはいれます。
	湯船に浮かべるキャンドルもあるので火の始末には安心して使えます！
	これらの注意を心がけながら心身共に健やかな時間を過ごすことが出来るアロマキャンドルを是非、未体験の方にもお試しできるかと思います。
	このストレス社会から少しの時間でも逃避できるんじゃないかなと感じています。
	自分に合った香り探しから始まり、その日の気分や体調に合わせて精油を変えることのできるちょっとした贅沢なじぶんだけの時間を作ってみてはいかがでしょうか！
	キャンドルからは、マイナスイオンが放出されていますが２００００個／ｃｍといわれていて自宅にいながら森林浴効果です！相乗効果として、キャンドルをつける際には白熱灯の間接照明がよりリラックスできます。
	エステやスパももちろんいいですが、自宅で気軽に出来るアロマキャンドルは現代の必需品といっても過言ではないかと思います♪
Score:0.000197559746487
EACH_TAG_SCORE:
	image:5.69352238801e-05
	table:5.44142151098e-05
	graph:4.06013701334e-05
	flow:4.56089373638e-05
PARA:
Clueword:
	香る:[0.0001,0.0004,0.0000,0.0000]
	気軽だ:[0.0000,0.0000,0.0000,0.0000]
	身体:[0.0001,0.0003,0.0003,0.0005]
	重要だ:[0.0010,0.0005,0.0000,0.0005]
	危険だ:[0.0001,0.0001,0.0000,0.0000]
	心身:[0.0001,0.0001,0.0000,0.0000]
	電気:[0.0000,0.0005,0.0000,0.0000]
	当たる:[0.0002,0.0003,0.0008,0.0000]
	付ける:[0.0002,0.0006,0.0011,0.0002]
	思う:[0.0015,0.0029,0.0045,0.0006]
	必ず:[0.0003,0.0004,0.0005,0.0003]
	合う:[0.0005,0.0006,0.0000,0.0001]
	効果:[0.0021,0.0015,0.0000,0.0006]
	出来る:[0.0006,0.0005,0.0003,0.0002]
	体調:[0.0000,0.0001,0.0000,0.0000]
	多い:[0.0042,0.0032,0.0009,0.0037]
	取る:[0.0012,0.0009,0.0001,0.0003]
	就寝:[0.0000,0.0000,0.0000,0.0003]
	是非:[0.0001,0.0001,0.0000,0.0000]
	探す:[0.0003,0.0002,0.0002,0.0000]
	イオン:[0.0000,0.0001,0.0000,0.0000]
	少し:[0.0007,0.0014,0.0008,0.0002]
	不安だ:[0.0001,0.0002,0.0002,0.0009]
	込む:[0.0008,0.0014,0.0009,0.0005]
	自宅:[0.0001,0.0001,0.0000,0.0000]
	相乗:[0.0000,0.0001,0.0000,0.0000]
	消す:[0.0000,0.0006,0.0009,0.0000]
	程度:[0.0019,0.0013,0.0012,0.0022]
	良い:[0.0018,0.0015,0.0014,0.0008]
	始まる:[0.0003,0.0000,0.0023,0.0001]
	照明:[0.0001,0.0000,0.0000,0.0000]
	寝る:[0.0000,0.0001,0.0000,0.0001]
	部屋:[0.0000,0.0001,0.0000,0.0000]
	空気:[0.0001,0.0003,0.0001,0.0000]
	感じる:[0.0012,0.0014,0.0005,0.0004]
	時間:[0.0014,0.0005,0.0005,0.0011]
	癒す:[0.0001,0.0000,0.0000,0.0000]
	キャンドル:[0.0000,0.0002,0.0000,0.0004]
	下さる:[0.0004,0.0005,0.0000,0.0002]
	社会:[0.0001,0.0005,0.0000,0.0008]
	気持ちよい:[0.0000,0.0000,0.0000,0.0003]
	リラックス:[0.0001,0.0001,0.0000,0.0001]
	ストレス:[0.0002,0.0001,0.0000,0.0000]
	スパ:[0.0000,0.0001,0.0000,0.0000]
	自分:[0.0017,0.0012,0.0020,0.0009]
	過ごす:[0.0001,0.0001,0.0000,0.0000]
	現代:[0.0002,0.0000,0.0000,0.0001]
	入る:[0.0006,0.0014,0.0012,0.0003]
	全体:[0.0004,0.0012,0.0018,0.0005]
	共に:[0.0001,0.0002,0.0001,0.0000]
	気分:[0.0001,0.0002,0.0000,0.0002]
	合わせる:[0.0005,0.0013,0.0001,0.0002]
	使える:[0.0010,0.0006,0.0002,0.0000]
	安心:[0.0002,0.0003,0.0000,0.0001]
	作る:[0.0016,0.0015,0.0027,0.0002]
	注意:[0.0005,0.0012,0.0010,0.0006]
	アロマ:[0.0000,0.0002,0.0000,0.0000]
	包む:[0.0002,0.0002,0.0000,0.0000]
	聞く:[0.0005,0.0001,0.0020,0.0007]
	違う:[0.0015,0.0012,0.0004,0.0010]
	試す:[0.0003,0.0001,0.0000,0.0000]
	マイナス:[0.0010,0.0002,0.0005,0.0063]
	変える:[0.0002,0.0003,0.0000,0.0002]
	使う:[0.0040,0.0035,0.0014,0.0008]
	普段:[0.0000,0.0001,0.0000,0.0000]
True-Negative

Section:2
	Ｆｌａｇ：：１０００
	昨年２０１３年１２月１３日にはフランス発のアロマキャンドル”ディプティック”が東京の青山にオープンしたんです！お店の中にもいい香りが漂っているんでしょうね♪行ってみたいものです。
	こんなおしゃれで素敵な香りのするお店のアロマキャンドルをプレゼントされるとかなりのポイントアップですよね！
Score:0.000116953027195
EACH_TAG_SCORE:
	image:2.94251491793e-05
	table:3.22848178577e-05
	graph:4.92987488612e-05
	flow:5.94431129695e-06
PARA:
Clueword:
	香る:[0.0001,0.0004,0.0000,0.0000]
	青山:[0.0000,0.0001,0.0000,0.0000]
	昨年:[0.0000,0.0001,0.0000,0.0004]
	キャンドル:[0.0000,0.0002,0.0000,0.0004]
	ディプティック:[0.0000,0.0001,0.0000,0.0000]
	行く:[0.0008,0.0006,0.0003,0.0003]
	ポイント:[0.0034,0.0007,0.0000,0.0017]
	フランス:[0.0001,0.0001,0.0000,0.0000]
	素敵だ:[0.0001,0.0001,0.0000,0.0002]
	アロマ:[0.0000,0.0002,0.0000,0.0000]
	東京:[0.0001,0.0010,0.0003,0.0013]
	漂う:[0.0000,0.0001,0.0000,0.0001]
	オープン:[0.0000,0.0001,0.0000,0.0000]
	アップ:[0.0003,0.0009,0.0003,0.0029]
	プレゼント:[0.0001,0.0002,0.0000,0.0003]
False-Negative

Section:4
	Ｆｌａｇ：：０１００
	最初に重要な香り選びです！ラベンダーはリラックスして眠りたい時に良質の眠りをさそう効果があります。
	レモングラスは気分をリフレッシュしたい時に最適です。
	ローズは生理痛や更年期障害にも効果があります。
	オレンジは食欲促進効果があります。
	スイートピーは緊張した心を癒してくれます。
	イランイランやムスクには大人のムードを引き出してくれますね。
Score:9.67079576873e-05
EACH_TAG_SCORE:
	image:3.63583873144e-05
	table:4.50251274559e-05
	graph:1.2111333431e-05
	flow:3.21310948615e-06
PARA:
Clueword:
	気分:[0.0001,0.0002,0.0000,0.0002]
	香る:[0.0001,0.0004,0.0000,0.0000]
	ラベンダー:[0.0001,0.0000,0.0000,0.0000]
	ローズ:[0.0001,0.0000,0.0000,0.0000]
	重要だ:[0.0010,0.0005,0.0000,0.0005]
	スイートピー:[0.0001,0.0000,0.0000,0.0000]
	良質だ:[0.0001,0.0001,0.0002,0.0002]
	引き出す:[0.0001,0.0001,0.0000,0.0000]
	最適だ:[0.0002,0.0001,0.0000,0.0000]
	生理:[0.0001,0.0001,0.0000,0.0000]
	選ぶ:[0.0017,0.0010,0.0000,0.0000]
	大人:[0.0002,0.0001,0.0000,0.0000]
	ムスク:[0.0001,0.0000,0.0000,0.0000]
	癒す:[0.0001,0.0000,0.0000,0.0000]
	オレンジ:[0.0001,0.0011,0.0000,0.0000]
	促進:[0.0002,0.0001,0.0000,0.0000]
	イランイラン:[0.0001,0.0000,0.0000,0.0000]
	リラックス:[0.0001,0.0001,0.0000,0.0001]
	リフレッシュ:[0.0001,0.0000,0.0000,0.0000]
	ムード:[0.0001,0.0000,0.0000,0.0000]
	更年期:[0.0002,0.0001,0.0000,0.0003]
	障害:[0.0006,0.0005,0.0000,0.0002]
	眠る:[0.0001,0.0000,0.0000,0.0000]
	食欲:[0.0001,0.0000,0.0000,0.0000]
	レモングラス:[0.0001,0.0000,0.0000,0.0000]
	最初だ:[0.0001,0.0004,0.0004,0.0000]
	効果:[0.0021,0.0015,0.0000,0.0006]
	緊張:[0.0002,0.0001,0.0000,0.0000]
False-Negative

True-Negative:4
False-Positive:0
True-Positive:0
False-Negative:5
precision = 0.000000
recall = 0.000000
fvalue = 0.000000